-9.431783999603300384e-01 1.282516052312615118e+00
-9.386904893912151326e-01 1.271197052947567352e+00
-9.359539325643269070e-01 1.257175146711843494e+00
-9.346446866852271551e-01 1.239649311812387689e+00
-9.392200036561244580e-01 1.225151923424473654e+00
-9.435245643161838114e-01 1.213907579859429653e+00
-9.468203024237376031e-01 1.205159456103757076e+00
-9.492854684791076636e-01 1.189166817748742666e+00
-9.505913581913797428e-01 1.165063525848888615e+00
-9.518768810051850826e-01 1.139398755326989754e+00
-9.528792576950719795e-01 1.106167908174174652e+00
-9.563421760733884502e-01 1.067569633540532248e+00
-9.619888753580579932e-01 1.025497000568258876e+00
-9.689441618599814454e-01 1.067178355210897100e+00
-9.741412831062006283e-01 1.144112168852310818e+00
-9.704526444922255690e-01 1.223849431834165058e+00
-9.576120274410881983e-01 1.304489778345333306e+00
-9.391735574255160035e-01 1.380708242099081051e+00
-9.226456827568091379e-01 1.449335473833486265e+00
-9.110253287363738739e-01 1.519683511873511028e+00
-9.052910973060560584e-01 1.592452759717785549e+00
-9.032044479747506349e-01 1.668363120883656459e+00
-9.015491870272939190e-01 1.749865318057449493e+00
-9.102172121953768791e-01 1.837768486379941280e+00
-9.288006387678813258e-01 1.929814220514407319e+00
-9.464555550737334677e-01 2.024188412024531036e+00
-9.631810771655435754e-01 2.129858401178552185e+00
-9.893568481604684273e-01 2.275485706539902786e+00
-1.038259717999687526e+00 2.433073129630991538e+00
-1.109236486521964160e+00 2.601548627355401155e+00
-1.188854304937988049e+00 2.786356527828467655e+00
-1.341852330209820199e+00 2.984223648526616479e+00
-1.530151222717329729e+00 3.199461284796692784e+00
-1.764322250714569718e+00 3.444083108495925583e+00
-1.997969678264169380e+00 3.660211316676980076e+00
-2.156579126777248945e+00 3.840596889587809315e+00
-2.330646238255698943e+00 4.047153063896117509e+00
-2.517406968550315316e+00 4.297877620882902150e+00
-2.717283733674514146e+00 4.617720111876879585e+00
-2.937280338410371172e+00 5.045653656910587870e+00
-2.920854605428096384e+00 5.199793054672419146e+00
-2.501634551130890838e+00 4.802924471865355649e+00
-1.733491841096371999e+00 3.946832151231078889e+00
-1.868005074189093007e+00 3.632728626460824284e+00
-1.432395924597008374e+00 2.732200453404472817e+00
-1.082955577091245791e+00 1.959166911798567279e+00
-1.077799760574819521e+00 2.063717458269932692e+00
-9.223239148040024427e-01 2.293581533681255280e+00
-6.561074961676652828e-01 3.123357978849325978e+00
