-7.345797577888170393e-02 2.473278324382093718e+00
-7.212062680672043369e-02 2.457019057398272643e+00
-7.072910623386038931e-02 2.440392620867611662e+00
-6.929622974310964412e-02 2.424075407042228125e+00
-6.781820914863595506e-02 2.406726420920054732e+00
-6.630912574869771148e-02 2.388978250212475007e+00
-6.477362267466019174e-02 2.371504380873881157e+00
-6.318427483232942621e-02 2.353012825251767914e+00
-6.155351151363677720e-02 2.334165631225498139e+00
-5.991808321473571924e-02 2.314723453750662685e+00
-5.821587395261878378e-02 2.293910069620683778e+00
-5.650164942313866401e-02 2.272063891675551339e+00
-5.473505558626273054e-02 2.248889029873656131e+00
-5.284587866738205825e-02 2.225186229480989653e+00
-5.103587063262689932e-02 2.200616834598744020e+00
-4.918293280200716766e-02 2.174123142504339246e+00
-4.732538737910071264e-02 2.146605135964450017e+00
-4.543872526993245758e-02 2.116834634671012516e+00
-4.364306667380407623e-02 2.086935635624267427e+00
-4.185191568792680922e-02 2.055021243091170291e+00
-4.021455618828095185e-02 2.020562080764870316e+00
-3.855750171477034111e-02 1.985876094521228152e+00
-3.688424088575558563e-02 1.949472105512968678e+00
-3.519454590958163293e-02 1.910888552428044118e+00
-3.349495179020112179e-02 1.870363015776184135e+00
-3.177821219698925143e-02 1.826958521141152092e+00
-3.006507476465195006e-02 1.781600055410858197e+00
-2.813022149435447095e-02 1.731829665220250725e+00
-2.621576099623349962e-02 1.686309914387971842e+00
-2.432411214939353070e-02 1.636818823369998732e+00
-2.246702007985583102e-02 1.582285936909153978e+00
-2.065341703620510866e-02 1.522243206900574686e+00
-1.890979211168176619e-02 1.455750821516772708e+00
-1.722385920182109564e-02 1.383392390713397369e+00
-1.562785755563746160e-02 1.302513666958867944e+00
-1.437802837444308000e-02 1.229006031347581462e+00
-1.324620233014199393e-02 1.150750370065275696e+00
-1.217783417175494209e-02 1.066353537504798776e+00
-1.145845353699792429e-01 9.751897585784692346e-01
-3.967049958274689314e-01 8.778594847649381361e-01
-8.432411396195157449e-01 7.727487640422592285e-01
-1.864292709206282206e+00 6.648356507204147281e-01
-2.308593859172323182e+00 5.526022964334611487e-01
-4.033053961242035967e+00 4.266869649773750717e-01
-6.778568754226576232e+00 3.292170947504715617e-01
-6.436716065518792718e+00 2.859444078675016376e-01
-4.531324427415784228e+00 2.526136519606384523e-01
-6.427195237669903527e+00 2.179549367050907238e-01
-2.551968967746216954e+00 1.840568717198443616e-01
