#           k/h    CDM            baryon         photon         nu             mass_nu        total          no_nu          total_de       Weyl           v_CDM          v_b            v_b-v_c     
   1.0537954E-05   7.0512668E+06   7.0512668E+06   9.4001209E+06   1.1068644E+04   7.2915946E+05   7.0513812E+06   7.0512668E+06   0.0000000E+00   0.0000000E+00   0.0000000E+00   0.0000000E+00   0.0000000E+00
   1.1823779E-05   7.0512648E+06   7.0512648E+06   9.3997122E+06   1.1068344E+04   7.2914879E+05   7.0513790E+06   7.0512648E+06   0.0000000E+00   0.0000000E+00   0.0000000E+00   0.0000000E+00   0.0000000E+00
   1.3266498E-05   7.0512622E+06   7.0512622E+06   9.3991977E+06   1.1067966E+04   7.2913536E+05   7.0513762E+06   7.0512622E+06   0.0000000E+00   0.0000000E+00   0.0000000E+00   0.0000000E+00   0.0000000E+00
   1.4885255E-05   7.0512590E+06   7.0512590E+06   9.3985500E+06   1.1067491E+04   7.2911846E+05   7.0513728E+06   7.0512590E+06   0.0000000E+00   0.0000000E+00   0.0000000E+00   0.0000000E+00   0.0000000E+00
   1.6701531E-05   7.0512549E+06   7.0512549E+06   9.3977347E+06   1.1066893E+04   7.2909718E+05   7.0513684E+06   7.0512549E+06   0.0000000E+00   0.0000000E+00   0.0000000E+00   0.0000000E+00   0.0000000E+00
   1.8739426E-05   7.0512498E+06   7.0512498E+06   9.3967083E+06   1.1066139E+04   7.2907040E+05   7.0513629E+06   7.0512498E+06   0.0000000E+00   0.0000000E+00   0.0000000E+00   0.0000000E+00   0.0000000E+00
   2.1025982E-05   7.0512434E+06   7.0512434E+06   9.3954163E+06   1.1065191E+04   7.2903668E+05   7.0513560E+06   7.0512434E+06   0.0000000E+00   0.0000000E+00   0.0000000E+00   0.0000000E+00   0.0000000E+00
   2.3591540E-05   7.0512353E+06   7.0512353E+06   9.3937901E+06   1.1063998E+04   7.2899425E+05   7.0513473E+06   7.0512353E+06   0.0000000E+00   0.0000000E+00   0.0000000E+00   0.0000000E+00   0.0000000E+00
   2.6470143E-05   7.0512251E+06   7.0512251E+06   9.3917432E+06   1.1062495E+04   7.2894085E+05   7.0513364E+06   7.0512251E+06   0.0000000E+00   0.0000000E+00   0.0000000E+00   0.0000000E+00   0.0000000E+00
   2.9699989E-05   7.0512123E+06   7.0512123E+06   9.3891669E+06   1.1060604E+04   7.2887365E+05   7.0513226E+06   7.0512123E+06   0.0000000E+00   0.0000000E+00   0.0000000E+00   0.0000000E+00   0.0000000E+00
   3.3323936E-05   7.0511961E+06   7.0511961E+06   9.3859244E+06   1.1058224E+04   7.2878909E+05   7.0513052E+06   7.0511961E+06   0.0000000E+00   0.0000000E+00   0.0000000E+00   0.0000000E+00   0.0000000E+00
   3.7390071E-05   7.0511758E+06   7.0511758E+06   9.3818440E+06   1.1055229E+04   7.2868270E+05   7.0512834E+06   7.0511758E+06   0.0000000E+00   0.0000000E+00   0.0000000E+00   0.0000000E+00   0.0000000E+00
   4.1952349E-05   7.0511502E+06   7.0511502E+06   9.3767094E+06   1.1051459E+04   7.2854887E+05   7.0512558E+06   7.0511502E+06   0.0000000E+00   0.0000000E+00   0.0000000E+00   0.0000000E+00   0.0000000E+00
   4.7071310E-05   7.0511179E+06   7.0511179E+06   9.3702491E+06   1.1046715E+04   7.2838055E+05   7.0512212E+06   7.0511179E+06   0.0000000E+00   0.0000000E+00   0.0000000E+00   0.0000000E+00   0.0000000E+00
   5.2814879E-05   7.0510774E+06   7.0510774E+06   9.3621222E+06   1.1040746E+04   7.2816892E+05   7.0511776E+06   7.0510774E+06   0.0000000E+00   0.0000000E+00   0.0000000E+00   0.0000000E+00   0.0000000E+00
   5.9259269E-05   7.0510263E+06   7.0510263E+06   9.3519006E+06   1.1033237E+04   7.2790290E+05   7.0511228E+06   7.0510263E+06   0.0000000E+00   0.0000000E+00   0.0000000E+00   0.0000000E+00   0.0000000E+00
   6.6489993E-05   7.0509620E+06   7.0509620E+06   9.3390475E+06   1.1023792E+04   7.2756867E+05   7.0510537E+06   7.0509620E+06   0.0000000E+00   0.0000000E+00   0.0000000E+00   0.0000000E+00   0.0000000E+00
   7.4602999E-05   7.0508811E+06   7.0508811E+06   9.3228904E+06   1.1011914E+04   7.2714895E+05   7.0509668E+06   7.0508811E+06   0.0000000E+00   0.0000000E+00   0.0000000E+00   0.0000000E+00   0.0000000E+00
   8.3705942E-05   7.0507793E+06   7.0507793E+06   9.3025878E+06   1.0996983E+04   7.2662219E+05   7.0508575E+06   7.0507793E+06   0.0000000E+00   0.0000000E+00   0.0000000E+00   0.0000000E+00   0.0000000E+00
   9.3919611E-05   7.0506512E+06   7.0506512E+06   9.2770884E+06   1.0978218E+04   7.2596166E+05   7.0507199E+06   7.0506512E+06   0.0000000E+00   0.0000000E+00   0.0000000E+00   0.0000000E+00   0.0000000E+00
   1.0537954E-04   7.0504901E+06   7.0504901E+06   9.2450816E+06   1.0954646E+04   7.2513421E+05   7.0505468E+06   7.0504901E+06   0.0000000E+00   0.0000000E+00   0.0000000E+00   0.0000000E+00   0.0000000E+00
   1.1823779E-04   7.0502874E+06   7.0502874E+06   9.2049375E+06   1.0925055E+04   7.2409903E+05   7.0503290E+06   7.0502874E+06   0.0000000E+00   0.0000000E+00   0.0000000E+00   0.0000000E+00   0.0000000E+00
   1.3266498E-04   7.0500324E+06   7.0500324E+06   9.1546361E+06   1.0887932E+04   7.2280605E+05   7.0500551E+06   7.0500324E+06   0.0000000E+00   0.0000000E+00   0.0000000E+00   0.0000000E+00   0.0000000E+00
   1.4885255E-04   7.0497118E+06   7.0497118E+06   9.0916844E+06   1.0841404E+04   7.2119441E+05   7.0497107E+06   7.0497118E+06   0.0000000E+00   0.0000000E+00   0.0000000E+00   0.0000000E+00   0.0000000E+00
   1.6701531E-04   7.0493087E+06   7.0493087E+06   9.0130220E+06   1.0783154E+04   7.1919079E+05   7.0492778E+06   7.0493087E+06   0.0000000E+00   0.0000000E+00   0.0000000E+00   0.0000000E+00   0.0000000E+00
   1.8739426E-04   7.0488023E+06   7.0488023E+06   8.9149190E+06   1.0710337E+04   7.1670802E+05   7.0487339E+06   7.0488023E+06   0.0000000E+00   0.0000000E+00   0.0000000E+00   0.0000000E+00   0.0000000E+00
   2.1025982E-04   7.0481663E+06   7.0481663E+06   8.7928700E+06   1.0619472E+04   7.1364432E+05   7.0480509E+06   7.0481663E+06   0.0000000E+00   0.0000000E+00   0.0000000E+00   0.0000000E+00   0.0000000E+00
   2.3591540E-04   7.0473680E+06   7.0473680E+06   8.6414994E+06   1.0506350E+04   7.0988367E+05   7.0471937E+06   7.0473680E+06   0.0000000E+00   0.0000000E+00   0.0000000E+00   0.0000000E+00   0.0000000E+00
   2.6470143E-04   7.0463668E+06   7.0463668E+06   8.4544954E+06   1.0365924E+04   7.0529837E+05   7.0461186E+06   7.0463668E+06   0.0000000E+00   0.0000000E+00   0.0000000E+00   0.0000000E+00   0.0000000E+00
   2.9699989E-04   7.0451122E+06   7.0451122E+06   8.2246099E+06   1.0192241E+04   6.9975514E+05   7.0447717E+06   7.0451122E+06   0.0000000E+00   0.0000000E+00   0.0000000E+00   0.0000000E+00   0.0000000E+00
   3.3323936E-04   7.0435420E+06   7.0435420E+06   7.9437749E+06   9.9784113E+03   6.9312653E+05   7.0430864E+06   7.0435420E+06   0.0000000E+00   0.0000000E+00   0.0000000E+00   0.0000000E+00   0.0000000E+00
   3.7390071E-04   7.0415797E+06   7.0415797E+06   7.6034144E+06   9.7166831E+03   6.8531004E+05   7.0409806E+06   7.0415797E+06   0.0000000E+00   0.0000000E+00   0.0000000E+00   0.0000000E+00   0.0000000E+00
   4.1952349E-04   7.0391317E+06   7.0391317E+06   7.1950591E+06   9.3986708E+03   6.7625718E+05   7.0383544E+06   7.0391317E+06   0.0000000E+00   0.0000000E+00   0.0000000E+00   0.0000000E+00   0.0000000E+00
   4.7071310E-04   7.0360844E+06   7.0360844E+06   6.7113954E+06   9.0158402E+03   6.6601384E+05   7.0350867E+06   7.0360844E+06   0.0000000E+00   0.0000000E+00   0.0000000E+00   0.0000000E+00   0.0000000E+00
   5.2814879E-04   7.0323014E+06   7.0323014E+06   6.1478955E+06   8.5603569E+03   6.5477013E+05   7.0310321E+06   7.0323014E+06   0.0000000E+00   0.0000000E+00   0.0000000E+00   0.0000000E+00   0.0000000E+00
   5.9259269E-04   7.0276199E+06   7.0276199E+06   5.5051307E+06   8.0264231E+03   6.4291065E+05   7.0260179E+06   7.0276199E+06   0.0000000E+00   0.0000000E+00   0.0000000E+00   0.0000000E+00   0.0000000E+00
   6.6489993E-04   7.0218488E+06   7.0218488E+06   4.7917313E+06   7.4121928E+03   6.3104277E+05   7.0198419E+06   7.0218488E+06   0.0000000E+00   0.0000000E+00   0.0000000E+00   0.0000000E+00   0.0000000E+00
   7.4602999E-04   7.0147663E+06   7.0147663E+06   4.0276335E+06   6.7222418E+03   6.1996056E+05   7.0122708E+06   7.0147663E+06   0.0000000E+00   0.0000000E+00   0.0000000E+00   0.0000000E+00   0.0000000E+00
   8.3705942E-04   7.0061186E+06   7.0061186E+06   3.2466697E+06   5.9703088E+03   6.1047894E+05   7.0030404E+06   7.0061186E+06   0.0000000E+00   0.0000000E+00   0.0000000E+00   0.0000000E+00   0.0000000E+00
   9.3919611E-04   6.9956204E+06   6.9956204E+06   2.4967279E+06   5.1815701E+03   6.0306563E+05   6.9918560E+06   6.9956204E+06   0.0000000E+00   0.0000000E+00   0.0000000E+00   0.0000000E+00   0.0000000E+00
   1.0537954E-03   6.9829540E+06   6.9829540E+06   1.8348864E+06   4.3930793E+03   5.9724934E+05   6.9783950E+06   6.9829540E+06   0.0000000E+00   0.0000000E+00   0.0000000E+00   0.0000000E+00   0.0000000E+00
   1.1823779E-03   6.9677680E+06   6.9677680E+06   1.3149697E+06   3.6504409E+03   5.9095934E+05   6.9623079E+06   6.9677680E+06   0.0000000E+00   0.0000000E+00   0.0000000E+00   0.0000000E+00   0.0000000E+00
   1.3266498E-03   6.9496738E+06   6.9496738E+06   9.6743639E+05   2.9989531E+03   5.8029935E+05   6.9432166E+06   6.9496738E+06   0.0000000E+00   0.0000000E+00   0.0000000E+00   0.0000000E+00   0.0000000E+00
   1.4885255E-03   6.9282365E+06   6.9282365E+06   7.7808046E+05   2.4694643E+03   5.6063582E+05   6.9207084E+06   6.9282365E+06   0.0000000E+00   0.0000000E+00   0.0000000E+00   0.0000000E+00   0.0000000E+00
   1.6701531E-03   6.9029665E+06   6.9029665E+06   6.8164307E+05   2.0639174E+03   5.2968543E+05   6.8943266E+06   6.9029665E+06   0.0000000E+00   0.0000000E+00   0.0000000E+00   0.0000000E+00   0.0000000E+00
   1.8739426E-03   6.8733157E+06   6.8733157E+06   5.9011920E+05   1.7514566E+03   4.9146459E+05   6.8635634E+06   6.8733157E+06   0.0000000E+00   0.0000000E+00   0.0000000E+00   0.0000000E+00   0.0000000E+00
   2.1025982E-03   6.8386909E+06   6.8386909E+06   4.5510323E+05   1.4861008E+03   4.5647091E+05   6.8278645E+06   6.8386909E+06   0.0000000E+00   0.0000000E+00   0.0000000E+00   0.0000000E+00   0.0000000E+00
   2.3591540E-03   6.7984821E+06   6.7984821E+06   3.1252340E+05   1.2410737E+03   4.3282672E+05   6.7866454E+06   6.7984821E+06   0.0000000E+00   0.0000000E+00   0.0000000E+00   0.0000000E+00   0.0000000E+00
   2.6470143E-03   6.7520819E+06   6.7520819E+06   2.3232703E+05   1.0268263E+03   4.1417539E+05   6.7393015E+06   6.7520819E+06   0.0000000E+00   0.0000000E+00   0.0000000E+00   0.0000000E+00   0.0000000E+00
   2.9699989E-03   6.6988653E+06   6.6988653E+06   2.0431536E+05   8.6103756E+02   3.8662639E+05   6.6851894E+06   6.6988653E+06   0.0000000E+00   0.0000000E+00   0.0000000E+00   0.0000000E+00   0.0000000E+00
   3.3323936E-03   6.6381514E+06   6.6381514E+06   1.5721514E+05   7.2836299E+02   3.5520734E+05   6.6236047E+06   6.6381514E+06   0.0000000E+00   0.0000000E+00   0.0000000E+00   0.0000000E+00   0.0000000E+00
   3.7390071E-03   6.5692116E+06   6.5692116E+06   1.1199847E+05   6.0738474E+02   3.3258709E+05   6.5538105E+06   6.5692116E+06   0.0000000E+00   0.0000000E+00   0.0000000E+00   0.0000000E+00   0.0000000E+00
   4.1952349E-03   6.4912994E+06   6.4912994E+06   1.0209206E+05   5.0717298E+02   3.0378708E+05   6.4750730E+06   6.4912994E+06   0.0000000E+00   0.0000000E+00   0.0000000E+00   0.0000000E+00   0.0000000E+00
   4.7071310E-03   6.4036358E+06   6.4036358E+06   7.2814435E+04   4.2341278E+02   2.7382477E+05   6.3866381E+06   6.4036358E+06   0.0000000E+00   0.0000000E+00   0.0000000E+00   0.0000000E+00   0.0000000E+00
   5.2814879E-03   6.3054413E+06   6.3054413E+06   6.0519131E+04   3.4936357E+02   2.4933345E+05   6.2877588E+06   6.3054413E+06   0.0000000E+00   0.0000000E+00   0.0000000E+00   0.0000000E+00   0.0000000E+00
   5.9259269E-03   6.1959552E+06   6.1959552E+06   4.2481667E+04   2.8800318E+02   2.2286802E+05   6.1776987E+06   6.1959552E+06   0.0000000E+00   0.0000000E+00   0.0000000E+00   0.0000000E+00   0.0000000E+00
   6.6489993E-03   6.0744061E+06   6.0744061E+06   3.7249817E+04   2.3613475E+02   1.9880565E+05   6.0556663E+06   6.0744061E+06   0.0000000E+00   0.0000000E+00   0.0000000E+00   0.0000000E+00   0.0000000E+00
   7.4602999E-03   5.9400045E+06   5.9400045E+06   2.7255874E+04   1.9210865E+02   1.7638348E+05   5.9208794E+06   5.9400045E+06   0.0000000E+00   0.0000000E+00   0.0000000E+00   0.0000000E+00   0.0000000E+00
   8.3705942E-03   5.7919784E+06   5.7919784E+06   1.9815283E+04   1.5557951E+02   1.5405311E+05   5.7726180E+06   5.7919784E+06   0.0000000E+00   0.0000000E+00   0.0000000E+00   0.0000000E+00   0.0000000E+00
   9.3919611E-03   5.6295647E+06   5.6295647E+06   1.5700975E+04   1.2525526E+02   1.3355310E+05   5.6100872E+06   5.6295647E+06   0.0000000E+00   0.0000000E+00   0.0000000E+00   0.0000000E+00   0.0000000E+00
   1.0537954E-02   5.4520029E+06   5.4520029E+06   1.2200519E+04   1.0001506E+02   1.1508292E+05   5.4325526E+06   5.4520029E+06   0.0000000E+00   0.0000000E+00   0.0000000E+00   0.0000000E+00   0.0000000E+00
   1.1823779E-02   5.2585607E+06   5.2585607E+06   9.0853488E+03   7.9284478E+01   9.8828449E+04   5.2392766E+06   5.2585607E+06   0.0000000E+00   0.0000000E+00   0.0000000E+00   0.0000000E+00   0.0000000E+00
   1.3266498E-02   5.0485701E+06   5.0485701E+06   7.0915951E+03   6.2338536E+01   8.4404503E+04   5.0296010E+06   5.0485701E+06   0.0000000E+00   0.0000000E+00   0.0000000E+00   0.0000000E+00   0.0000000E+00
   1.4885255E-02   4.8214955E+06   4.8214955E+06   5.7993952E+03   4.8660909E+01   7.0686511E+04   4.8029828E+06   4.8214955E+06   0.0000000E+00   0.0000000E+00   0.0000000E+00   0.0000000E+00   0.0000000E+00
   1.6701531E-02   4.5770542E+06   4.5770542E+06   3.9715022E+03   3.7642824E+01   5.9188841E+04   4.5591441E+06   4.5770542E+06   0.0000000E+00   0.0000000E+00   0.0000000E+00   0.0000000E+00   0.0000000E+00
   1.8739426E-02   4.3154143E+06   4.3154143E+06   3.0856728E+03   2.8855922E+01   4.8667355E+04   4.2982457E+06   4.3154143E+06   0.0000000E+00   0.0000000E+00   0.0000000E+00   0.0000000E+00   0.0000000E+00
   2.1025981E-02   4.0374823E+06   4.0374823E+06   2.3376856E+03   2.1891208E+01   3.9935881E+04   4.0211860E+06   4.0374823E+06   0.0000000E+00   0.0000000E+00   0.0000000E+00   0.0000000E+00   0.0000000E+00
   2.3591515E-02   3.7452982E+06   3.7452982E+06   1.6577227E+03   1.6429315E+01   3.2513400E+04   3.7299906E+06   3.7452982E+06   0.0000000E+00   0.0000000E+00   0.0000000E+00   0.0000000E+00   0.0000000E+00
   2.6469777E-02   3.4425296E+06   3.4425296E+06   1.2619702E+03   1.2189954E+01   2.6370508E+04   3.4283068E+06   3.4425296E+06   0.0000000E+00   0.0000000E+00   0.0000000E+00   0.0000000E+00   0.0000000E+00
   2.9696307E-02   3.1351074E+06   3.1351074E+06   8.6906915E+02   8.9499955E+00   2.1054629E+04   3.1220344E+06   3.1351074E+06   0.0000000E+00   0.0000000E+00   0.0000000E+00   0.0000000E+00   0.0000000E+00
   3.3297505E-02   2.8322374E+06   2.8322374E+06   6.3018560E+02   6.5123806E+00   1.6784725E+04   2.8203339E+06   2.8322374E+06   0.0000000E+00   0.0000000E+00   0.0000000E+00   0.0000000E+00   0.0000000E+00
   3.7251094E-02   2.5478597E+06   2.5478597E+06   4.8121018E+02   4.7304857E+00   1.3342777E+04   2.5370808E+06   2.5478597E+06   0.0000000E+00   0.0000000E+00   0.0000000E+00   0.0000000E+00   0.0000000E+00
   4.1413906E-02   2.2998803E+06   2.2998803E+06   3.2677132E+02   3.4817863E+00   1.0818655E+04   2.2900989E+06   2.2998803E+06   0.0000000E+00   0.0000000E+00   0.0000000E+00   0.0000000E+00   0.0000000E+00
   4.5525600E-02   2.1013399E+06   2.1013399E+06   2.6505232E+02   2.6463577E+00   8.9671036E+03   2.0923663E+06   2.1013399E+06   0.0000000E+00   0.0000000E+00   0.0000000E+00   0.0000000E+00   0.0000000E+00
   4.9387658E-02   1.9503403E+06   1.9503403E+06   1.9730752E+02   2.0937821E+00   7.6949723E+03   1.9419860E+06   1.9503403E+06   0.0000000E+00   0.0000000E+00   0.0000000E+00   0.0000000E+00   0.0000000E+00
   5.2967249E-02   1.8349466E+06   1.8349466E+06   1.6045086E+02   1.7156398E+00   6.8040287E+03   1.8270681E+06   1.8349466E+06   0.0000000E+00   0.0000000E+00   0.0000000E+00   0.0000000E+00   0.0000000E+00
   5.6318195E-02   1.7432136E+06   1.7432136E+06   1.3782233E+02   1.4433696E+00   6.1186433E+03   1.7357150E+06   1.7432136E+06   0.0000000E+00   0.0000000E+00   0.0000000E+00   0.0000000E+00   0.0000000E+00
   5.9505773E-02   1.6665029E+06   1.6665029E+06   1.2212435E+02   1.2368357E+00   5.6015546E+03   1.6593234E+06   1.6665029E+06   0.0000000E+00   0.0000000E+00   0.0000000E+00   0.0000000E+00   0.0000000E+00
   6.2583763E-02   1.5990412E+06   1.5990412E+06   1.0150915E+02   1.0736089E+00   5.1779271E+03   1.5921435E+06   1.5990412E+06   0.0000000E+00   0.0000000E+00   0.0000000E+00   0.0000000E+00   0.0000000E+00
   6.5592900E-02   1.5369962E+06   1.5369962E+06   9.0578780E+01   9.4024060E-01   4.7731937E+03   1.5303589E+06   1.5369962E+06   0.0000000E+00   0.0000000E+00   0.0000000E+00   0.0000000E+00   0.0000000E+00
   6.8563812E-02   1.4778277E+06   1.4778277E+06   7.9154905E+01   8.2810673E-01   4.4681326E+03   1.4714397E+06   1.4778277E+06   0.0000000E+00   0.0000000E+00   0.0000000E+00   0.0000000E+00   0.0000000E+00
   7.1519949E-02   1.4198983E+06   1.4198983E+06   7.0280816E+01   7.3212961E-01   4.1378124E+03   1.4137555E+06   1.4198983E+06   0.0000000E+00   0.0000000E+00   0.0000000E+00   0.0000000E+00   0.0000000E+00
   7.4479741E-02   1.3622454E+06   1.3622454E+06   6.1747518E+01   6.4856953E-01   3.8894318E+03   1.3563475E+06   1.3622454E+06   0.0000000E+00   0.0000000E+00   0.0000000E+00   0.0000000E+00   0.0000000E+00
   7.7458096E-02   1.3044389E+06   1.3044389E+06   5.4745140E+01   5.7522287E-01   3.6004277E+03   1.2987874E+06   1.3044389E+06   0.0000000E+00   0.0000000E+00   0.0000000E+00   0.0000000E+00   0.0000000E+00
   8.0467419E-02   1.2464829E+06   1.2464829E+06   4.9294306E+01   5.1020493E-01   3.3835572E+03   1.2410790E+06   1.2464829E+06   0.0000000E+00   0.0000000E+00   0.0000000E+00   0.0000000E+00   0.0000000E+00
   8.3518315E-02   1.1887326E+06   1.1887326E+06   4.1644140E+01   4.5261218E-01   3.1370114E+03   1.1835761E+06   1.1887326E+06   0.0000000E+00   0.0000000E+00   0.0000000E+00   0.0000000E+00   0.0000000E+00
   8.6620078E-02   1.1318130E+06   1.1318130E+06   3.9323209E+01   4.0148051E-01   2.9253911E+03   1.1269008E+06   1.1318130E+06   0.0000000E+00   0.0000000E+00   0.0000000E+00   0.0000000E+00   0.0000000E+00
   8.9781043E-02   1.0765306E+06   1.0765306E+06   3.3695270E+01   3.5615537E-01   2.7384065E+03   1.0718560E+06   1.0765306E+06   0.0000000E+00   0.0000000E+00   0.0000000E+00   0.0000000E+00   0.0000000E+00
   9.3008836E-02   1.0237734E+06   1.0237734E+06   2.8918268E+01   3.1620737E-01   2.5477230E+03   1.0193259E+06   1.0237734E+06   0.0000000E+00   0.0000000E+00   0.0000000E+00   0.0000000E+00   0.0000000E+00
   9.6310557E-02   9.7440322E+05   9.7440322E+05   2.6053219E+01   2.8113654E-01   2.3748104E+03   9.7016836E+05   9.7440322E+05   0.0000000E+00   0.0000000E+00   0.0000000E+00   0.0000000E+00   0.0000000E+00
   9.9692920E-02   9.2914224E+05   9.2914224E+05   2.3631153E+01   2.5048901E-01   2.2249084E+03   9.2510249E+05   9.2914224E+05   0.0000000E+00   0.0000000E+00   0.0000000E+00   0.0000000E+00   0.0000000E+00
   1.0316235E-01   8.8846664E+05   8.8846664E+05   2.1237087E+01   2.2384329E-01   2.0929400E+03   8.8460231E+05   8.8846664E+05   0.0000000E+00   0.0000000E+00   0.0000000E+00   0.0000000E+00   0.0000000E+00
   1.0672508E-01   8.5251726E+05   8.5251726E+05   1.8895847E+01   2.0070855E-01   1.9773360E+03   8.4880801E+05   8.5251726E+05   0.0000000E+00   0.0000000E+00   0.0000000E+00   0.0000000E+00   0.0000000E+00
   1.1038719E-01   8.2104322E+05   8.2104322E+05   1.6688391E+01   1.8062247E-01   1.8775953E+03   8.1746974E+05   8.2104322E+05   0.0000000E+00   0.0000000E+00   0.0000000E+00   0.0000000E+00   0.0000000E+00
   1.1415464E-01   7.9339218E+05   7.9339218E+05   1.4915514E+01   1.6307996E-01   1.7935680E+03   7.8993800E+05   7.9339218E+05   0.0000000E+00   0.0000000E+00   0.0000000E+00   0.0000000E+00   0.0000000E+00
   1.1803337E-01   7.6855868E+05   7.6855868E+05   1.4088789E+01   1.4761384E-01   1.7170217E+03   7.6521166E+05   7.6855868E+05   0.0000000E+00   0.0000000E+00   0.0000000E+00   0.0000000E+00   0.0000000E+00
   1.2202924E-01   7.4529481E+05   7.4529481E+05   1.2698689E+01   1.3380272E-01   1.6366884E+03   7.4204823E+05   7.4529481E+05   0.0000000E+00   0.0000000E+00   0.0000000E+00   0.0000000E+00   0.0000000E+00
   1.2614813E-01   7.2227773E+05   7.2227773E+05   1.1402945E+01   1.2124736E-01   1.5736585E+03   7.1913062E+05   7.2227773E+05   0.0000000E+00   0.0000000E+00   0.0000000E+00   0.0000000E+00   0.0000000E+00
   1.3039588E-01   6.9831543E+05   6.9831543E+05   1.0180752E+01   1.0967614E-01   1.4986567E+03   6.9527201E+05   6.9831543E+05   0.0000000E+00   0.0000000E+00   0.0000000E+00   0.0000000E+00   0.0000000E+00
   1.3477839E-01   6.7255917E+05   6.7255917E+05   9.5204415E+00   9.8892131E-02   1.4279168E+03   6.6962734E+05   6.7255917E+05   0.0000000E+00   0.0000000E+00   0.0000000E+00   0.0000000E+00   0.0000000E+00
   1.3930154E-01   6.4468004E+05   6.4468004E+05   8.5920665E+00   8.8805493E-02   1.3564447E+03   6.4186915E+05   6.4468004E+05   0.0000000E+00   0.0000000E+00   0.0000000E+00   0.0000000E+00   0.0000000E+00
   1.4397127E-01   6.1496397E+05   6.1496397E+05   7.6680679E+00   7.9408117E-02   1.2812668E+03   6.1228212E+05   6.1496397E+05   0.0000000E+00   0.0000000E+00   0.0000000E+00   0.0000000E+00   0.0000000E+00
   1.4879354E-01   5.8428590E+05   5.8428590E+05   6.7995702E+00   7.0751044E-02   1.2043115E+03   5.8173736E+05   5.8428590E+05   0.0000000E+00   0.0000000E+00   0.0000000E+00   0.0000000E+00   0.0000000E+00
   1.5377436E-01   5.5394485E+05   5.5394485E+05   5.8473816E+00   6.2908767E-02   1.1308709E+03   5.5152823E+05   5.5394485E+05   0.0000000E+00   0.0000000E+00   0.0000000E+00   0.0000000E+00   0.0000000E+00
   1.5891980E-01   5.2537415E+05   5.2537415E+05   5.2045753E+00   5.5941085E-02   1.0660579E+03   5.2308179E+05   5.2537415E+05   0.0000000E+00   0.0000000E+00   0.0000000E+00   0.0000000E+00   0.0000000E+00
   1.6423597E-01   4.9978094E+05   4.9978094E+05   4.6999485E+00   4.9867718E-02   1.0032327E+03   4.9759991E+05   4.9978094E+05   0.0000000E+00   0.0000000E+00   0.0000000E+00   0.0000000E+00   0.0000000E+00
   1.6972907E-01   4.7780471E+05   4.7780471E+05   4.2481044E+00   4.4639179E-02   9.5398737E+02   4.7571928E+05   4.7780471E+05   0.0000000E+00   0.0000000E+00   0.0000000E+00   0.0000000E+00   0.0000000E+00
   1.7540537E-01   4.5930152E+05   4.5930152E+05   3.7467359E+00   4.0151668E-02   9.1060072E+02   4.5729657E+05   4.5930152E+05   0.0000000E+00   0.0000000E+00   0.0000000E+00   0.0000000E+00   0.0000000E+00
   1.8127124E-01   4.4334518E+05   4.4334518E+05   3.3923619E+00   3.6248080E-02   8.7286082E+02   4.4140964E+05   4.4334518E+05   0.0000000E+00   0.0000000E+00   0.0000000E+00   0.0000000E+00   0.0000000E+00
   1.8733317E-01   4.2848247E+05   4.2848247E+05   3.1263140E+00   3.2767371E-02   8.3747282E+02   4.2661158E+05   4.2848247E+05   0.0000000E+00   0.0000000E+00   0.0000000E+00   0.0000000E+00   0.0000000E+00
   1.9359780E-01   4.1319361E+05   4.1319361E+05   2.7728542E+00   2.9566385E-02   8.0133078E+02   4.1138927E+05   4.1319361E+05   0.0000000E+00   0.0000000E+00   0.0000000E+00   0.0000000E+00   0.0000000E+00
   2.0007191E-01   3.9641870E+05   3.9641870E+05   2.5061408E+00   2.6560820E-02   7.6556487E+02   3.9468742E+05   3.9641870E+05   0.0000000E+00   0.0000000E+00   0.0000000E+00   0.0000000E+00   0.0000000E+00
   2.0676253E-01   3.7795246E+05   3.7795246E+05   2.1953968E+00   2.3729629E-02   7.2517903E+02   3.7630166E+05   3.7795246E+05   0.0000000E+00   0.0000000E+00   0.0000000E+00   0.0000000E+00   0.0000000E+00
   2.1367691E-01   3.5852525E+05   3.5852525E+05   1.9609353E+00   2.1103057E-02   6.8386460E+02   3.5695916E+05   3.5852525E+05   0.0000000E+00   0.0000000E+00   0.0000000E+00   0.0000000E+00   0.0000000E+00
   2.2082260E-01   3.3949302E+05   3.3949302E+05   1.7307503E+00   1.8733623E-02   6.4455585E+02   3.3800992E+05   3.3949302E+05   0.0000000E+00   0.0000000E+00   0.0000000E+00   0.0000000E+00   0.0000000E+00
   2.2820753E-01   3.2222961E+05   3.2222961E+05   1.5592824E+00   1.6660893E-02   6.0948478E+02   3.2082182E+05   3.2222961E+05   0.0000000E+00   0.0000000E+00   0.0000000E+00   0.0000000E+00   0.0000000E+00
   2.3584002E-01   3.0748063E+05   3.0748063E+05   1.3900656E+00   1.4885635E-02   5.7822059E+02   3.0613716E+05   3.0748063E+05   0.0000000E+00   0.0000000E+00   0.0000000E+00   0.0000000E+00   0.0000000E+00
   2.4372892E-01   2.9500294E+05   2.9500294E+05   1.2649393E+00   1.3363040E-02   5.5267035E+02   2.9371390E+05   2.9500294E+05   0.0000000E+00   0.0000000E+00   0.0000000E+00   0.0000000E+00   0.0000000E+00
   2.5188366E-01   2.8371065E+05   2.8371065E+05   1.1377264E+00   1.2022350E-02   5.2956083E+02   2.8247086E+05   2.8371065E+05   0.0000000E+00   0.0000000E+00   0.0000000E+00   0.0000000E+00   0.0000000E+00
   2.6031438E-01   2.7228972E+05   2.7228972E+05   1.0206199E+00   1.0798359E-02   5.0606401E+02   2.7109976E+05   2.7228972E+05   0.0000000E+00   0.0000000E+00   0.0000000E+00   0.0000000E+00   0.0000000E+00
   2.6903201E-01   2.5995392E+05   2.5995392E+05   8.9696359E-01   9.6540181E-03   4.8161509E+02   2.5881779E+05   2.5995392E+05   0.0000000E+00   0.0000000E+00   0.0000000E+00   0.0000000E+00   0.0000000E+00
   2.7804846E-01   2.4687978E+05   2.4687978E+05   8.0404748E-01   8.5899372E-03   4.5562996E+02   2.4580074E+05   2.4687978E+05   0.0000000E+00   0.0000000E+00   0.0000000E+00   0.0000000E+00   0.0000000E+00
   2.8737676E-01   2.3401597E+05   2.3401597E+05   7.1415149E-01   7.6284376E-03   4.3054499E+02   2.3299309E+05   2.3401597E+05   0.0000000E+00   0.0000000E+00   0.0000000E+00   0.0000000E+00   0.0000000E+00
   2.9703121E-01   2.2236777E+05   2.2236777E+05   6.3112154E-01   6.7874857E-03   4.0800227E+02   2.2139575E+05   2.2236777E+05   0.0000000E+00   0.0000000E+00   0.0000000E+00   0.0000000E+00   0.0000000E+00
   3.0702767E-01   2.1225819E+05   2.1225819E+05   5.7120275E-01   6.0620979E-03   3.8836992E+02   2.1133032E+05   2.1225819E+05   0.0000000E+00   0.0000000E+00   0.0000000E+00   0.0000000E+00   0.0000000E+00
   3.1738376E-01   2.0313381E+05   2.0313381E+05   5.0902874E-01   5.4262175E-03   3.7075129E+02   2.0224579E+05   2.0313381E+05   0.0000000E+00   0.0000000E+00   0.0000000E+00   0.0000000E+00   0.0000000E+00
   3.2811919E-01   1.9408445E+05   1.9408445E+05   4.5660761E-01   4.8498204E-03   3.5324498E+02   1.9323595E+05   1.9408445E+05   0.0000000E+00   0.0000000E+00   0.0000000E+00   0.0000000E+00   0.0000000E+00
   3.3925612E-01   1.8463903E+05   1.8463903E+05   4.0260764E-01   4.3169216E-03   3.3526000E+02   1.8383179E+05   1.8463903E+05   0.0000000E+00   0.0000000E+00   0.0000000E+00   0.0000000E+00   0.0000000E+00
   3.5081960E-01   1.7511653E+05   1.7511653E+05   3.5779318E-01   3.8308238E-03   3.1721888E+02   1.7435090E+05   1.7511653E+05   0.0000000E+00   0.0000000E+00   0.0000000E+00   0.0000000E+00   0.0000000E+00
   3.6283813E-01   1.6619869E+05   1.6619869E+05   3.1705139E-01   3.3997434E-03   3.0046304E+02   1.6547201E+05   1.6619869E+05   0.0000000E+00   0.0000000E+00   0.0000000E+00   0.0000000E+00   0.0000000E+00
   3.7534429E-01   1.5817209E+05   1.5817209E+05   2.8267156E-01   3.0231003E-03   2.8529540E+02   1.5748049E+05   1.5817209E+05   0.0000000E+00   0.0000000E+00   0.0000000E+00   0.0000000E+00   0.0000000E+00
   3.8837561E-01   1.5066472E+05   1.5066472E+05   2.5120453E-01   2.6890123E-03   2.7125981E+02   1.5000592E+05   1.5066472E+05   0.0000000E+00   0.0000000E+00   0.0000000E+00   0.0000000E+00   0.0000000E+00
   4.0197555E-01   1.4315963E+05   1.4315963E+05   2.2378090E-01   2.3852275E-03   2.5732292E+02   1.4253362E+05   1.4315963E+05   0.0000000E+00   0.0000000E+00   0.0000000E+00   0.0000000E+00   0.0000000E+00
   4.1619488E-01   1.3562478E+05   1.3562478E+05   1.9753463E-01   2.1082042E-03   2.4336763E+02   1.3503170E+05   1.3562478E+05   0.0000000E+00   0.0000000E+00   0.0000000E+00   0.0000000E+00   0.0000000E+00
   4.3109333E-01   1.2843757E+05   1.2843757E+05   1.7427892E-01   1.8611962E-03   2.3009644E+02   1.2787591E+05   1.2843757E+05   0.0000000E+00   0.0000000E+00   0.0000000E+00   0.0000000E+00   0.0000000E+00
   4.4674183E-01   1.2175766E+05   1.2175766E+05   1.5380112E-01   1.6428917E-03   2.1780424E+02   1.2122520E+05   1.2175766E+05   0.0000000E+00   0.0000000E+00   0.0000000E+00   0.0000000E+00   0.0000000E+00
   4.6322541E-01   1.1531681E+05   1.1531681E+05   1.3537450E-01   1.4471278E-03   2.0598218E+02   1.1481251E+05   1.1531681E+05   0.0000000E+00   0.0000000E+00   0.0000000E+00   0.0000000E+00   0.0000000E+00
   4.8064713E-01   1.0891582E+05   1.0891582E+05   1.1884034E-01   1.2696269E-03   1.9426412E+02   1.0843950E+05   1.0891582E+05   0.0000000E+00   0.0000000E+00   0.0000000E+00   0.0000000E+00   0.0000000E+00
   4.9913337E-01   1.0270984E+05   1.0270984E+05   1.0393089E-01   1.1103145E-03   1.8297317E+02   1.0226064E+05   1.0270984E+05   0.0000000E+00   0.0000000E+00   0.0000000E+00   0.0000000E+00   0.0000000E+00
   5.1884122E-01   9.6794314E+04   9.6794314E+04   9.0592839E-02   9.6839615E-04   1.7221183E+02   9.6370984E+04   9.6794314E+04   0.0000000E+00   0.0000000E+00   0.0000000E+00   0.0000000E+00   0.0000000E+00
   5.3996884E-01   9.1003433E+04   9.1003433E+04   7.8637901E-02   8.4060330E-04   1.6171513E+02   9.0605421E+04   9.1003433E+04   0.0000000E+00   0.0000000E+00   0.0000000E+00   0.0000000E+00   0.0000000E+00
   5.6277036E-01   8.5299338E+04   8.5299338E+04   6.7850894E-02   7.2544888E-04   1.5138783E+02   8.4926266E+04   8.5299338E+04   0.0000000E+00   0.0000000E+00   0.0000000E+00   0.0000000E+00   0.0000000E+00
   5.8757766E-01   7.9754625E+04   7.9754625E+04   5.8186257E-02   6.2224225E-04   1.4139343E+02   7.9405797E+04   7.9754625E+04   0.0000000E+00   0.0000000E+00   0.0000000E+00   0.0000000E+00   0.0000000E+00
   6.1483300E-01   7.4280176E+04   7.4280176E+04   4.9502097E-02   5.2930169E-04   1.3154459E+02   7.3955287E+04   7.4280176E+04   0.0000000E+00   0.0000000E+00   0.0000000E+00   0.0000000E+00   0.0000000E+00
   6.4513854E-01   6.8854165E+04   6.8854165E+04   4.1673541E-02   4.4562170E-04   1.2181306E+02   6.8553003E+04   6.8854165E+04   0.0000000E+00   0.0000000E+00   0.0000000E+00   0.0000000E+00   0.0000000E+00
   6.7933255E-01   6.3456887E+04   6.3456887E+04   3.4640754E-02   3.7039982E-04   1.1215216E+02   6.3179327E+04   6.3456887E+04   0.0000000E+00   0.0000000E+00   0.0000000E+00   0.0000000E+00   0.0000000E+00
   7.1860640E-01   5.8034899E+04   5.8034899E+04   2.8311693E-02   3.0274450E-04   1.0246530E+02   5.7781051E+04   5.8034899E+04   0.0000000E+00   0.0000000E+00   0.0000000E+00   0.0000000E+00   0.0000000E+00
   7.6467725E-01   5.2555099E+04   5.2555099E+04   2.2642043E-02   2.4212385E-04   9.2708390E+01   5.2325216E+04   5.2555099E+04   0.0000000E+00   0.0000000E+00   0.0000000E+00   0.0000000E+00   0.0000000E+00
   8.2001011E-01   4.6982860E+04   4.6982860E+04   1.7601907E-02   1.8823522E-04   8.2791295E+01   4.6777347E+04   4.6982860E+04   0.0000000E+00   0.0000000E+00   0.0000000E+00   0.0000000E+00   0.0000000E+00
   8.8797992E-01   4.1318003E+04   4.1318003E+04   1.3200297E-02   1.4117151E-04   7.2743510E+01   4.1137267E+04   4.1318003E+04   0.0000000E+00   0.0000000E+00   0.0000000E+00   0.0000000E+00   0.0000000E+00
   9.7258139E-01   3.5643865E+04   3.5643865E+04   9.4924212E-03   1.0152467E-04   6.2690379E+01   3.5487946E+04   3.5643865E+04   0.0000000E+00   0.0000000E+00   0.0000000E+00   0.0000000E+00   0.0000000E+00
   1.0770764E+00   3.0169880E+04   3.0169880E+04   6.5511729E-03   7.0071890E-05   5.3016721E+01   3.0037905E+04   3.0169880E+04   0.0000000E+00   0.0000000E+00   0.0000000E+00   0.0000000E+00   0.0000000E+00
   1.2022367E+00   2.5178605E+04   2.5178605E+04   4.3881712E-03   4.6938898E-05   4.4213375E+01   2.5068462E+04   2.5178605E+04   0.0000000E+00   0.0000000E+00   0.0000000E+00   0.0000000E+00   0.0000000E+00
   1.3469739E+00   2.0857708E+04   2.0857708E+04   2.8982266E-03   3.0978432E-05   3.6601948E+01   2.0766466E+04   2.0857708E+04   0.0000000E+00   0.0000000E+00   0.0000000E+00   0.0000000E+00   0.0000000E+00
   1.5108961E+00   1.7223480E+04   1.7223480E+04   1.9007005E-03   2.0332510E-05   3.0209394E+01   1.7148135E+04   1.7223480E+04   0.0000000E+00   0.0000000E+00   0.0000000E+00   0.0000000E+00   0.0000000E+00
   1.6951854E+00   1.4199622E+04   1.4199622E+04   1.2447380E-03   1.3317352E-05   2.4896198E+01   1.4137504E+04   1.4199622E+04   0.0000000E+00   0.0000000E+00   0.0000000E+00   0.0000000E+00   0.0000000E+00
   1.9020220E+00   1.1692683E+04   1.1692683E+04   8.1415780E-04   8.7116006E-06   2.0493898E+01   1.1641533E+04   1.1692683E+04   0.0000000E+00   0.0000000E+00   0.0000000E+00   0.0000000E+00   0.0000000E+00
   2.1341032E+00   9.6179146E+03   9.6179146E+03   5.3194858E-04   5.6926615E-06   1.6852963E+01   9.5758399E+03   9.6179146E+03   0.0000000E+00   0.0000000E+00   0.0000000E+00   0.0000000E+00   0.0000000E+00
   2.3945031E+00   7.9031871E+03   7.9031871E+03   3.4720621E-04   3.7162325E-06   1.3845215E+01   7.8686135E+03   7.9031871E+03   0.0000000E+00   0.0000000E+00   0.0000000E+00   0.0000000E+00   0.0000000E+00
   2.6866767E+00   6.4878383E+03   6.4878383E+03   2.2657520E-04   2.4237092E-06   1.1363823E+01   6.4594563E+03   6.4878383E+03   0.0000000E+00   0.0000000E+00   0.0000000E+00   0.0000000E+00   0.0000000E+00
   3.0145009E+00   5.3210132E+03   5.3210132E+03   1.4739643E-04   1.5793173E-06   9.3192997E+00   5.2977356E+03   5.3210132E+03   0.0000000E+00   0.0000000E+00   0.0000000E+00   0.0000000E+00   0.0000000E+00
   3.3823256E+00   4.3601813E+03   4.3601813E+03   9.6011084E-05   1.0282600E-06   7.6356964E+00   4.3411069E+03   4.3601813E+03   0.0000000E+00   0.0000000E+00   0.0000000E+00   0.0000000E+00   0.0000000E+00
   3.7950317E+00   3.5698377E+03   3.5698377E+03   6.2438558E-05   6.6896829E-07   6.2510378E+00   3.5542209E+03   3.5698377E+03   0.0000000E+00   0.0000000E+00   0.0000000E+00   0.0000000E+00   0.0000000E+00
   4.2580956E+00   2.9204043E+03   2.9204043E+03   4.0576430E-05   4.3490635E-07   5.1134384E+00   2.9076285E+03   2.9204043E+03   0.0000000E+00   0.0000000E+00   0.0000000E+00   0.0000000E+00   0.0000000E+00
   4.7776619E+00   2.3872827E+03   2.3872827E+03   2.6345597E-05   2.8255710E-07   4.1796401E+00   2.3768391E+03   2.3872827E+03   0.0000000E+00   0.0000000E+00   0.0000000E+00   0.0000000E+00   0.0000000E+00
   5.3606248E+00   1.9500508E+03   1.9500508E+03   1.7104735E-05   1.8346747E-07   3.4140242E+00   1.9415200E+03   1.9500508E+03   0.0000000E+00   0.0000000E+00   0.0000000E+00   0.0000000E+00   0.0000000E+00
   6.0147200E+00   1.5917805E+03   1.5917805E+03   1.1079850E-05   1.1906398E-07   2.7867755E+00   1.5848169E+03   1.5917805E+03   0.0000000E+00   0.0000000E+00   0.0000000E+00   0.0000000E+00   0.0000000E+00
   6.7486268E+00   1.2984603E+03   1.2984603E+03   7.1831354E-06   7.7235359E-08   2.2731507E+00   1.2927799E+03   1.2984603E+03   0.0000000E+00   0.0000000E+00   0.0000000E+00   0.0000000E+00   0.0000000E+00
   7.5720838E+00   1.0585095E+03   1.0585095E+03   4.6506294E-06   5.0083965E-08   1.8530312E+00   1.0538788E+03   1.0585095E+03   0.0000000E+00   0.0000000E+00   0.0000000E+00   0.0000000E+00   0.0000000E+00
   8.4960178E+00   8.6236865E+02   8.6236865E+02   3.0095599E-06   3.2469361E-08   1.5096177E+00   8.5859605E+02   8.6236865E+02   0.0000000E+00   0.0000000E+00   0.0000000E+00   0.0000000E+00   0.0000000E+00
