#           k/h    CDM            baryon         photon         nu             mass_nu        total          no_nu          total_de       Weyl           v_CDM          v_b            v_b-v_c     
   1.0537954E-05   1.9627438E+07   1.9627438E+07   2.6156455E+07   1.2907231E+04   3.1558519E+07   1.9627443E+07   1.9627438E+07   0.0000000E+00   0.0000000E+00   0.0000000E+00   0.0000000E+00   0.0000000E+00
   1.1823779E-05   1.9627431E+07   1.9627431E+07   2.6152961E+07   1.2906122E+04   3.1557166E+07   1.9627436E+07   1.9627431E+07   0.0000000E+00   0.0000000E+00   0.0000000E+00   0.0000000E+00   0.0000000E+00
   1.3266498E-05   1.9627422E+07   1.9627422E+07   2.6148563E+07   1.2904726E+04   3.1555462E+07   1.9627427E+07   1.9627422E+07   0.0000000E+00   0.0000000E+00   0.0000000E+00   0.0000000E+00   0.0000000E+00
   1.4885255E-05   1.9627411E+07   1.9627411E+07   2.6143027E+07   1.2902969E+04   3.1553317E+07   1.9627415E+07   1.9627411E+07   0.0000000E+00   0.0000000E+00   0.0000000E+00   0.0000000E+00   0.0000000E+00
   1.6701531E-05   1.9627397E+07   1.9627397E+07   2.6136059E+07   1.2900757E+04   3.1550618E+07   1.9627401E+07   1.9627397E+07   0.0000000E+00   0.0000000E+00   0.0000000E+00   0.0000000E+00   0.0000000E+00
   1.8739426E-05   1.9627380E+07   1.9627380E+07   2.6127290E+07   1.2897973E+04   3.1547222E+07   1.9627383E+07   1.9627380E+07   0.0000000E+00   0.0000000E+00   0.0000000E+00   0.0000000E+00   0.0000000E+00
   2.1025982E-05   1.9627358E+07   1.9627358E+07   2.6116254E+07   1.2894469E+04   3.1542948E+07   1.9627360E+07   1.9627358E+07   0.0000000E+00   0.0000000E+00   0.0000000E+00   0.0000000E+00   0.0000000E+00
   2.3591540E-05   1.9627330E+07   1.9627330E+07   2.6102366E+07   1.2890060E+04   3.1537572E+07   1.9627331E+07   1.9627330E+07   0.0000000E+00   0.0000000E+00   0.0000000E+00   0.0000000E+00   0.0000000E+00
   2.6470143E-05   1.9627295E+07   1.9627295E+07   2.6084892E+07   1.2884511E+04   3.1530808E+07   1.9627295E+07   1.9627295E+07   0.0000000E+00   0.0000000E+00   0.0000000E+00   0.0000000E+00   0.0000000E+00
   2.9699989E-05   1.9627251E+07   1.9627251E+07   2.6062909E+07   1.2877529E+04   3.1522302E+07   1.9627249E+07   1.9627251E+07   0.0000000E+00   0.0000000E+00   0.0000000E+00   0.0000000E+00   0.0000000E+00
   3.3323936E-05   1.9627195E+07   1.9627195E+07   2.6035259E+07   1.2868745E+04   3.1511606E+07   1.9627191E+07   1.9627195E+07   0.0000000E+00   0.0000000E+00   0.0000000E+00   0.0000000E+00   0.0000000E+00
   3.7390071E-05   1.9627126E+07   1.9627126E+07   2.6000487E+07   1.2857696E+04   3.1498164E+07   1.9627119E+07   1.9627126E+07   0.0000000E+00   0.0000000E+00   0.0000000E+00   0.0000000E+00   0.0000000E+00
   4.1952349E-05   1.9627038E+07   1.9627038E+07   2.5956773E+07   1.2843802E+04   3.1481274E+07   1.9627028E+07   1.9627038E+07   0.0000000E+00   0.0000000E+00   0.0000000E+00   0.0000000E+00   0.0000000E+00
   4.7071310E-05   1.9626927E+07   1.9626927E+07   2.5901837E+07   1.2826333E+04   3.1460065E+07   1.9626913E+07   1.9626927E+07   0.0000000E+00   0.0000000E+00   0.0000000E+00   0.0000000E+00   0.0000000E+00
   5.2814879E-05   1.9626788E+07   1.9626788E+07   2.5832829E+07   1.2804379E+04   3.1433450E+07   1.9626768E+07   1.9626788E+07   0.0000000E+00   0.0000000E+00   0.0000000E+00   0.0000000E+00   0.0000000E+00
   5.9259269E-05   1.9626613E+07   1.9626613E+07   2.5746194E+07   1.2776800E+04   3.1400078E+07   1.9626587E+07   1.9626613E+07   0.0000000E+00   0.0000000E+00   0.0000000E+00   0.0000000E+00   0.0000000E+00
   6.6489993E-05   1.9626393E+07   1.9626393E+07   2.5637508E+07   1.2742173E+04   3.1358277E+07   1.9626358E+07   1.9626393E+07   0.0000000E+00   0.0000000E+00   0.0000000E+00   0.0000000E+00   0.0000000E+00
   7.4602999E-05   1.9626116E+07   1.9626116E+07   2.5501283E+07   1.2698728E+04   3.1305988E+07   1.9626070E+07   1.9626116E+07   0.0000000E+00   0.0000000E+00   0.0000000E+00   0.0000000E+00   0.0000000E+00
   8.3705942E-05   1.9625768E+07   1.9625768E+07   2.5330735E+07   1.2644267E+04   3.1240688E+07   1.9625708E+07   1.9625768E+07   0.0000000E+00   0.0000000E+00   0.0000000E+00   0.0000000E+00   0.0000000E+00
   9.3919611E-05   1.9625330E+07   1.9625330E+07   2.5117525E+07   1.2576074E+04   3.1159310E+07   1.9625253E+07   1.9625330E+07   0.0000000E+00   0.0000000E+00   0.0000000E+00   0.0000000E+00   0.0000000E+00
   1.0537954E-04   1.9624779E+07   1.9624779E+07   2.4851465E+07   1.2490804E+04   3.1058166E+07   1.9624681E+07   1.9624779E+07   0.0000000E+00   0.0000000E+00   0.0000000E+00   0.0000000E+00   0.0000000E+00
   1.1823779E-04   1.9624088E+07   1.9624088E+07   2.4520217E+07   1.2384369E+04   3.0932873E+07   1.9623963E+07   1.9624088E+07   0.0000000E+00   0.0000000E+00   0.0000000E+00   0.0000000E+00   0.0000000E+00
   1.3266498E-04   1.9623219E+07   1.9623219E+07   2.4109003E+07   1.2251810E+04   3.0778327E+07   1.9623060E+07   1.9623219E+07   0.0000000E+00   0.0000000E+00   0.0000000E+00   0.0000000E+00   0.0000000E+00
   1.4885255E-04   1.9622129E+07   1.9622129E+07   2.3600384E+07   1.2087176E+04   3.0588722E+07   1.9621928E+07   1.9622129E+07   0.0000000E+00   0.0000000E+00   0.0000000E+00   0.0000000E+00   0.0000000E+00
   1.6701531E-04   1.9620762E+07   1.9620762E+07   2.2974196E+07   1.1883427E+04   3.0357693E+07   1.9620507E+07   1.9620762E+07   0.0000000E+00   0.0000000E+00   0.0000000E+00   0.0000000E+00   0.0000000E+00
   1.8739426E-04   1.9619050E+07   1.9619050E+07   2.2207767E+07   1.1632391E+04   3.0078637E+07   1.9618727E+07   1.9619050E+07   0.0000000E+00   0.0000000E+00   0.0000000E+00   0.0000000E+00   0.0000000E+00
   2.1025982E-04   1.9616907E+07   1.9616907E+07   2.1276640E+07   1.1324827E+04   2.9745310E+07   1.9616500E+07   1.9616907E+07   0.0000000E+00   0.0000000E+00   0.0000000E+00   0.0000000E+00   0.0000000E+00
   2.3591540E-04   1.9614229E+07   1.9614229E+07   2.0156052E+07   1.0950676E+04   2.9352823E+07   1.9613717E+07   1.9614229E+07   0.0000000E+00   0.0000000E+00   0.0000000E+00   0.0000000E+00   0.0000000E+00
   2.6470143E-04   1.9610888E+07   1.9610888E+07   1.8823579E+07   1.0499595E+04   2.8899147E+07   1.9610244E+07   1.9610888E+07   0.0000000E+00   0.0000000E+00   0.0000000E+00   0.0000000E+00   0.0000000E+00
   2.9699989E-04   1.9606731E+07   1.9606731E+07   1.7263313E+07   9.9619196E+03   2.8387209E+07   1.9605922E+07   1.9606731E+07   0.0000000E+00   0.0000000E+00   0.0000000E+00   0.0000000E+00   0.0000000E+00
   3.3323936E-04   1.9601570E+07   1.9601570E+07   1.5471974E+07   9.3302081E+03   2.7827505E+07   1.9600556E+07   1.9601570E+07   0.0000000E+00   0.0000000E+00   0.0000000E+00   0.0000000E+00   0.0000000E+00
   3.7390071E-04   1.9595182E+07   1.9595182E+07   1.3466968E+07   8.6014877E+03   2.7240798E+07   1.9593913E+07   1.9595182E+07   0.0000000E+00   0.0000000E+00   0.0000000E+00   0.0000000E+00   0.0000000E+00
   4.1952349E-04   1.9587304E+07   1.9587304E+07   1.1295707E+07   7.7802225E+03   2.6659902E+07   1.9585718E+07   1.9587304E+07   0.0000000E+00   0.0000000E+00   0.0000000E+00   0.0000000E+00   0.0000000E+00
   4.7071310E-04   1.9577626E+07   1.9577626E+07   9.0440510E+06   6.8817303E+03   2.6128642E+07   1.9575649E+07   1.9577626E+07   0.0000000E+00   0.0000000E+00   0.0000000E+00   0.0000000E+00   0.0000000E+00
   5.2814879E-04   1.9565788E+07   1.9565788E+07   6.8394962E+06   5.9352647E+03   2.5695186E+07   1.9563331E+07   1.9565788E+07   0.0000000E+00   0.0000000E+00   0.0000000E+00   0.0000000E+00   0.0000000E+00
   5.9259269E-04   1.9551374E+07   1.9551374E+07   4.8423011E+06   4.9852162E+03   2.5396954E+07   1.9548331E+07   1.9551374E+07   0.0000000E+00   0.0000000E+00   0.0000000E+00   0.0000000E+00   0.0000000E+00
   6.6489993E-04   1.9533900E+07   1.9533900E+07   3.2168021E+06   4.0881030E+03   2.5236950E+07   1.9530148E+07   1.9533900E+07   0.0000000E+00   0.0000000E+00   0.0000000E+00   0.0000000E+00   0.0000000E+00
   7.4602999E-04   1.9512803E+07   1.9512803E+07   2.0797664E+06   3.3029085E+03   2.5159152E+07   1.9508199E+07   1.9512803E+07   0.0000000E+00   0.0000000E+00   0.0000000E+00   0.0000000E+00   0.0000000E+00
   8.3705942E-04   1.9487420E+07   1.9487420E+07   1.4377069E+06   2.6741857E+03   2.5043363E+07   1.9481806E+07   1.9487420E+07   0.0000000E+00   0.0000000E+00   0.0000000E+00   0.0000000E+00   0.0000000E+00
   9.3919611E-04   1.9456963E+07   1.9456963E+07   1.1508421E+06   2.2125334E+03   2.4748462E+07   1.9450167E+07   1.9456963E+07   0.0000000E+00   0.0000000E+00   0.0000000E+00   0.0000000E+00   0.0000000E+00
   1.0537954E-03   1.9420502E+07   1.9420502E+07   9.7987081E+05   1.8846901E+03   2.4211899E+07   1.9412348E+07   1.9420502E+07   0.0000000E+00   0.0000000E+00   0.0000000E+00   0.0000000E+00   0.0000000E+00
   1.1823779E-03   1.9376972E+07   1.9376972E+07   7.3741554E+05   1.6286611E+03   2.3537797E+07   1.9367286E+07   1.9376972E+07   0.0000000E+00   0.0000000E+00   0.0000000E+00   0.0000000E+00   0.0000000E+00
   1.3266498E-03   1.9325197E+07   1.9325197E+07   4.4302308E+05   1.3949981E+03   2.2925845E+07   1.9313820E+07   1.9325197E+07   0.0000000E+00   0.0000000E+00   0.0000000E+00   0.0000000E+00   0.0000000E+00
   1.4885255E-03   1.9263925E+07   1.9263925E+07   2.6776598E+05   1.1810560E+03   2.2406140E+07   1.9250726E+07   1.9263925E+07   0.0000000E+00   0.0000000E+00   0.0000000E+00   0.0000000E+00   0.0000000E+00
   1.6701531E-03   1.9191825E+07   1.9191825E+07   2.4169800E+05   1.0106153E+03   2.1747652E+07   1.9176709E+07   1.9191825E+07   0.0000000E+00   0.0000000E+00   0.0000000E+00   0.0000000E+00   0.0000000E+00
   1.8739426E-03   1.9107457E+07   1.9107457E+07   1.8029123E+05   8.7822055E+02   2.0904513E+07   1.9090363E+07   1.9107457E+07   0.0000000E+00   0.0000000E+00   0.0000000E+00   0.0000000E+00   0.0000000E+00
   2.1025982E-03   1.9009282E+07   1.9009282E+07   7.5147646E+04   7.5713378E+02   2.0180794E+07   1.8990169E+07   1.9009282E+07   0.0000000E+00   0.0000000E+00   0.0000000E+00   0.0000000E+00   0.0000000E+00
   2.3591540E-03   1.8895698E+07   1.8895698E+07   7.1689172E+04   6.5374266E+02   1.9444506E+07   1.8874526E+07   1.8895698E+07   0.0000000E+00   0.0000000E+00   0.0000000E+00   0.0000000E+00   0.0000000E+00
   2.6470143E-03   1.8765007E+07   1.8765007E+07   4.5013317E+04   5.7102540E+02   1.8530155E+07   1.8741724E+07   1.8765007E+07   0.0000000E+00   0.0000000E+00   0.0000000E+00   0.0000000E+00   0.0000000E+00
   2.9699989E-03   1.8615398E+07   1.8615398E+07   2.5412627E+04   4.9538633E+02   1.7695531E+07   1.8589941E+07   1.8615398E+07   0.0000000E+00   0.0000000E+00   0.0000000E+00   0.0000000E+00   0.0000000E+00
   3.3323936E-03   1.8444971E+07   1.8444971E+07   1.3507801E+04   4.3131930E+02   1.6717590E+07   1.8417278E+07   1.8444971E+07   0.0000000E+00   0.0000000E+00   0.0000000E+00   0.0000000E+00   0.0000000E+00
   3.7390071E-03   1.8251716E+07   1.8251716E+07   1.3424258E+04   3.7341079E+02   1.5760378E+07   1.8221747E+07   1.8251716E+07   0.0000000E+00   0.0000000E+00   0.0000000E+00   0.0000000E+00   0.0000000E+00
   4.1952349E-03   1.8033543E+07   1.8033543E+07   1.8793000E+02   3.2274932E+02   1.4733585E+07   1.8001285E+07   1.8033543E+07   0.0000000E+00   0.0000000E+00   0.0000000E+00   0.0000000E+00   0.0000000E+00
   4.7071310E-03   1.7788316E+07   1.7788316E+07   5.1060142E+02   2.7770740E+02   1.3667693E+07   1.7753822E+07   1.7788316E+07   0.0000000E+00   0.0000000E+00   0.0000000E+00   0.0000000E+00   0.0000000E+00
   5.2814879E-03   1.7513933E+07   1.7513933E+07   2.7162807E+02   2.3749846E+02   1.2620309E+07   1.7477328E+07   1.7513933E+07   0.0000000E+00   0.0000000E+00   0.0000000E+00   0.0000000E+00   0.0000000E+00
   5.9259269E-03   1.7208301E+07   1.7208301E+07   -1.1970032E+02   2.0230949E+02   1.1567327E+07   1.7169709E+07   1.7208301E+07   0.0000000E+00   0.0000000E+00   0.0000000E+00   0.0000000E+00   0.0000000E+00
   6.6489993E-03   1.6869256E+07   1.6869256E+07   -1.1704693E+03   1.7113449E+02   1.0514398E+07   1.6828822E+07   1.6869256E+07   0.0000000E+00   0.0000000E+00   0.0000000E+00   0.0000000E+00   0.0000000E+00
   7.4602999E-03   1.6494628E+07   1.6494628E+07   -2.4112502E+03   1.4375436E+02   9.4938975E+06   1.6452597E+07   1.6494628E+07   0.0000000E+00   0.0000000E+00   0.0000000E+00   0.0000000E+00   0.0000000E+00
   8.3705942E-03   1.6082318E+07   1.6082318E+07   -1.4587624E+03   1.1995032E+02   8.5030128E+06   1.6038942E+07   1.6082318E+07   0.0000000E+00   0.0000000E+00   0.0000000E+00   0.0000000E+00   0.0000000E+00
   9.3919611E-03   1.5630189E+07   1.5630189E+07   -1.5931440E+03   9.9343346E+01   7.5332415E+06   1.5585767E+07   1.5630189E+07   0.0000000E+00   0.0000000E+00   0.0000000E+00   0.0000000E+00   0.0000000E+00
   1.0537954E-02   1.5136149E+07   1.5136149E+07   -8.5055384E+02   8.1598370E+01   6.6262158E+06   1.5091016E+07   1.5136149E+07   0.0000000E+00   0.0000000E+00   0.0000000E+00   0.0000000E+00   0.0000000E+00
   1.1823779E-02   1.4598165E+07   1.4598165E+07   -8.0793136E+02   6.6437246E+01   5.7710225E+06   1.4552684E+07   1.4598165E+07   0.0000000E+00   0.0000000E+00   0.0000000E+00   0.0000000E+00   0.0000000E+00
   1.3266498E-02   1.4014389E+07   1.4014389E+07   -6.8220543E+02   5.3623910E+01   4.9715362E+06   1.3968948E+07   1.4014389E+07   0.0000000E+00   0.0000000E+00   0.0000000E+00   0.0000000E+00   0.0000000E+00
   1.4885255E-02   1.3383328E+07   1.3383328E+07   -8.5533272E+02   4.2861553E+01   4.2395440E+06   1.3338338E+07   1.3383328E+07   0.0000000E+00   0.0000000E+00   0.0000000E+00   0.0000000E+00   0.0000000E+00
   1.6701531E-02   1.2704198E+07   1.2704198E+07   -4.8932569E+02   3.3908566E+01   3.5739058E+06   1.2660079E+07   1.2704198E+07   0.0000000E+00   0.0000000E+00   0.0000000E+00   0.0000000E+00   0.0000000E+00
   1.8739426E-02   1.1977458E+07   1.1977458E+07   -4.0002285E+02   2.6534397E+01   2.9768760E+06   1.1934630E+07   1.1977458E+07   0.0000000E+00   0.0000000E+00   0.0000000E+00   0.0000000E+00   0.0000000E+00
   2.1025981E-02   1.1205619E+07   1.1205619E+07   -4.0213930E+02   2.0522915E+01   2.4492432E+06   1.1164492E+07   1.1205619E+07   0.0000000E+00   0.0000000E+00   0.0000000E+00   0.0000000E+00   0.0000000E+00
   2.3591515E-02   1.0394332E+07   1.0394332E+07   -2.8908547E+02   1.5681492E+01   1.9857318E+06   1.0355288E+07   1.0394332E+07   0.0000000E+00   0.0000000E+00   0.0000000E+00   0.0000000E+00   0.0000000E+00
   2.6469777E-02   9.5537673E+06   9.5537673E+06   -2.1709750E+02   1.1829790E+01   1.5894345E+06   9.5171372E+06   9.5537673E+06   0.0000000E+00   0.0000000E+00   0.0000000E+00   0.0000000E+00   0.0000000E+00
   2.9696307E-02   8.7003728E+06   8.7003728E+06   -1.6547674E+02   8.8153155E+00   1.2531212E+06   8.6664073E+06   8.7003728E+06   0.0000000E+00   0.0000000E+00   0.0000000E+00   0.0000000E+00   0.0000000E+00
   3.3297505E-02   7.8596845E+06   7.8596845E+06   -1.0489900E+02   6.5018371E+00   9.7735957E+05   7.8285138E+06   7.8596845E+06   0.0000000E+00   0.0000000E+00   0.0000000E+00   0.0000000E+00   0.0000000E+00
   3.7251094E-02   7.0703758E+06   7.0703758E+06   -8.4166345E+01   4.7808804E+00   7.5761408E+05   7.0419541E+06   7.0703758E+06   0.0000000E+00   0.0000000E+00   0.0000000E+00   0.0000000E+00   0.0000000E+00
   4.1413906E-02   6.3821252E+06   6.3821252E+06   -5.4101331E+01   3.5585489E+00   5.9199761E+05   6.3561822E+06   6.3821252E+06   0.0000000E+00   0.0000000E+00   0.0000000E+00   0.0000000E+00   0.0000000E+00
   4.5525600E-02   5.8311069E+06   5.8311069E+06   -3.9656682E+01   2.7312197E+00   4.7400879E+05   5.8071946E+06   5.8311069E+06   0.0000000E+00   0.0000000E+00   0.0000000E+00   0.0000000E+00   0.0000000E+00
   4.9387658E-02   5.4120403E+06   5.4120403E+06   -3.7384860E+01   2.1788654E+00   3.9220780E+05   5.3896963E+06   5.4120403E+06   0.0000000E+00   0.0000000E+00   0.0000000E+00   0.0000000E+00   0.0000000E+00
   5.2967249E-02   5.0917951E+06   5.0917951E+06   -2.6672261E+01   1.7981660E+00   3.3351181E+05   5.0706626E+06   5.0917951E+06   0.0000000E+00   0.0000000E+00   0.0000000E+00   0.0000000E+00   0.0000000E+00
   5.6318195E-02   4.8372170E+06   4.8372170E+06   -2.2808131E+01   1.5218741E+00   2.8982251E+05   4.8170564E+06   4.8372170E+06   0.0000000E+00   0.0000000E+00   0.0000000E+00   0.0000000E+00   0.0000000E+00
   5.9505773E-02   4.6243318E+06   4.6243318E+06   -2.1392443E+01   1.3109962E+00   2.5572064E+05   4.6049911E+06   4.6243318E+06   0.0000000E+00   0.0000000E+00   0.0000000E+00   0.0000000E+00   0.0000000E+00
   6.2583763E-02   4.4371163E+06   4.4371163E+06   -2.0205269E+01   1.1431091E+00   2.2753973E+05   4.4185033E+06   4.4371163E+06   0.0000000E+00   0.0000000E+00   0.0000000E+00   0.0000000E+00   0.0000000E+00
   6.5592900E-02   4.2649355E+06   4.2649355E+06   -1.5608133E+01   1.0048115E+00   2.0410684E+05   4.2469984E+06   4.2649355E+06   0.0000000E+00   0.0000000E+00   0.0000000E+00   0.0000000E+00   0.0000000E+00
   6.8563812E-02   4.1007391E+06   4.1007391E+06   -1.4984540E+01   8.8790086E-01   1.8345538E+05   4.0834531E+06   4.1007391E+06   0.0000000E+00   0.0000000E+00   0.0000000E+00   0.0000000E+00   0.0000000E+00
   7.1519949E-02   3.9399835E+06   3.9399835E+06   -1.3803024E+01   7.8701326E-01   1.6560374E+05   3.9233411E+06   3.9399835E+06   0.0000000E+00   0.0000000E+00   0.0000000E+00   0.0000000E+00   0.0000000E+00
   7.4479741E-02   3.7799968E+06   3.7799968E+06   -1.0255057E+01   6.9873565E-01   1.4930041E+05   3.7640006E+06   3.7799968E+06   0.0000000E+00   0.0000000E+00   0.0000000E+00   0.0000000E+00   0.0000000E+00
   7.7458096E-02   3.6195858E+06   3.6195858E+06   -1.1527508E+01   6.2070668E-01   1.3471168E+05   3.6042424E+06   3.6195858E+06   0.0000000E+00   0.0000000E+00   0.0000000E+00   0.0000000E+00   0.0000000E+00
   8.0467419E-02   3.4587611E+06   3.4587611E+06   -8.1056559E+00   5.5134730E-01   1.2150632E+05   3.4440767E+06   3.4587611E+06   0.0000000E+00   0.0000000E+00   0.0000000E+00   0.0000000E+00   0.0000000E+00
   8.3518315E-02   3.2985084E+06   3.2985084E+06   -9.0097502E+00   4.8958162E-01   1.0941160E+05   3.2844842E+06   3.2985084E+06   0.0000000E+00   0.0000000E+00   0.0000000E+00   0.0000000E+00   0.0000000E+00
   8.6620078E-02   3.1405619E+06   3.1405619E+06   -6.4810711E+00   4.3460310E-01   9.8487359E+04   3.1271915E+06   3.1405619E+06   0.0000000E+00   0.0000000E+00   0.0000000E+00   0.0000000E+00   0.0000000E+00
   8.9781043E-02   2.9871591E+06   2.9871591E+06   -6.3079229E+00   3.8583220E-01   8.8734242E+04   2.9744259E+06   2.9871591E+06   0.0000000E+00   0.0000000E+00   0.0000000E+00   0.0000000E+00   0.0000000E+00
   9.3008836E-02   2.8407643E+06   2.8407643E+06   -6.1425175E+00   3.4277221E-01   7.9878747E+04   2.8286412E+06   2.8407643E+06   0.0000000E+00   0.0000000E+00   0.0000000E+00   0.0000000E+00   0.0000000E+00
   9.6310557E-02   2.7037682E+06   2.7037682E+06   -5.4901764E+00   3.0498104E-01   7.2013413E+04   2.6922172E+06   2.7037682E+06   0.0000000E+00   0.0000000E+00   0.0000000E+00   0.0000000E+00   0.0000000E+00
   9.9692920E-02   2.5781749E+06   2.5781749E+06   -4.8915932E+00   2.7199938E-01   6.5104385E+04   2.5671493E+06   2.5781749E+06   0.0000000E+00   0.0000000E+00   0.0000000E+00   0.0000000E+00   0.0000000E+00
   1.0316235E-01   2.4653057E+06   2.4653057E+06   -4.1614465E+00   2.4336217E-01   5.9068348E+04   2.4547527E+06   2.4653057E+06   0.0000000E+00   0.0000000E+00   0.0000000E+00   0.0000000E+00   0.0000000E+00
   1.0672508E-01   2.3655512E+06   2.3655512E+06   -3.2702744E+00   2.1855758E-01   5.3742003E+04   2.3554160E+06   2.3655512E+06   0.0000000E+00   0.0000000E+00   0.0000000E+00   0.0000000E+00   0.0000000E+00
   1.1038719E-01   2.2782151E+06   2.2782151E+06   -3.5284027E+00   1.9704947E-01   4.9096373E+04   2.2684459E+06   2.2782151E+06   0.0000000E+00   0.0000000E+00   0.0000000E+00   0.0000000E+00   0.0000000E+00
   1.1415464E-01   2.2014873E+06   2.2014873E+06   -2.6759660E+00   1.7828908E-01   4.5044056E+04   2.1920396E+06   2.2014873E+06   0.0000000E+00   0.0000000E+00   0.0000000E+00   0.0000000E+00   0.0000000E+00
   1.1803337E-01   2.1325779E+06   2.1325779E+06   -2.6301850E+00   1.6173752E-01   4.1459268E+04   2.1234189E+06   2.1325779E+06   0.0000000E+00   0.0000000E+00   0.0000000E+00   0.0000000E+00   0.0000000E+00
   1.2202924E-01   2.0680241E+06   2.0680241E+06   -2.4661955E+00   1.4690471E-01   3.8178447E+04   2.0591360E+06   2.0680241E+06   0.0000000E+00   0.0000000E+00   0.0000000E+00   0.0000000E+00   0.0000000E+00
   1.2614813E-01   2.0041552E+06   2.0041552E+06   -2.1063295E+00   1.3337122E-01   3.5138624E+04   1.9955358E+06   2.0041552E+06   0.0000000E+00   0.0000000E+00   0.0000000E+00   0.0000000E+00   0.0000000E+00
   1.3039588E-01   1.9376638E+06   1.9376638E+06   -1.9265225E+00   1.2082205E-01   3.2239321E+04   1.9293251E+06   1.9376638E+06   0.0000000E+00   0.0000000E+00   0.0000000E+00   0.0000000E+00   0.0000000E+00
   1.3477839E-01   1.8661948E+06   1.8661948E+06   -1.8563385E+00   1.0905449E-01   2.9536424E+04   1.8581587E+06   1.8661948E+06   0.0000000E+00   0.0000000E+00   0.0000000E+00   0.0000000E+00   0.0000000E+00
   1.3930154E-01   1.7888354E+06   1.7888354E+06   -1.7303641E+00   9.7983799E-02   2.6880174E+04   1.7811281E+06   1.7888354E+06   0.0000000E+00   0.0000000E+00   0.0000000E+00   0.0000000E+00   0.0000000E+00
   1.4397127E-01   1.7063792E+06   1.7063792E+06   -1.5212895E+00   8.7622544E-02   2.4366717E+04   1.6990232E+06   1.7063792E+06   0.0000000E+00   0.0000000E+00   0.0000000E+00   0.0000000E+00   0.0000000E+00
   1.4879354E-01   1.6212538E+06   1.6212538E+06   -1.3891719E+00   7.8051478E-02   2.2022947E+04   1.6142612E+06   1.6212538E+06   0.0000000E+00   0.0000000E+00   0.0000000E+00   0.0000000E+00   0.0000000E+00
   1.5377436E-01   1.5370637E+06   1.5370637E+06   -1.0711661E+00   6.9377055E-02   1.9856588E+04   1.5304310E+06   1.5370637E+06   0.0000000E+00   0.0000000E+00   0.0000000E+00   0.0000000E+00   0.0000000E+00
   1.5891980E-01   1.4577861E+06   1.4577861E+06   -1.0823323E+00   6.1684058E-02   1.7911034E+04   1.4514926E+06   1.4577861E+06   0.0000000E+00   0.0000000E+00   0.0000000E+00   0.0000000E+00   0.0000000E+00
   1.6423597E-01   1.3867704E+06   1.3867704E+06   -9.7246815E-01   5.5000333E-02   1.6202624E+04   1.3807809E+06   1.3867704E+06   0.0000000E+00   0.0000000E+00   0.0000000E+00   0.0000000E+00   0.0000000E+00
   1.6972907E-01   1.3257911E+06   1.3257911E+06   -8.4141959E-01   4.9274916E-02   1.4746325E+04   1.3200625E+06   1.3257911E+06   0.0000000E+00   0.0000000E+00   0.0000000E+00   0.0000000E+00   0.0000000E+00
   1.7540537E-01   1.2744487E+06   1.2744487E+06   -6.9978658E-01   4.4378722E-02   1.3477861E+04   1.2689398E+06   1.2744487E+06   0.0000000E+00   0.0000000E+00   0.0000000E+00   0.0000000E+00   0.0000000E+00
   1.8127124E-01   1.2301732E+06   1.2301732E+06   -6.4349018E-01   4.0128790E-02   1.2396311E+04   1.2248538E+06   1.2301732E+06   0.0000000E+00   0.0000000E+00   0.0000000E+00   0.0000000E+00   0.0000000E+00
   1.8733317E-01   1.1889324E+06   1.1889324E+06   -5.8113603E-01   3.6330630E-02   1.1407952E+04   1.1837895E+06   1.1889324E+06   0.0000000E+00   0.0000000E+00   0.0000000E+00   0.0000000E+00   0.0000000E+00
   1.9359780E-01   1.1465092E+06   1.1465092E+06   -5.3210911E-01   3.2820860E-02   1.0469472E+04   1.1415482E+06   1.1465092E+06   0.0000000E+00   0.0000000E+00   0.0000000E+00   0.0000000E+00   0.0000000E+00
   2.0007191E-01   1.0999626E+06   1.0999626E+06   -4.8070639E-01   2.9502785E-02   9.5807435E+03   1.0952015E+06   1.0999626E+06   0.0000000E+00   0.0000000E+00   0.0000000E+00   0.0000000E+00   0.0000000E+00
   2.0676253E-01   1.0487230E+06   1.0487230E+06   -4.3599699E-01   2.6358472E-02   8.7079979E+03   1.0441824E+06   1.0487230E+06   0.0000000E+00   0.0000000E+00   0.0000000E+00   0.0000000E+00   0.0000000E+00
   2.1367691E-01   9.9481708E+05   9.9481708E+05   -3.7237519E-01   2.3432258E-02   7.8729149E+03   9.9050865E+05   9.9481708E+05   0.0000000E+00   0.0000000E+00   0.0000000E+00   0.0000000E+00   0.0000000E+00
   2.2082260E-01   9.4200714E+05   9.4200714E+05   -3.5177656E-01   2.0793205E-02   7.1163563E+03   9.3792634E+05   9.4200714E+05   0.0000000E+00   0.0000000E+00   0.0000000E+00   0.0000000E+00   0.0000000E+00
   2.2820753E-01   8.9410530E+05   8.9410530E+05   -3.1342164E-01   1.8492094E-02   6.4471170E+03   8.9023105E+05   8.9410530E+05   0.0000000E+00   0.0000000E+00   0.0000000E+00   0.0000000E+00   0.0000000E+00
   2.3584002E-01   8.5318039E+05   8.5318039E+05   -2.6439823E-01   1.6530198E-02   5.8728423E+03   8.4948261E+05   8.5318039E+05   0.0000000E+00   0.0000000E+00   0.0000000E+00   0.0000000E+00   0.0000000E+00
   2.4372892E-01   8.1855778E+05   8.1855778E+05   -2.4697269E-01   1.4853909E-02   5.3860050E+03   8.1500928E+05   8.1855778E+05   0.0000000E+00   0.0000000E+00   0.0000000E+00   0.0000000E+00   0.0000000E+00
   2.5188366E-01   7.8722436E+05   7.8722436E+05   -2.1722183E-01   1.3378640E-02   4.9510614E+03   7.8381097E+05   7.8722436E+05   0.0000000E+00   0.0000000E+00   0.0000000E+00   0.0000000E+00   0.0000000E+00
   2.6031438E-01   7.5553406E+05   7.5553406E+05   -2.0509077E-01   1.2025624E-02   4.5436722E+03   7.5225743E+05   7.5553406E+05   0.0000000E+00   0.0000000E+00   0.0000000E+00   0.0000000E+00   0.0000000E+00
   2.6903201E-01   7.2130520E+05   7.2130520E+05   -1.8271165E-01   1.0753680E-02   4.1509375E+03   7.1817643E+05   7.2130520E+05   0.0000000E+00   0.0000000E+00   0.0000000E+00   0.0000000E+00   0.0000000E+00
   2.7804846E-01   6.8502771E+05   6.8502771E+05   -1.5751454E-01   9.5665244E-03   3.7773780E+03   6.8205577E+05   6.8502771E+05   0.0000000E+00   0.0000000E+00   0.0000000E+00   0.0000000E+00   0.0000000E+00
   2.8737676E-01   6.4933382E+05   6.4933382E+05   -1.4246187E-01   8.4937580E-03   3.4307317E+03   6.4651627E+05   6.4933382E+05   0.0000000E+00   0.0000000E+00   0.0000000E+00   0.0000000E+00   0.0000000E+00
   2.9703121E-01   6.1701295E+05   6.1701295E+05   -1.2323537E-01   7.5579982E-03   3.1246864E+03   6.1433523E+05   6.1701295E+05   0.0000000E+00   0.0000000E+00   0.0000000E+00   0.0000000E+00   0.0000000E+00
   3.0702767E-01   5.8896140E+05   5.8896140E+05   -1.1044765E-01   6.7539543E-03   2.8623761E+03   5.8640504E+05   5.8896140E+05   0.0000000E+00   0.0000000E+00   0.0000000E+00   0.0000000E+00   0.0000000E+00
   3.1738376E-01   5.6364353E+05   5.6364353E+05   -1.0166967E-01   6.0498294E-03   2.6291973E+03   5.6119672E+05   5.6364353E+05   0.0000000E+00   0.0000000E+00   0.0000000E+00   0.0000000E+00   0.0000000E+00
   3.2811919E-01   5.3853382E+05   5.3853382E+05   -9.0624978E-02   5.4095667E-03   2.4134587E+03   5.3619569E+05   5.3853382E+05   0.0000000E+00   0.0000000E+00   0.0000000E+00   0.0000000E+00   0.0000000E+00
   3.3925612E-01   5.1232517E+05   5.1232517E+05   -7.9436065E-02   4.8156299E-03   2.2076141E+03   5.1010056E+05   5.1232517E+05   0.0000000E+00   0.0000000E+00   0.0000000E+00   0.0000000E+00   0.0000000E+00
   3.5081960E-01   4.8590265E+05   4.8590265E+05   -7.0491673E-02   4.2727187E-03   2.0144225E+03   4.8379252E+05   4.8590265E+05   0.0000000E+00   0.0000000E+00   0.0000000E+00   0.0000000E+00   0.0000000E+00
   3.6283813E-01   4.6115790E+05   4.6115790E+05   -6.2525150E-02   3.7921790E-03   1.8397357E+03   4.5915500E+05   4.6115790E+05   0.0000000E+00   0.0000000E+00   0.0000000E+00   0.0000000E+00   0.0000000E+00
   3.7534429E-01   4.3888615E+05   4.3888615E+05   -5.6668930E-02   3.3731802E-03   1.6865258E+03   4.3697978E+05   4.3888615E+05   0.0000000E+00   0.0000000E+00   0.0000000E+00   0.0000000E+00   0.0000000E+00
   3.8837561E-01   4.1805509E+05   4.1805509E+05   -4.9645926E-02   3.0016465E-03   1.5488707E+03   4.1623903E+05   4.1805509E+05   0.0000000E+00   0.0000000E+00   0.0000000E+00   0.0000000E+00   0.0000000E+00
   4.0197555E-01   3.9723039E+05   3.9723039E+05   -4.4380271E-02   2.6629988E-03   1.4190174E+03   3.9550462E+05   3.9723039E+05   0.0000000E+00   0.0000000E+00   0.0000000E+00   0.0000000E+00   0.0000000E+00
   4.1619488E-01   3.7632312E+05   3.7632312E+05   -3.9444363E-02   2.3539940E-03   1.2978759E+03   3.7468804E+05   3.7632312E+05   0.0000000E+00   0.0000000E+00   0.0000000E+00   0.0000000E+00   0.0000000E+00
   4.3109333E-01   3.5638048E+05   3.5638048E+05   -3.4820698E-02   2.0783185E-03   1.1869682E+03   3.5483192E+05   3.5638048E+05   0.0000000E+00   0.0000000E+00   0.0000000E+00   0.0000000E+00   0.0000000E+00
   4.4674183E-01   3.3784544E+05   3.3784544E+05   -3.0549593E-02   1.8348832E-03   1.0870540E+03   3.3637730E+05   3.3784544E+05   0.0000000E+00   0.0000000E+00   0.0000000E+00   0.0000000E+00   0.0000000E+00
   4.6322541E-01   3.1997377E+05   3.1997377E+05   -2.7053840E-02   1.6165975E-03   9.9533616E+02   3.1858318E+05   3.1997377E+05   0.0000000E+00   0.0000000E+00   0.0000000E+00   0.0000000E+00   0.0000000E+00
   4.8064713E-01   3.0221267E+05   3.0221267E+05   -2.3714884E-02   1.4185056E-03   9.0922316E+02   3.0089918E+05   3.0221267E+05   0.0000000E+00   0.0000000E+00   0.0000000E+00   0.0000000E+00   0.0000000E+00
   4.9913337E-01   2.8499268E+05   2.8499268E+05   -2.0697872E-02   1.2406459E-03   8.2973311E+02   2.8375394E+05   2.8499268E+05   0.0000000E+00   0.0000000E+00   0.0000000E+00   0.0000000E+00   0.0000000E+00
   5.1884122E-01   2.6857865E+05   2.6857865E+05   -1.8070017E-02   1.0822240E-03   7.5699627E+02   2.6741117E+05   2.6857865E+05   0.0000000E+00   0.0000000E+00   0.0000000E+00   0.0000000E+00   0.0000000E+00
   5.3996884E-01   2.5251046E+05   2.5251046E+05   -1.5713508E-02   9.3954754E-04   6.8921949E+02   2.5141276E+05   2.5251046E+05   0.0000000E+00   0.0000000E+00   0.0000000E+00   0.0000000E+00   0.0000000E+00
   5.6277036E-01   2.3668309E+05   2.3668309E+05   -1.3564974E-02   8.1088425E-04   6.2580029E+02   2.3565413E+05   2.3668309E+05   0.0000000E+00   0.0000000E+00   0.0000000E+00   0.0000000E+00   0.0000000E+00
   5.8757766E-01   2.2129796E+05   2.2129796E+05   -1.1638280E-02   6.9560170E-04   5.6682238E+02   2.2033583E+05   2.2129796E+05   0.0000000E+00   0.0000000E+00   0.0000000E+00   0.0000000E+00   0.0000000E+00
   6.1483300E-01   2.0610780E+05   2.0610780E+05   -9.8938525E-03   5.9177456E-04   5.1159030E+02   2.0521166E+05   2.0610780E+05   0.0000000E+00   0.0000000E+00   0.0000000E+00   0.0000000E+00   0.0000000E+00
   6.4513854E-01   1.9105204E+05   1.9105204E+05   -8.3360622E-03   4.9828783E-04   4.5934324E+02   1.9022132E+05   1.9105204E+05   0.0000000E+00   0.0000000E+00   0.0000000E+00   0.0000000E+00   0.0000000E+00
   6.7933255E-01   1.7607601E+05   1.7607601E+05   -6.9312362E-03   4.1422225E-04   4.0995885E+02   1.7531037E+05   1.7607601E+05   0.0000000E+00   0.0000000E+00   0.0000000E+00   0.0000000E+00   0.0000000E+00
   7.1860640E-01   1.6103142E+05   1.6103142E+05   -5.6687031E-03   3.3859913E-04   3.6296520E+02   1.6033116E+05   1.6103142E+05   0.0000000E+00   0.0000000E+00   0.0000000E+00   0.0000000E+00   0.0000000E+00
   7.6467725E-01   1.4582642E+05   1.4582642E+05   -4.5341473E-03   2.7083203E-04   3.1793107E+02   1.4519224E+05   1.4582642E+05   0.0000000E+00   0.0000000E+00   0.0000000E+00   0.0000000E+00   0.0000000E+00
   8.2001011E-01   1.3036493E+05   1.3036493E+05   -3.5260999E-03   2.1057332E-04   2.7470554E+02   1.2979796E+05   1.3036493E+05   0.0000000E+00   0.0000000E+00   0.0000000E+00   0.0000000E+00   0.0000000E+00
   8.8797992E-01   1.1464645E+05   1.1464645E+05   -2.6471119E-03   1.5794253E-04   2.3330270E+02   1.1414781E+05   1.1464645E+05   0.0000000E+00   0.0000000E+00   0.0000000E+00   0.0000000E+00   0.0000000E+00
   9.7258139E-01   9.8902214E+04   9.8902214E+04   -1.9041801E-03   1.1359472E-04   1.9431582E+02   9.8472035E+04   9.8902214E+04   0.0000000E+00   0.0000000E+00   0.0000000E+00   0.0000000E+00   0.0000000E+00
   1.0770764E+00   8.3713355E+04   8.3713355E+04   -1.3151308E-03   7.8409522E-05   1.5899597E+02   8.3349223E+04   8.3713355E+04   0.0000000E+00   0.0000000E+00   0.0000000E+00   0.0000000E+00   0.0000000E+00
   1.2022367E+00   6.9863890E+04   6.9863890E+04   -8.8080564E-04   5.2529478E-05   1.2867038E+02   6.9559987E+04   6.9863890E+04   0.0000000E+00   0.0000000E+00   0.0000000E+00   0.0000000E+00   0.0000000E+00
   1.3469739E+00   5.7874546E+04   5.7874546E+04   -5.8167134E-04   3.4670186E-05   1.0381081E+02   5.7622787E+04   5.7874546E+04   0.0000000E+00   0.0000000E+00   0.0000000E+00   0.0000000E+00   0.0000000E+00
   1.5108961E+00   4.7790526E+04   4.7790526E+04   -3.8192431E-04   2.2756851E-05   8.3868961E+01   4.7582628E+04   4.7790526E+04   0.0000000E+00   0.0000000E+00   0.0000000E+00   0.0000000E+00   0.0000000E+00
   1.6951854E+00   3.9400123E+04   3.9400123E+04   -2.5020535E-04   1.4905847E-05   6.7917698E+01   3.9228720E+04   3.9400123E+04   0.0000000E+00   0.0000000E+00   0.0000000E+00   0.0000000E+00   0.0000000E+00
   1.9020220E+00   3.2444034E+04   3.2444034E+04   -1.6371847E-04   9.7511397E-06   5.5119918E+01   3.2302890E+04   3.2444034E+04   0.0000000E+00   0.0000000E+00   0.0000000E+00   0.0000000E+00   0.0000000E+00
   2.1341032E+00   2.6687101E+04   2.6687101E+04   -1.0699824E-04   6.3721248E-06   4.4809685E+01   2.6571001E+04   2.6687101E+04   0.0000000E+00   0.0000000E+00   0.0000000E+00   0.0000000E+00   0.0000000E+00
   2.3945031E+00   2.1929187E+04   2.1929187E+04   -6.9815995E-05   4.1598441E-06   3.6472422E+01   2.1833784E+04   2.1929187E+04   0.0000000E+00   0.0000000E+00   0.0000000E+00   0.0000000E+00   0.0000000E+00
   2.6866767E+00   1.8001969E+04   1.8001969E+04   -4.5545475E-05   2.7130469E-06   2.9713357E+01   1.7923651E+04   1.8001969E+04   0.0000000E+00   0.0000000E+00   0.0000000E+00   0.0000000E+00   0.0000000E+00
   3.0145009E+00   1.4764339E+04   1.4764339E+04   -2.9681832E-05   1.7678770E-06   2.4220427E+01   1.4700105E+04   1.4764339E+04   0.0000000E+00   0.0000000E+00   0.0000000E+00   0.0000000E+00   0.0000000E+00
   3.3823256E+00   1.2098284E+04   1.2098284E+04   -1.9325172E-05   1.1510184E-06   1.9750150E+01   1.2045649E+04   1.2098284E+04   0.0000000E+00   0.0000000E+00   0.0000000E+00   0.0000000E+00   0.0000000E+00
   3.7950317E+00   9.9052895E+03   9.9052895E+03   -1.2517352E-05   7.4882040E-07   1.6106693E+01   9.8621955E+03   9.9052895E+03   0.0000000E+00   0.0000000E+00   0.0000000E+00   0.0000000E+00   0.0000000E+00
   4.2580956E+00   8.1032831E+03   8.1032831E+03   -8.1644760E-06   4.8680875E-07   1.3135414E+01   8.0680288E+03   8.1032831E+03   0.0000000E+00   0.0000000E+00   0.0000000E+00   0.0000000E+00   0.0000000E+00
   4.7776619E+00   6.6240110E+03   6.6240110E+03   -5.3005127E-06   3.1626729E-07   1.0710486E+01   6.5951924E+03   6.6240110E+03   0.0000000E+00   0.0000000E+00   0.0000000E+00   0.0000000E+00   0.0000000E+00
   5.3606248E+00   5.4108072E+03   5.4108072E+03   -3.4384867E-06   2.0534670E-07   8.7315795E+00   5.3872667E+03   5.4108072E+03   0.0000000E+00   0.0000000E+00   0.0000000E+00   0.0000000E+00   0.0000000E+00
   6.0147200E+00   4.4167006E+03   4.4167006E+03   -2.2302664E-06   1.3325753E-07   7.1161414E+00   4.3974851E+03   4.4167006E+03   0.0000000E+00   0.0000000E+00   0.0000000E+00   0.0000000E+00   0.0000000E+00
   6.7486268E+00   3.6028136E+03   3.6028136E+03   -1.4455834E-06   8.6436590E-08   5.7975659E+00   3.5871390E+03   3.6028136E+03   0.0000000E+00   0.0000000E+00   0.0000000E+00   0.0000000E+00   0.0000000E+00
   7.5720838E+00   2.9370122E+03   2.9370122E+03   -9.3518690E-07   5.6045619E-08   4.7215464E+00   2.9242343E+03   2.9370122E+03   0.0000000E+00   0.0000000E+00   0.0000000E+00   0.0000000E+00   0.0000000E+00
   8.4960178E+00   2.3927719E+03   2.3927719E+03   -6.0540983E-07   3.6329944E-08   3.8436747E+00   2.3823618E+03   2.3927719E+03   0.0000000E+00   0.0000000E+00   0.0000000E+00   0.0000000E+00   0.0000000E+00
