#           k/h    CDM            baryon         photon         nu             mass_nu        total          no_nu          total_de       Weyl           v_CDM          v_b            v_b-v_c     
   1.0537954E-05   3.3082712E+06   3.3082712E+06   4.4106865E+06   1.2083033E+04   5.7710906E+04   3.3085216E+06   3.3082712E+06   0.0000000E+00   0.0000000E+00   0.0000000E+00   0.0000000E+00   0.0000000E+00
   1.1823779E-05   3.3082704E+06   3.3082704E+06   4.4105969E+06   1.2082882E+04   5.7710041E+04   3.3085207E+06   3.3082704E+06   0.0000000E+00   0.0000000E+00   0.0000000E+00   0.0000000E+00   0.0000000E+00
   1.3266498E-05   3.3082694E+06   3.3082694E+06   4.4104841E+06   1.2082692E+04   5.7708952E+04   3.3085196E+06   3.3082694E+06   0.0000000E+00   0.0000000E+00   0.0000000E+00   0.0000000E+00   0.0000000E+00
   1.4885255E-05   3.3082681E+06   3.3082681E+06   4.4103421E+06   1.2082453E+04   5.7707581E+04   3.3085182E+06   3.3082681E+06   0.0000000E+00   0.0000000E+00   0.0000000E+00   0.0000000E+00   0.0000000E+00
   1.6701531E-05   3.3082665E+06   3.3082665E+06   4.4101634E+06   1.2082152E+04   5.7705856E+04   3.3085164E+06   3.3082665E+06   0.0000000E+00   0.0000000E+00   0.0000000E+00   0.0000000E+00   0.0000000E+00
   1.8739426E-05   3.3082644E+06   3.3082644E+06   4.4099384E+06   1.2081773E+04   5.7703684E+04   3.3085142E+06   3.3082644E+06   0.0000000E+00   0.0000000E+00   0.0000000E+00   0.0000000E+00   0.0000000E+00
   2.1025982E-05   3.3082619E+06   3.3082619E+06   4.4096552E+06   1.2081296E+04   5.7700949E+04   3.3085113E+06   3.3082619E+06   0.0000000E+00   0.0000000E+00   0.0000000E+00   0.0000000E+00   0.0000000E+00
   2.3591540E-05   3.3082586E+06   3.3082586E+06   4.4092986E+06   1.2080696E+04   5.7697507E+04   3.3085078E+06   3.3082586E+06   0.0000000E+00   0.0000000E+00   0.0000000E+00   0.0000000E+00   0.0000000E+00
   2.6470143E-05   3.3082546E+06   3.3082546E+06   4.4088498E+06   1.2079940E+04   5.7693175E+04   3.3085033E+06   3.3082546E+06   0.0000000E+00   0.0000000E+00   0.0000000E+00   0.0000000E+00   0.0000000E+00
   2.9699989E-05   3.3082495E+06   3.3082495E+06   4.4082848E+06   1.2078989E+04   5.7687722E+04   3.3084976E+06   3.3082495E+06   0.0000000E+00   0.0000000E+00   0.0000000E+00   0.0000000E+00   0.0000000E+00
   3.3323936E-05   3.3082430E+06   3.3082430E+06   4.4075737E+06   1.2077791E+04   5.7680858E+04   3.3084905E+06   3.3082430E+06   0.0000000E+00   0.0000000E+00   0.0000000E+00   0.0000000E+00   0.0000000E+00
   3.7390071E-05   3.3082349E+06   3.3082349E+06   4.4066785E+06   1.2076284E+04   5.7672220E+04   3.3084816E+06   3.3082349E+06   0.0000000E+00   0.0000000E+00   0.0000000E+00   0.0000000E+00   0.0000000E+00
   4.1952349E-05   3.3082247E+06   3.3082247E+06   4.4055518E+06   1.2074386E+04   5.7661350E+04   3.3084703E+06   3.3082247E+06   0.0000000E+00   0.0000000E+00   0.0000000E+00   0.0000000E+00   0.0000000E+00
   4.7071310E-05   3.3082118E+06   3.3082118E+06   4.4041337E+06   1.2071998E+04   5.7647671E+04   3.3084561E+06   3.3082118E+06   0.0000000E+00   0.0000000E+00   0.0000000E+00   0.0000000E+00   0.0000000E+00
   5.2814879E-05   3.3081956E+06   3.3081956E+06   4.4023491E+06   1.2068992E+04   5.7630462E+04   3.3084383E+06   3.3081956E+06   0.0000000E+00   0.0000000E+00   0.0000000E+00   0.0000000E+00   0.0000000E+00
   5.9259269E-05   3.3081752E+06   3.3081752E+06   4.4001034E+06   1.2065208E+04   5.7608813E+04   3.3084158E+06   3.3081752E+06   0.0000000E+00   0.0000000E+00   0.0000000E+00   0.0000000E+00   0.0000000E+00
   6.6489993E-05   3.3081496E+06   3.3081496E+06   4.3972777E+06   1.2060447E+04   5.7581585E+04   3.3083875E+06   3.3081496E+06   0.0000000E+00   0.0000000E+00   0.0000000E+00   0.0000000E+00   0.0000000E+00
   7.4602999E-05   3.3081173E+06   3.3081173E+06   4.3937228E+06   1.2054457E+04   5.7547348E+04   3.3083519E+06   3.3081173E+06   0.0000000E+00   0.0000000E+00   0.0000000E+00   0.0000000E+00   0.0000000E+00
   8.3705942E-05   3.3080767E+06   3.3080767E+06   4.3892513E+06   1.2046919E+04   5.7504314E+04   3.3083071E+06   3.3080767E+06   0.0000000E+00   0.0000000E+00   0.0000000E+00   0.0000000E+00   0.0000000E+00
   9.3919611E-05   3.3080255E+06   3.3080255E+06   4.3836280E+06   1.2037438E+04   5.7450241E+04   3.3082507E+06   3.3080255E+06   0.0000000E+00   0.0000000E+00   0.0000000E+00   0.0000000E+00   0.0000000E+00
   1.0537954E-04   3.3079611E+06   3.3079611E+06   4.3765583E+06   1.2025514E+04   5.7382334E+04   3.3081798E+06   3.3079611E+06   0.0000000E+00   0.0000000E+00   0.0000000E+00   0.0000000E+00   0.0000000E+00
   1.1823779E-04   3.3078801E+06   3.3078801E+06   4.3676733E+06   1.2010520E+04   5.7297105E+04   3.3080905E+06   3.3078801E+06   0.0000000E+00   0.0000000E+00   0.0000000E+00   0.0000000E+00   0.0000000E+00
   1.3266498E-04   3.3077782E+06   3.3077782E+06   4.3565117E+06   1.1991674E+04   5.7190224E+04   3.3079781E+06   3.3077782E+06   0.0000000E+00   0.0000000E+00   0.0000000E+00   0.0000000E+00   0.0000000E+00
   1.4885255E-04   3.3076500E+06   3.3076500E+06   4.3424981E+06   1.1967994E+04   5.7056323E+04   3.3078368E+06   3.3076500E+06   0.0000000E+00   0.0000000E+00   0.0000000E+00   0.0000000E+00   0.0000000E+00
   1.6701531E-04   3.3074886E+06   3.3074886E+06   4.3249160E+06   1.1938257E+04   5.6888785E+04   3.3076590E+06   3.3074886E+06   0.0000000E+00   0.0000000E+00   0.0000000E+00   0.0000000E+00   0.0000000E+00
   1.8739426E-04   3.3072858E+06   3.3072858E+06   4.3028763E+06   1.1900937E+04   5.6679496E+04   3.3074354E+06   3.3072858E+06   0.0000000E+00   0.0000000E+00   0.0000000E+00   0.0000000E+00   0.0000000E+00
   2.1025982E-04   3.3070307E+06   3.3070307E+06   4.2752797E+06   1.1854138E+04   5.6418583E+04   3.3071544E+06   3.3070307E+06   0.0000000E+00   0.0000000E+00   0.0000000E+00   0.0000000E+00   0.0000000E+00
   2.3591540E-04   3.3067101E+06   3.3067101E+06   4.2407736E+06   1.1795513E+04   5.6094143E+04   3.3068012E+06   3.3067101E+06   0.0000000E+00   0.0000000E+00   0.0000000E+00   0.0000000E+00   0.0000000E+00
   2.6470143E-04   3.3063074E+06   3.3063074E+06   4.1977044E+06   1.1722165E+04   5.5692021E+04   3.3063576E+06   3.3063074E+06   0.0000000E+00   0.0000000E+00   0.0000000E+00   0.0000000E+00   0.0000000E+00
   2.9699989E-04   3.3058017E+06   3.3058017E+06   4.1440674E+06   1.1630547E+04   5.5195667E+04   3.3058007E+06   3.3058017E+06   0.0000000E+00   0.0000000E+00   0.0000000E+00   0.0000000E+00   0.0000000E+00
   3.3323936E-04   3.3051671E+06   3.3051671E+06   4.0774579E+06   1.1516340E+04   5.4586203E+04   3.3051021E+06   3.3051671E+06   0.0000000E+00   0.0000000E+00   0.0000000E+00   0.0000000E+00   0.0000000E+00
   3.7390071E-04   3.3043715E+06   3.3043715E+06   3.9950332E+06   1.1374341E+04   5.3842839E+04   3.3042266E+06   3.3043715E+06   0.0000000E+00   0.0000000E+00   0.0000000E+00   0.0000000E+00   0.0000000E+00
   4.1952349E-04   3.3033750E+06   3.3033750E+06   3.8934977E+06   1.1198354E+04   5.2943880E+04   3.3031305E+06   3.3033750E+06   0.0000000E+00   0.0000000E+00   0.0000000E+00   0.0000000E+00   0.0000000E+00
   4.7071310E-04   3.3021284E+06   3.3021284E+06   3.7691337E+06   1.0981133E+04   5.1868641E+04   3.3017604E+06   3.3021284E+06   0.0000000E+00   0.0000000E+00   0.0000000E+00   0.0000000E+00   0.0000000E+00
   5.2814879E-04   3.3005717E+06   3.3005717E+06   3.6179092E+06   1.0714393E+04   5.0600711E+04   3.3000507E+06   3.3005717E+06   0.0000000E+00   0.0000000E+00   0.0000000E+00   0.0000000E+00   0.0000000E+00
   5.9259269E-04   3.2986314E+06   3.2986314E+06   3.4357098E+06   1.0388968E+04   4.9133014E+04   3.2979218E+06   3.2986314E+06   0.0000000E+00   0.0000000E+00   0.0000000E+00   0.0000000E+00   0.0000000E+00
   6.6489993E-04   3.2962189E+06   3.2962189E+06   3.2187541E+06   9.9951900E+03   4.7475082E+04   3.2952783E+06   3.2962189E+06   0.0000000E+00   0.0000000E+00   0.0000000E+00   0.0000000E+00   0.0000000E+00
   7.4602999E-04   3.2932283E+06   3.2932283E+06   2.9642624E+06   9.5236206E+03   4.5662534E+04   3.2920065E+06   3.2932283E+06   0.0000000E+00   0.0000000E+00   0.0000000E+00   0.0000000E+00   0.0000000E+00
   8.3705942E-04   3.2895346E+06   3.2895346E+06   2.6714421E+06   8.9662577E+03   4.3767733E+04   3.2879736E+06   3.2895346E+06   0.0000000E+00   0.0000000E+00   0.0000000E+00   0.0000000E+00   0.0000000E+00
   9.3919611E-04   3.2849923E+06   3.2849923E+06   2.3428085E+06   8.3183559E+03   4.1908591E+04   3.2830266E+06   3.2849923E+06   0.0000000E+00   0.0000000E+00   0.0000000E+00   0.0000000E+00   0.0000000E+00
   1.0537954E-03   3.2794356E+06   3.2794356E+06   1.9857458E+06   7.5809182E+03   4.0249089E+04   3.2769938E+06   3.2794356E+06   0.0000000E+00   0.0000000E+00   0.0000000E+00   0.0000000E+00   0.0000000E+00
   1.1823779E-03   3.2726790E+06   3.2726790E+06   1.6139842E+06   6.7637199E+03   3.8980557E+04   3.2696868E+06   3.2726790E+06   0.0000000E+00   0.0000000E+00   0.0000000E+00   0.0000000E+00   0.0000000E+00
   1.3266498E-03   3.2645203E+06   3.2645203E+06   1.2483042E+06   5.8883385E+03   3.8269197E+04   3.2609058E+06   3.2645203E+06   0.0000000E+00   0.0000000E+00   0.0000000E+00   0.0000000E+00   0.0000000E+00
   1.4885255E-03   3.2547439E+06   3.2547439E+06   9.1534600E+05   4.9900386E+03   3.8158626E+04   3.2504449E+06   3.2547439E+06   0.0000000E+00   0.0000000E+00   0.0000000E+00   0.0000000E+00   0.0000000E+00
   1.6701531E-03   3.2431240E+06   3.2431240E+06   6.4315452E+05   4.1166353E+03   3.8437766E+04   3.2380978E+06   3.2431240E+06   0.0000000E+00   0.0000000E+00   0.0000000E+00   0.0000000E+00   0.0000000E+00
   1.8739426E-03   3.2294263E+06   3.2294263E+06   4.5267510E+05   3.3220734E+03   3.8537435E+04   3.2236595E+06   3.2294263E+06   0.0000000E+00   0.0000000E+00   0.0000000E+00   0.0000000E+00   0.0000000E+00
   2.1025982E-03   3.2134037E+06   3.2134037E+06   3.4672061E+05   2.6534388E+03   3.7598158E+04   3.2069200E+06   3.2134037E+06   0.0000000E+00   0.0000000E+00   0.0000000E+00   0.0000000E+00   0.0000000E+00
   2.3591540E-03   3.1947881E+06   3.1947881E+06   3.0232002E+05   2.1337315E+03   3.4886350E+04   3.1876494E+06   3.1947881E+06   0.0000000E+00   0.0000000E+00   0.0000000E+00   0.0000000E+00   0.0000000E+00
   2.6470143E-03   3.1732813E+06   3.1732813E+06   2.7645060E+05   1.7490967E+03   3.0547486E+04   3.1655775E+06   3.1732813E+06   0.0000000E+00   0.0000000E+00   0.0000000E+00   0.0000000E+00   0.0000000E+00
   2.9699989E-03   3.1485546E+06   3.1485546E+06   2.3149957E+05   1.4540590E+03   2.6108732E+04   3.1403816E+06   3.1485546E+06   0.0000000E+00   0.0000000E+00   0.0000000E+00   0.0000000E+00   0.0000000E+00
   3.3323936E-03   3.1202650E+06   3.1202650E+06   1.6694016E+05   1.2012534E+03   2.3573847E+04   3.1116984E+06   3.1202650E+06   0.0000000E+00   0.0000000E+00   0.0000000E+00   0.0000000E+00   0.0000000E+00
   3.7390071E-03   3.0880768E+06   3.0880768E+06   1.1834471E+05   9.7598949E+02   2.2938063E+04   3.0791577E+06   3.0880768E+06   0.0000000E+00   0.0000000E+00   0.0000000E+00   0.0000000E+00   0.0000000E+00
   4.1952349E-03   3.0516600E+06   3.0516600E+06   1.0408494E+05   7.9345554E+02   2.1400673E+04   3.0424055E+06   3.0516600E+06   0.0000000E+00   0.0000000E+00   0.0000000E+00   0.0000000E+00   0.0000000E+00
   4.7071310E-03   3.0106587E+06   3.0106587E+06   9.1232200E+04   6.5377390E+02   1.7917842E+04   3.0010924E+06   3.0106587E+06   0.0000000E+00   0.0000000E+00   0.0000000E+00   0.0000000E+00   0.0000000E+00
   5.2814879E-03   2.9646884E+06   2.9646884E+06   6.3007281E+04   5.3160677E+02   1.5895898E+04   2.9548596E+06   2.9646884E+06   0.0000000E+00   0.0000000E+00   0.0000000E+00   0.0000000E+00   0.0000000E+00
   5.9259269E-03   2.9133825E+06   2.9133825E+06   5.2273171E+04   4.2571950E+02   1.4882420E+04   2.9033572E+06   2.9133825E+06   0.0000000E+00   0.0000000E+00   0.0000000E+00   0.0000000E+00   0.0000000E+00
   6.6489993E-03   2.8563887E+06   2.8563887E+06   4.3567169E+04   3.4505056E+02   1.2114556E+04   2.8462314E+06   2.8563887E+06   0.0000000E+00   0.0000000E+00   0.0000000E+00   0.0000000E+00   0.0000000E+00
   7.4602999E-03   2.7933333E+06   2.7933333E+06   3.0546722E+04   2.7521381E+02   1.1239971E+04   2.7830955E+06   2.7933333E+06   0.0000000E+00   0.0000000E+00   0.0000000E+00   0.0000000E+00   0.0000000E+00
   8.3705942E-03   2.7238546E+06   2.7238546E+06   2.6378331E+04   2.2005334E+02   9.0786037E+03   2.7135905E+06   2.7238546E+06   0.0000000E+00   0.0000000E+00   0.0000000E+00   0.0000000E+00   0.0000000E+00
   9.3919611E-03   2.6475868E+06   2.6475868E+06   1.8789214E+04   1.7318180E+02   8.4068874E+03   2.6373766E+06   2.6475868E+06   0.0000000E+00   0.0000000E+00   0.0000000E+00   0.0000000E+00   0.0000000E+00
   1.0537954E-02   2.5641802E+06   2.5641802E+06   1.3836755E+04   1.3710276E+02   6.7449500E+03   2.5540792E+06   2.5641802E+06   0.0000000E+00   0.0000000E+00   0.0000000E+00   0.0000000E+00   0.0000000E+00
   1.1823779E-02   2.4732868E+06   2.4732868E+06   1.1590244E+04   1.0693900E+02   5.7904289E+03   2.4633633E+06   2.4732868E+06   0.0000000E+00   0.0000000E+00   0.0000000E+00   0.0000000E+00   0.0000000E+00
   1.3266498E-02   2.3745946E+06   2.3745946E+06   8.7221405E+03   8.3021341E+01   5.1067052E+03   2.3649108E+06   2.3745946E+06   0.0000000E+00   0.0000000E+00   0.0000000E+00   0.0000000E+00   0.0000000E+00
   1.4885255E-02   2.2678523E+06   2.2678523E+06   6.4413286E+03   6.4029731E+01   4.3663705E+03   2.2584752E+06   2.2678523E+06   0.0000000E+00   0.0000000E+00   0.0000000E+00   0.0000000E+00   0.0000000E+00
   1.6701531E-02   2.1529282E+06   2.1529282E+06   4.9425289E+03   4.9032365E+01   3.6288087E+03   2.1439169E+06   2.1529282E+06   0.0000000E+00   0.0000000E+00   0.0000000E+00   0.0000000E+00   0.0000000E+00
   1.8739426E-02   2.0299023E+06   2.0299023E+06   3.8033916E+03   3.7305878E+01   2.9101036E+03   2.0213169E+06   2.0299023E+06   0.0000000E+00   0.0000000E+00   0.0000000E+00   0.0000000E+00   0.0000000E+00
   2.1025981E-02   1.8992022E+06   1.8992022E+06   2.6024216E+03   2.8118195E+01   2.3414387E+03   1.8910979E+06   1.8992022E+06   0.0000000E+00   0.0000000E+00   0.0000000E+00   0.0000000E+00   0.0000000E+00
   2.3591515E-02   1.7617886E+06   1.7617886E+06   1.9620837E+03   2.0953166E+01   2.0249896E+03   1.7542132E+06   1.7617886E+06   0.0000000E+00   0.0000000E+00   0.0000000E+00   0.0000000E+00   0.0000000E+00
   2.6469777E-02   1.6193881E+06   1.6193881E+06   1.3687614E+03   1.5481369E+01   1.6109801E+03   1.6123800E+06   1.6193881E+06   0.0000000E+00   0.0000000E+00   0.0000000E+00   0.0000000E+00   0.0000000E+00
   2.9696307E-02   1.4747917E+06   1.4747917E+06   1.0162486E+03   1.1320411E+01   1.2988648E+03   1.4683746E+06   1.4747917E+06   0.0000000E+00   0.0000000E+00   0.0000000E+00   0.0000000E+00   0.0000000E+00
   3.3297505E-02   1.3323309E+06   1.3323309E+06   7.2481826E+02   8.2075439E+00   1.0721943E+03   1.3265075E+06   1.3323309E+06   0.0000000E+00   0.0000000E+00   0.0000000E+00   0.0000000E+00   0.0000000E+00
   3.7251094E-02   1.1985646E+06   1.1985646E+06   5.4215940E+02   5.9408497E+00   8.8188430E+02   1.1933060E+06   1.1985646E+06   0.0000000E+00   0.0000000E+00   0.0000000E+00   0.0000000E+00   0.0000000E+00
   4.1413906E-02   1.0819170E+06   1.0819170E+06   3.8038555E+02   4.3586036E+00   7.1056795E+02   1.0771561E+06   1.0819170E+06   0.0000000E+00   0.0000000E+00   0.0000000E+00   0.0000000E+00   0.0000000E+00
   4.5525600E-02   9.8852375E+05   9.8852375E+05   2.8542289E+02   3.2971610E+00   6.3022199E+02   9.8416393E+05   9.8852375E+05   0.0000000E+00   0.0000000E+00   0.0000000E+00   0.0000000E+00   0.0000000E+00
   4.9387658E-02   9.1749301E+05   9.1749301E+05   2.3800522E+02   2.5977634E+00   5.5027363E+02   9.1343968E+05   9.1749301E+05   0.0000000E+00   0.0000000E+00   0.0000000E+00   0.0000000E+00   0.0000000E+00
   5.2967249E-02   8.6321103E+05   8.6321103E+05   1.9570044E+02   2.1195523E+00   4.9216601E+02   8.5939261E+05   8.6321103E+05   0.0000000E+00   0.0000000E+00   0.0000000E+00   0.0000000E+00   0.0000000E+00
   5.6318195E-02   8.2005891E+05   8.2005891E+05   1.6169342E+02   1.7755753E+00   4.5418724E+02   8.1642776E+05   8.2005891E+05   0.0000000E+00   0.0000000E+00   0.0000000E+00   0.0000000E+00   0.0000000E+00
   5.9505773E-02   7.8397331E+05   7.8397331E+05   1.3310615E+02   1.5165280E+00   4.2021580E+02   7.8049912E+05   7.8397331E+05   0.0000000E+00   0.0000000E+00   0.0000000E+00   0.0000000E+00   0.0000000E+00
   6.2583763E-02   7.5223836E+05   7.5223836E+05   1.1323284E+02   1.3128342E+00   3.8485053E+02   7.4890251E+05   7.5223836E+05   0.0000000E+00   0.0000000E+00   0.0000000E+00   0.0000000E+00   0.0000000E+00
   6.5592900E-02   7.2305140E+05   7.2305140E+05   1.0502426E+02   1.1471819E+00   3.5709350E+02   7.1984311E+05   7.2305140E+05   0.0000000E+00   0.0000000E+00   0.0000000E+00   0.0000000E+00   0.0000000E+00
   6.8563812E-02   6.9521743E+05   6.9521743E+05   9.3531858E+01   1.0085220E+00   3.4686249E+02   6.9213106E+05   6.9521743E+05   0.0000000E+00   0.0000000E+00   0.0000000E+00   0.0000000E+00   0.0000000E+00
   7.1519949E-02   6.6796626E+05   6.6796626E+05   7.6218251E+01   8.9075732E-01   3.2523807E+02   6.6499954E+05   6.6796626E+05   0.0000000E+00   0.0000000E+00   0.0000000E+00   0.0000000E+00   0.0000000E+00
   7.4479741E-02   6.4084501E+05   6.4084501E+05   7.1045480E+01   7.8908911E-01   2.9814261E+02   6.3799761E+05   6.4084501E+05   0.0000000E+00   0.0000000E+00   0.0000000E+00   0.0000000E+00   0.0000000E+00
   7.7458096E-02   6.1365147E+05   6.1365147E+05   6.5646028E+01   6.9982239E-01   2.8962365E+02   6.1092390E+05   6.1365147E+05   0.0000000E+00   0.0000000E+00   0.0000000E+00   0.0000000E+00   0.0000000E+00
   8.0467419E-02   5.8638748E+05   5.8638748E+05   5.3568822E+01   6.2134142E-01   2.7438521E+02   5.8378024E+05   5.8638748E+05   0.0000000E+00   0.0000000E+00   0.0000000E+00   0.0000000E+00   0.0000000E+00
   8.3518315E-02   5.5922018E+05   5.5922018E+05   4.7357541E+01   5.5197454E-01   2.5114720E+02   5.5673298E+05   5.5922018E+05   0.0000000E+00   0.0000000E+00   0.0000000E+00   0.0000000E+00   0.0000000E+00
   8.6620078E-02   5.3244364E+05   5.3244364E+05   4.4640638E+01   4.9033036E-01   2.3572118E+02   5.3007487E+05   5.3244364E+05   0.0000000E+00   0.0000000E+00   0.0000000E+00   0.0000000E+00   0.0000000E+00
   8.9781043E-02   5.0643719E+05   5.0643719E+05   3.9955053E+01   4.3557615E-01   2.2554110E+02   5.0418355E+05   5.0643719E+05   0.0000000E+00   0.0000000E+00   0.0000000E+00   0.0000000E+00   0.0000000E+00
   9.3008836E-02   4.8161869E+05   4.8161869E+05   3.4649450E+01   3.8723585E-01   2.1347052E+02   4.7947499E+05   4.8161869E+05   0.0000000E+00   0.0000000E+00   0.0000000E+00   0.0000000E+00   0.0000000E+00
   9.6310557E-02   4.5839345E+05   4.5839345E+05   3.0365462E+01   3.4464979E-01   2.0098633E+02   4.5635268E+05   4.5839345E+05   0.0000000E+00   0.0000000E+00   0.0000000E+00   0.0000000E+00   0.0000000E+00
   9.9692920E-02   4.3710130E+05   4.3710130E+05   2.7096434E+01   3.0726541E-01   1.8913600E+02   4.3515492E+05   4.3710130E+05   0.0000000E+00   0.0000000E+00   0.0000000E+00   0.0000000E+00   0.0000000E+00
   1.0316235E-01   4.1796623E+05   4.1796623E+05   2.4464963E+01   2.7450751E-01   1.7903219E+02   4.1610471E+05   4.1796623E+05   0.0000000E+00   0.0000000E+00   0.0000000E+00   0.0000000E+00   0.0000000E+00
   1.0672508E-01   4.0105452E+05   4.0105452E+05   2.2189072E+01   2.4592867E-01   1.6981775E+02   3.9926800E+05   4.0105452E+05   0.0000000E+00   0.0000000E+00   0.0000000E+00   0.0000000E+00   0.0000000E+00
   1.1038719E-01   3.8624813E+05   3.8624813E+05   1.9967401E+01   2.2097632E-01   1.6099641E+02   3.8452728E+05   3.8624813E+05   0.0000000E+00   0.0000000E+00   0.0000000E+00   0.0000000E+00   0.0000000E+00
   1.1415464E-01   3.7324019E+05   3.7324019E+05   1.7510006E+01   1.9909460E-01   1.5364799E+02   3.7157705E+05   3.7324019E+05   0.0000000E+00   0.0000000E+00   0.0000000E+00   0.0000000E+00   0.0000000E+00
   1.1803337E-01   3.6155771E+05   3.6155771E+05   1.5257514E+01   1.7977282E-01   1.4925713E+02   3.5994639E+05   3.6155771E+05   0.0000000E+00   0.0000000E+00   0.0000000E+00   0.0000000E+00   0.0000000E+00
   1.2202924E-01   3.5061364E+05   3.5061364E+05   1.4397177E+01   1.6253096E-01   1.4576260E+02   3.4905087E+05   3.5061364E+05   0.0000000E+00   0.0000000E+00   0.0000000E+00   0.0000000E+00   0.0000000E+00
   1.2614813E-01   3.3978565E+05   3.3978565E+05   1.3435661E+01   1.4700751E-01   1.3805334E+02   3.3827096E+05   3.3978565E+05   0.0000000E+00   0.0000000E+00   0.0000000E+00   0.0000000E+00   0.0000000E+00
   1.3039588E-01   3.2851300E+05   3.2851300E+05   1.1418296E+01   1.3279514E-01   1.3382091E+02   3.2704838E+05   3.2851300E+05   0.0000000E+00   0.0000000E+00   0.0000000E+00   0.0000000E+00   0.0000000E+00
   1.3477839E-01   3.1639639E+05   3.1639639E+05   1.1015510E+01   1.1968879E-01   1.2751392E+02   3.1498564E+05   3.1639639E+05   0.0000000E+00   0.0000000E+00   0.0000000E+00   0.0000000E+00   0.0000000E+00
   1.3930154E-01   3.0328112E+05   3.0328112E+05   9.3344314E+00   1.0753144E-01   1.2267351E+02   3.0192870E+05   3.0328112E+05   0.0000000E+00   0.0000000E+00   0.0000000E+00   0.0000000E+00   0.0000000E+00
   1.4397127E-01   2.8930167E+05   2.8930167E+05   8.4447710E+00   9.6294109E-02   1.1463411E+02   2.8801146E+05   2.8930167E+05   0.0000000E+00   0.0000000E+00   0.0000000E+00   0.0000000E+00   0.0000000E+00
   1.4879354E-01   2.7486965E+05   2.7486965E+05   7.8422073E+00   8.5952472E-02   1.0898319E+02   2.7364369E+05   2.7486965E+05   0.0000000E+00   0.0000000E+00   0.0000000E+00   0.0000000E+00   0.0000000E+00
   1.5377436E-01   2.6059617E+05   2.6059617E+05   6.9284010E+00   7.6570039E-02   1.0359439E+02   2.5943377E+05   2.6059617E+05   0.0000000E+00   0.0000000E+00   0.0000000E+00   0.0000000E+00   0.0000000E+00
   1.5891980E-01   2.4715551E+05   2.4715551E+05   6.0998132E+00   6.8200907E-02   9.7680369E+01   2.4605297E+05   2.4715551E+05   0.0000000E+00   0.0000000E+00   0.0000000E+00   0.0000000E+00   0.0000000E+00
   1.6423597E-01   2.3511555E+05   2.3511555E+05   5.3995904E+00   6.0837026E-02   9.2305167E+01   2.3406664E+05   2.3511555E+05   0.0000000E+00   0.0000000E+00   0.0000000E+00   0.0000000E+00   0.0000000E+00
   1.6972907E-01   2.2477715E+05   2.2477715E+05   4.7351986E+00   5.4439152E-02   8.7682778E+01   2.2377429E+05   2.2477715E+05   0.0000000E+00   0.0000000E+00   0.0000000E+00   0.0000000E+00   0.0000000E+00
   1.7540537E-01   2.1607258E+05   2.1607258E+05   4.2457169E+00   4.8888029E-02   8.4586118E+01   2.1510849E+05   2.1607258E+05   0.0000000E+00   0.0000000E+00   0.0000000E+00   0.0000000E+00   0.0000000E+00
   1.8127124E-01   2.0856614E+05   2.0856614E+05   3.9852137E+00   4.4042788E-02   8.1100802E+01   2.0763548E+05   2.0856614E+05   0.0000000E+00   0.0000000E+00   0.0000000E+00   0.0000000E+00   0.0000000E+00
   1.8733317E-01   2.0157418E+05   2.0157418E+05   3.4251141E+00   3.9730770E-02   7.7995674E+01   2.0067467E+05   2.0157418E+05   0.0000000E+00   0.0000000E+00   0.0000000E+00   0.0000000E+00   0.0000000E+00
   1.9359780E-01   1.9438175E+05   1.9438175E+05   3.2448336E+00   3.5797956E-02   7.4983225E+01   1.9351428E+05   1.9438175E+05   0.0000000E+00   0.0000000E+00   0.0000000E+00   0.0000000E+00   0.0000000E+00
   2.0007191E-01   1.8649023E+05   1.8649023E+05   2.8491144E+00   3.2148902E-02   7.2125250E+01   1.8565793E+05   1.8649023E+05   0.0000000E+00   0.0000000E+00   0.0000000E+00   0.0000000E+00   0.0000000E+00
   2.0676253E-01   1.7780304E+05   1.7780304E+05   2.4944429E+00   2.8745282E-02   6.8458268E+01   1.7700948E+05   1.7780304E+05   0.0000000E+00   0.0000000E+00   0.0000000E+00   0.0000000E+00   0.0000000E+00
   2.1367691E-01   1.6866378E+05   1.6866378E+05   2.2113746E+00   2.5605417E-02   6.4692426E+01   1.6791097E+05   1.6866378E+05   0.0000000E+00   0.0000000E+00   0.0000000E+00   0.0000000E+00   0.0000000E+00
   2.2082260E-01   1.5971032E+05   1.5971032E+05   1.9830408E+00   2.2766627E-02   6.1201754E+01   1.5899745E+05   1.5971032E+05   0.0000000E+00   0.0000000E+00   0.0000000E+00   0.0000000E+00   0.0000000E+00
   2.2820753E-01   1.5158898E+05   1.5158898E+05   1.7974327E+00   2.0264522E-02   5.7859223E+01   1.5091233E+05   1.5158898E+05   0.0000000E+00   0.0000000E+00   0.0000000E+00   0.0000000E+00   0.0000000E+00
   2.3584002E-01   1.4465051E+05   1.4465051E+05   1.5800598E+00   1.8098999E-02   5.5075993E+01   1.4400481E+05   1.4465051E+05   0.0000000E+00   0.0000000E+00   0.0000000E+00   0.0000000E+00   0.0000000E+00
   2.4372892E-01   1.3878055E+05   1.3878055E+05   1.4417348E+00   1.6226497E-02   5.2646959E+01   1.3816102E+05   1.3878055E+05   0.0000000E+00   0.0000000E+00   0.0000000E+00   0.0000000E+00   0.0000000E+00
   2.5188366E-01   1.3346823E+05   1.3346823E+05   1.2888440E+00   1.4576028E-02   5.0713641E+01   1.3287239E+05   1.3346823E+05   0.0000000E+00   0.0000000E+00   0.0000000E+00   0.0000000E+00   0.0000000E+00
   2.6031438E-01   1.2809540E+05   1.2809540E+05   1.1422258E+00   1.3080037E-02   4.8518632E+01   1.2752353E+05   1.2809540E+05   0.0000000E+00   0.0000000E+00   0.0000000E+00   0.0000000E+00   0.0000000E+00
   2.6903201E-01   1.2229218E+05   1.2229218E+05   1.0216038E+00   1.1695358E-02   4.6225926E+01   1.2174620E+05   1.2229218E+05   0.0000000E+00   0.0000000E+00   0.0000000E+00   0.0000000E+00   0.0000000E+00
   2.7804846E-01   1.1614162E+05   1.1614162E+05   9.1822076E-01   1.0415809E-02   4.3896595E+01   1.1562309E+05   1.1614162E+05   0.0000000E+00   0.0000000E+00   0.0000000E+00   0.0000000E+00   0.0000000E+00
   2.8737676E-01   1.1009001E+05   1.1009001E+05   8.2039025E-01   9.2597980E-03   4.1445445E+01   1.0959848E+05   1.1009001E+05   0.0000000E+00   0.0000000E+00   0.0000000E+00   0.0000000E+00   0.0000000E+00
   2.9703121E-01   1.0461026E+05   1.0461026E+05   7.2515446E-01   8.2418607E-03   3.9362167E+01   1.0414318E+05   1.0461026E+05   0.0000000E+00   0.0000000E+00   0.0000000E+00   0.0000000E+00   0.0000000E+00
   3.0702767E-01   9.9854330E+04   9.9854330E+04   6.4707104E-01   7.3567151E-03   3.7540429E+01   9.9408482E+04   9.9854330E+04   0.0000000E+00   0.0000000E+00   0.0000000E+00   0.0000000E+00   0.0000000E+00
   3.1738376E-01   9.5561878E+04   9.5561878E+04   5.7707765E-01   6.5786960E-03   3.5903661E+01   9.5135186E+04   9.5561878E+04   0.0000000E+00   0.0000000E+00   0.0000000E+00   0.0000000E+00   0.0000000E+00
   3.2811919E-01   9.1304716E+04   9.1304716E+04   5.1898053E-01   5.8767255E-03   3.4258976E+01   9.0897024E+04   9.1304716E+04   0.0000000E+00   0.0000000E+00   0.0000000E+00   0.0000000E+00   0.0000000E+00
   3.3925612E-01   8.6861238E+04   8.6861238E+04   4.6317373E-01   5.2327571E-03   3.2489803E+01   8.6473379E+04   8.6861238E+04   0.0000000E+00   0.0000000E+00   0.0000000E+00   0.0000000E+00   0.0000000E+00
   3.5081960E-01   8.2381496E+04   8.2381496E+04   4.1015925E-01   4.6460207E-03   3.0846417E+01   8.2013633E+04   8.2381496E+04   0.0000000E+00   0.0000000E+00   0.0000000E+00   0.0000000E+00   0.0000000E+00
   3.6283813E-01   7.8186205E+04   7.8186205E+04   3.6333258E-01   4.1245706E-03   2.9210820E+01   7.7837070E+04   7.8186205E+04   0.0000000E+00   0.0000000E+00   0.0000000E+00   0.0000000E+00   0.0000000E+00
   3.7534429E-01   7.4410191E+04   7.4410191E+04   3.2300829E-01   3.6662513E-03   2.7766996E+01   7.4077912E+04   7.4410191E+04   0.0000000E+00   0.0000000E+00   0.0000000E+00   0.0000000E+00   0.0000000E+00
   3.8837561E-01   7.0878436E+04   7.0878436E+04   2.8664860E-01   3.2593318E-03   2.6446581E+01   7.0561923E+04   7.0878436E+04   0.0000000E+00   0.0000000E+00   0.0000000E+00   0.0000000E+00   0.0000000E+00
   4.0197555E-01   6.7347757E+04   6.7347757E+04   2.5402932E-01   2.8909311E-03   2.5098700E+01   6.7047006E+04   6.7347757E+04   0.0000000E+00   0.0000000E+00   0.0000000E+00   0.0000000E+00   0.0000000E+00
   4.1619488E-01   6.3803078E+04   6.3803078E+04   2.2476468E-01   2.5562530E-03   2.3771882E+01   6.3518153E+04   6.3803078E+04   0.0000000E+00   0.0000000E+00   0.0000000E+00   0.0000000E+00   0.0000000E+00
   4.3109333E-01   6.0421945E+04   6.0421945E+04   1.9866865E-01   2.2570082E-03   2.2498536E+01   6.0152116E+04   6.0421945E+04   0.0000000E+00   0.0000000E+00   0.0000000E+00   0.0000000E+00   0.0000000E+00
   4.4674183E-01   5.7279460E+04   5.7279460E+04   1.7514794E-01   1.9917392E-03   2.1301404E+01   5.7023660E+04   5.7279460E+04   0.0000000E+00   0.0000000E+00   0.0000000E+00   0.0000000E+00   0.0000000E+00
   4.6322541E-01   5.4249442E+04   5.4249442E+04   1.5472075E-01   1.7538317E-03   2.0170955E+01   5.4007170E+04   5.4249442E+04   0.0000000E+00   0.0000000E+00   0.0000000E+00   0.0000000E+00   0.0000000E+00
   4.8064713E-01   5.1238172E+04   5.1238172E+04   1.3572549E-01   1.5388731E-03   1.9047632E+01   5.1009346E+04   5.1238172E+04   0.0000000E+00   0.0000000E+00   0.0000000E+00   0.0000000E+00   0.0000000E+00
   4.9913337E-01   4.8318641E+04   4.8318641E+04   1.1854263E-01   1.3461259E-03   1.7936930E+01   4.8102851E+04   4.8318641E+04   0.0000000E+00   0.0000000E+00   0.0000000E+00   0.0000000E+00   0.0000000E+00
   5.1884122E-01   4.5535753E+04   4.5535753E+04   1.0342611E-01   1.1737132E-03   1.6901683E+01   4.5332390E+04   4.5535753E+04   0.0000000E+00   0.0000000E+00   0.0000000E+00   0.0000000E+00   0.0000000E+00
   5.3996884E-01   4.2811502E+04   4.2811502E+04   8.9737271E-02   1.0188429E-03   1.5878547E+01   4.2620304E+04   4.2811502E+04   0.0000000E+00   0.0000000E+00   0.0000000E+00   0.0000000E+00   0.0000000E+00
   5.6277036E-01   4.0128078E+04   4.0128078E+04   7.7429603E-02   8.7935226E-04   1.4876392E+01   3.9948862E+04   4.0128078E+04   0.0000000E+00   0.0000000E+00   0.0000000E+00   0.0000000E+00   0.0000000E+00
   5.8757766E-01   3.7519634E+04   3.7519634E+04   6.6441759E-02   7.5414161E-04   1.3903642E+01   3.7352066E+04   3.7519634E+04   0.0000000E+00   0.0000000E+00   0.0000000E+00   0.0000000E+00   0.0000000E+00
   6.1483300E-01   3.4944244E+04   3.4944244E+04   5.6490461E-02   6.4147926E-04   1.2940312E+01   3.4788177E+04   3.4944244E+04   0.0000000E+00   0.0000000E+00   0.0000000E+00   0.0000000E+00   0.0000000E+00
   6.4513854E-01   3.2391641E+04   3.2391641E+04   4.7563489E-02   5.4010359E-04   1.1989797E+01   3.2246973E+04   3.2391641E+04   0.0000000E+00   0.0000000E+00   0.0000000E+00   0.0000000E+00   0.0000000E+00
   6.7933255E-01   2.9852556E+04   2.9852556E+04   3.9538449E-02   4.4889925E-04   1.1049447E+01   2.9719227E+04   2.9852556E+04   0.0000000E+00   0.0000000E+00   0.0000000E+00   0.0000000E+00   0.0000000E+00
   7.1860640E-01   2.7301845E+04   2.7301845E+04   3.2313315E-02   3.6688881E-04   1.0101646E+01   2.7179907E+04   2.7301845E+04   0.0000000E+00   0.0000000E+00   0.0000000E+00   0.0000000E+00   0.0000000E+00
   7.6467725E-01   2.4723938E+04   2.4723938E+04   2.5841257E-02   2.9344419E-04   9.1402003E+00   2.4613513E+04   2.4723938E+04   0.0000000E+00   0.0000000E+00   0.0000000E+00   0.0000000E+00   0.0000000E+00
   8.2001011E-01   2.2102543E+04   2.2102543E+04   2.0088604E-02   2.2811579E-04   8.1722697E+00   2.2003825E+04   2.2102543E+04   0.0000000E+00   0.0000000E+00   0.0000000E+00   0.0000000E+00   0.0000000E+00
   8.8797992E-01   1.9437578E+04   1.9437578E+04   1.5065318E-02   1.7108153E-04   7.1778807E+00   1.9350762E+04   1.9437578E+04   0.0000000E+00   0.0000000E+00   0.0000000E+00   0.0000000E+00   0.0000000E+00
   9.7258139E-01   1.6768246E+04   1.6768246E+04   1.0833539E-02   1.2302762E-04   6.1904686E+00   1.6693352E+04   1.6768246E+04   0.0000000E+00   0.0000000E+00   0.0000000E+00   0.0000000E+00   0.0000000E+00
   1.0770764E+00   1.4193074E+04   1.4193074E+04   7.4767062E-03   8.4908146E-05   5.2378390E+00   1.4129681E+04   1.4193074E+04   0.0000000E+00   0.0000000E+00   0.0000000E+00   0.0000000E+00   0.0000000E+00
   1.2022367E+00   1.1844987E+04   1.1844987E+04   5.0081152E-03   5.6876851E-05   4.3687200E+00   1.1792081E+04   1.1844987E+04   0.0000000E+00   0.0000000E+00   0.0000000E+00   0.0000000E+00   0.0000000E+00
   1.3469739E+00   9.8122711E+03   9.8122711E+03   3.3049421E-03   3.7532476E-05   3.6210697E+00   9.7684447E+03   9.8122711E+03   0.0000000E+00   0.0000000E+00   0.0000000E+00   0.0000000E+00   0.0000000E+00
   1.5108961E+00   8.1025908E+03   8.1025908E+03   2.1690092E-03   2.4633499E-05   2.9888714E+00   8.0664005E+03   8.1025908E+03   0.0000000E+00   0.0000000E+00   0.0000000E+00   0.0000000E+00   0.0000000E+00
   1.6951854E+00   6.6800521E+03   6.6800521E+03   1.4205194E-03   1.6133970E-05   2.4628191E+00   6.6502155E+03   6.6800521E+03   0.0000000E+00   0.0000000E+00   0.0000000E+00   0.0000000E+00   0.0000000E+00
   1.9020220E+00   5.5006923E+03   5.5006923E+03   9.2918549E-04   1.0553089E-05   2.0279118E+00   5.4761232E+03   5.5006923E+03   0.0000000E+00   0.0000000E+00   0.0000000E+00   0.0000000E+00   0.0000000E+00
   2.1341032E+00   4.5246416E+03   4.5246416E+03   6.0722373E-04   6.8953538E-06   1.6681048E+00   4.5044321E+03   4.5246416E+03   0.0000000E+00   0.0000000E+00   0.0000000E+00   0.0000000E+00   0.0000000E+00
   2.3945031E+00   3.7179681E+03   3.7179681E+03   3.9627873E-04   4.5008574E-06   1.3701358E+00   3.7013616E+03   3.7179681E+03   0.0000000E+00   0.0000000E+00   0.0000000E+00   0.0000000E+00   0.0000000E+00
   2.6866767E+00   3.0521338E+03   3.0521338E+03   2.5839073E-04   2.9349461E-06   1.1250170E+00   3.0385013E+03   3.0521338E+03   0.0000000E+00   0.0000000E+00   0.0000000E+00   0.0000000E+00   0.0000000E+00
   3.0145009E+00   2.5032147E+03   2.5032147E+03   1.6832991E-04   1.9121195E-06   9.2257094E-01   2.4920339E+03   2.5032147E+03   0.0000000E+00   0.0000000E+00   0.0000000E+00   0.0000000E+00   0.0000000E+00
   3.3823256E+00   2.0512026E+03   2.0512026E+03   1.0956345E-04   1.2446773E-06   7.5582314E-01   2.0420408E+03   2.0512026E+03   0.0000000E+00   0.0000000E+00   0.0000000E+00   0.0000000E+00   0.0000000E+00
   3.7950317E+00   1.6793948E+03   1.6793948E+03   7.1255774E-05   8.0952418E-07   6.1883344E-01   1.6718937E+03   1.6793948E+03   0.0000000E+00   0.0000000E+00   0.0000000E+00   0.0000000E+00   0.0000000E+00
   4.2580956E+00   1.3738766E+03   1.3738766E+03   4.6307085E-05   5.2608361E-07   5.0627189E-01   1.3677401E+03   1.3738766E+03   0.0000000E+00   0.0000000E+00   0.0000000E+00   0.0000000E+00   0.0000000E+00
   4.7776619E+00   1.1230759E+03   1.1230759E+03   3.0065936E-05   3.4164066E-07   4.1382795E-01   1.1180596E+03   1.1230759E+03   0.0000000E+00   0.0000000E+00   0.0000000E+00   0.0000000E+00   0.0000000E+00
   5.3606248E+00   9.1738540E+02   9.1738540E+02   1.9507735E-05   2.2170305E-07   3.3804922E-01   9.1328783E+02   9.1738540E+02   0.0000000E+00   0.0000000E+00   0.0000000E+00   0.0000000E+00   0.0000000E+00
   6.0147200E+00   7.4884144E+02   7.4884144E+02   1.2654203E-05   1.4377863E-07   2.7591815E-01   7.4549668E+02   7.4884144E+02   0.0000000E+00   0.0000000E+00   0.0000000E+00   0.0000000E+00   0.0000000E+00
   6.7486268E+00   6.1085255E+02   6.1085255E+02   8.1959995E-06   9.3181650E-08   2.2510331E-01   6.0812413E+02   6.1085255E+02   0.0000000E+00   0.0000000E+00   0.0000000E+00   0.0000000E+00   0.0000000E+00
   7.5720838E+00   4.9797065E+02   4.9797065E+02   5.3072107E-06   6.0356656E-08   1.8348180E-01   4.9574643E+02   4.9797065E+02   0.0000000E+00   0.0000000E+00   0.0000000E+00   0.0000000E+00   0.0000000E+00
   8.4960178E+00   4.0569865E+02   4.0569865E+02   3.4345622E-06   3.9072915E-08   1.4950787E-01   4.0388656E+02   4.0569865E+02   0.0000000E+00   0.0000000E+00   0.0000000E+00   0.0000000E+00   0.0000000E+00
