#           k/h    CDM            baryon         photon         nu             mass_nu        total          no_nu          total_de       Weyl           v_CDM          v_b            v_b-v_c     
   1.0537954E-05   9.7120786E+06   9.7120786E+06   1.2946431E+07   1.0897377E+04   2.0940790E+06   9.7121541E+06   9.7120786E+06   0.0000000E+00   0.0000000E+00   0.0000000E+00   0.0000000E+00   0.0000000E+00
   1.1823779E-05   9.7120756E+06   9.7120756E+06   1.2945648E+07   1.0896961E+04   2.0940457E+06   9.7121510E+06   9.7120756E+06   0.0000000E+00   0.0000000E+00   0.0000000E+00   0.0000000E+00   0.0000000E+00
   1.3266498E-05   9.7120718E+06   9.7120718E+06   1.2944663E+07   1.0896437E+04   2.0940038E+06   9.7121470E+06   9.7120718E+06   0.0000000E+00   0.0000000E+00   0.0000000E+00   0.0000000E+00   0.0000000E+00
   1.4885255E-05   9.7120671E+06   9.7120671E+06   1.2943423E+07   1.0895778E+04   2.0939511E+06   9.7121419E+06   9.7120671E+06   0.0000000E+00   0.0000000E+00   0.0000000E+00   0.0000000E+00   0.0000000E+00
   1.6701531E-05   9.7120612E+06   9.7120612E+06   1.2941862E+07   1.0894947E+04   2.0938847E+06   9.7121356E+06   9.7120612E+06   0.0000000E+00   0.0000000E+00   0.0000000E+00   0.0000000E+00   0.0000000E+00
   1.8739426E-05   9.7120537E+06   9.7120537E+06   1.2939898E+07   1.0893902E+04   2.0938012E+06   9.7121277E+06   9.7120537E+06   0.0000000E+00   0.0000000E+00   0.0000000E+00   0.0000000E+00   0.0000000E+00
   2.1025982E-05   9.7120442E+06   9.7120442E+06   1.2937424E+07   1.0892587E+04   2.0936961E+06   9.7121176E+06   9.7120442E+06   0.0000000E+00   0.0000000E+00   0.0000000E+00   0.0000000E+00   0.0000000E+00
   2.3591540E-05   9.7120323E+06   9.7120323E+06   1.2934312E+07   1.0890931E+04   2.0935638E+06   9.7121050E+06   9.7120323E+06   0.0000000E+00   0.0000000E+00   0.0000000E+00   0.0000000E+00   0.0000000E+00
   2.6470143E-05   9.7120174E+06   9.7120174E+06   1.2930394E+07   1.0888847E+04   2.0933974E+06   9.7120891E+06   9.7120174E+06   0.0000000E+00   0.0000000E+00   0.0000000E+00   0.0000000E+00   0.0000000E+00
   2.9699989E-05   9.7119986E+06   9.7119986E+06   1.2925463E+07   1.0886223E+04   2.0931879E+06   9.7120691E+06   9.7119986E+06   0.0000000E+00   0.0000000E+00   0.0000000E+00   0.0000000E+00   0.0000000E+00
   3.3323936E-05   9.7119749E+06   9.7119749E+06   1.2919258E+07   1.0882922E+04   2.0929244E+06   9.7120440E+06   9.7119749E+06   0.0000000E+00   0.0000000E+00   0.0000000E+00   0.0000000E+00   0.0000000E+00
   3.7390071E-05   9.7119451E+06   9.7119451E+06   1.2911451E+07   1.0878767E+04   2.0925929E+06   9.7120123E+06   9.7119451E+06   0.0000000E+00   0.0000000E+00   0.0000000E+00   0.0000000E+00   0.0000000E+00
   4.1952349E-05   9.7119075E+06   9.7119075E+06   1.2901628E+07   1.0873539E+04   2.0921761E+06   9.7119724E+06   9.7119075E+06   0.0000000E+00   0.0000000E+00   0.0000000E+00   0.0000000E+00   0.0000000E+00
   4.7071310E-05   9.7118603E+06   9.7118603E+06   1.2889273E+07   1.0866962E+04   2.0916520E+06   9.7119222E+06   9.7118603E+06   0.0000000E+00   0.0000000E+00   0.0000000E+00   0.0000000E+00   0.0000000E+00
   5.2814879E-05   9.7118008E+06   9.7118008E+06   1.2873734E+07   1.0858688E+04   2.0909934E+06   9.7118590E+06   9.7118008E+06   0.0000000E+00   0.0000000E+00   0.0000000E+00   0.0000000E+00   0.0000000E+00
   5.9259269E-05   9.7117259E+06   9.7117259E+06   1.2854197E+07   1.0848282E+04   2.0901660E+06   9.7117795E+06   9.7117259E+06   0.0000000E+00   0.0000000E+00   0.0000000E+00   0.0000000E+00   0.0000000E+00
   6.6489993E-05   9.7116317E+06   9.7116317E+06   1.2829643E+07   1.0835199E+04   2.0891272E+06   9.7116794E+06   9.7116317E+06   0.0000000E+00   0.0000000E+00   0.0000000E+00   0.0000000E+00   0.0000000E+00
   7.4602999E-05   9.7115131E+06   9.7115131E+06   1.2798793E+07   1.0818753E+04   2.0878238E+06   9.7115534E+06   9.7115131E+06   0.0000000E+00   0.0000000E+00   0.0000000E+00   0.0000000E+00   0.0000000E+00
   8.3705942E-05   9.7113640E+06   9.7113640E+06   1.2760057E+07   1.0798089E+04   2.0861900E+06   9.7113949E+06   9.7113640E+06   0.0000000E+00   0.0000000E+00   0.0000000E+00   0.0000000E+00   0.0000000E+00
   9.3919611E-05   9.7111763E+06   9.7111763E+06   1.2711451E+07   1.0772140E+04   2.0841442E+06   9.7111955E+06   9.7111763E+06   0.0000000E+00   0.0000000E+00   0.0000000E+00   0.0000000E+00   0.0000000E+00
   1.0537954E-04   9.7109402E+06   9.7109402E+06   1.2650511E+07   1.0739574E+04   2.0815860E+06   9.7109447E+06   9.7109402E+06   0.0000000E+00   0.0000000E+00   0.0000000E+00   0.0000000E+00   0.0000000E+00
   1.1823779E-04   9.7106432E+06   9.7106432E+06   1.2574189E+07   1.0698738E+04   2.0783930E+06   9.7106292E+06   9.7106432E+06   0.0000000E+00   0.0000000E+00   0.0000000E+00   0.0000000E+00   0.0000000E+00
   1.3266498E-04   9.7102698E+06   9.7102698E+06   1.2478731E+07   1.0647581E+04   2.0744163E+06   9.7102326E+06   9.7102698E+06   0.0000000E+00   0.0000000E+00   0.0000000E+00   0.0000000E+00   0.0000000E+00
   1.4885255E-04   9.7098005E+06   9.7098005E+06   1.2359543E+07   1.0583580E+04   2.0694776E+06   9.7097340E+06   9.7098005E+06   0.0000000E+00   0.0000000E+00   0.0000000E+00   0.0000000E+00   0.0000000E+00
   1.6701531E-04   9.7092108E+06   9.7092108E+06   1.2211045E+07   1.0503639E+04   2.0633661E+06   9.7091076E+06   9.7092108E+06   0.0000000E+00   0.0000000E+00   0.0000000E+00   0.0000000E+00   0.0000000E+00
   1.8739426E-04   9.7084703E+06   9.7084703E+06   1.2026528E+07   1.0403991E+04   2.0558373E+06   9.7083209E+06   9.7084703E+06   0.0000000E+00   0.0000000E+00   0.0000000E+00   0.0000000E+00   0.0000000E+00
   2.1025982E-04   9.7075409E+06   9.7075409E+06   1.1798040E+07   1.0280097E+04   2.0466155E+06   9.7073337E+06   9.7075409E+06   0.0000000E+00   0.0000000E+00   0.0000000E+00   0.0000000E+00   0.0000000E+00
   2.3591540E-04   9.7063754E+06   9.7063754E+06   1.1516321E+07   1.0126557E+04   2.0354020E+06   9.7060957E+06   9.7063754E+06   0.0000000E+00   0.0000000E+00   0.0000000E+00   0.0000000E+00   0.0000000E+00
   2.6470143E-04   9.7049152E+06   9.7049152E+06   1.1170866E+07   9.9370557E+03   2.0218926E+06   9.7045447E+06   9.7049152E+06   0.0000000E+00   0.0000000E+00   0.0000000E+00   0.0000000E+00   0.0000000E+00
   2.9699989E-04   9.7030879E+06   9.7030879E+06   1.0750181E+07   9.7043732E+03   2.0058088E+06   9.7026041E+06   9.7030879E+06   0.0000000E+00   0.0000000E+00   0.0000000E+00   0.0000000E+00   0.0000000E+00
   3.3323936E-04   9.7008048E+06   9.7008048E+06   1.0242374E+07   9.4205276E+03   1.9869489E+06   9.7001795E+06   9.7008048E+06   0.0000000E+00   0.0000000E+00   0.0000000E+00   0.0000000E+00   0.0000000E+00
   3.7390071E-04   9.6979572E+06   9.6979572E+06   9.6362257E+06   9.0771096E+03   1.9652623E+06   9.6971559E+06   9.6979572E+06   0.0000000E+00   0.0000000E+00   0.0000000E+00   0.0000000E+00   0.0000000E+00
   4.1952349E-04   9.6944135E+06   9.6944135E+06   8.9229567E+06   8.6659220E+03   1.9409496E+06   9.6933938E+06   9.6944135E+06   0.0000000E+00   0.0000000E+00   0.0000000E+00   0.0000000E+00   0.0000000E+00
   4.7071310E-04   9.6900154E+06   9.6900154E+06   8.0988552E+06   8.1800397E+03   1.9145785E+06   9.6887257E+06   9.6900154E+06   0.0000000E+00   0.0000000E+00   0.0000000E+00   0.0000000E+00   0.0000000E+00
   5.2814879E-04   9.6845743E+06   9.6845743E+06   7.1688607E+06   7.6154037E+03   1.8871863E+06   9.6829524E+06   9.6845743E+06   0.0000000E+00   0.0000000E+00   0.0000000E+00   0.0000000E+00   0.0000000E+00
   5.9259269E-04   9.6778682E+06   9.6778682E+06   6.1508904E+06   6.9730011E+03   1.8603042E+06   9.6758400E+06   9.6778682E+06   0.0000000E+00   0.0000000E+00   0.0000000E+00   0.0000000E+00   0.0000000E+00
   6.6489993E-04   9.6696391E+06   9.6696391E+06   5.0801177E+06   6.2615043E+03   1.8357880E+06   9.6671175E+06   9.6696391E+06   0.0000000E+00   0.0000000E+00   0.0000000E+00   0.0000000E+00   0.0000000E+00
   7.4602999E-04   9.6595907E+06   9.6595907E+06   4.0114512E+06   5.4999000E+03   1.8152970E+06   9.6564755E+06   9.6595907E+06   0.0000000E+00   0.0000000E+00   0.0000000E+00   0.0000000E+00   0.0000000E+00
   8.3705942E-04   9.6473867E+06   9.6473867E+06   3.0172543E+06   4.7190885E+03   1.7992822E+06   9.6435651E+06   9.6473867E+06   0.0000000E+00   0.0000000E+00   0.0000000E+00   0.0000000E+00   0.0000000E+00
   9.3919611E-04   9.6326479E+06   9.6326479E+06   2.1765525E+06   3.9607849E+03   1.7855442E+06   9.6279976E+06   9.6326479E+06   0.0000000E+00   0.0000000E+00   0.0000000E+00   0.0000000E+00   0.0000000E+00
   1.0537954E-03   9.6149476E+06   9.6149476E+06   1.5531773E+06   3.2717139E+03   1.7679555E+06   9.6093416E+06   9.6149476E+06   0.0000000E+00   0.0000000E+00   0.0000000E+00   0.0000000E+00   0.0000000E+00
   1.1823779E-03   9.5938029E+06   9.5938029E+06   1.1659240E+06   2.6919625E+03   1.7367978E+06   9.5871171E+06   9.5938029E+06   0.0000000E+00   0.0000000E+00   0.0000000E+00   0.0000000E+00   0.0000000E+00
   1.3266498E-03   9.5686629E+06   9.5686629E+06   9.6517909E+05   2.2396039E+03   1.6827043E+06   9.5607869E+06   9.5686629E+06   0.0000000E+00   0.0000000E+00   0.0000000E+00   0.0000000E+00   0.0000000E+00
   1.4885255E-03   9.5388994E+06   9.5388994E+06   8.4227097E+05   1.8994798E+03   1.6046304E+06   9.5297484E+06   9.5388994E+06   0.0000000E+00   0.0000000E+00   0.0000000E+00   0.0000000E+00   0.0000000E+00
   1.6701531E-03   9.5038095E+06   9.5038095E+06   6.9143934E+05   1.6285589E+03   1.5165957E+06   9.4933345E+06   9.5038095E+06   0.0000000E+00   0.0000000E+00   0.0000000E+00   0.0000000E+00   0.0000000E+00
   1.8739426E-03   9.4626380E+06   9.4626380E+06   4.9604728E+05   1.3840993E+03   1.4411502E+06   9.4508307E+06   9.4626380E+06   0.0000000E+00   0.0000000E+00   0.0000000E+00   0.0000000E+00   0.0000000E+00
   2.1025982E-03   9.4146094E+06   9.4146094E+06   3.4084530E+05   1.1567231E+03   1.3845769E+06   9.4014960E+06   9.4146094E+06   0.0000000E+00   0.0000000E+00   0.0000000E+00   0.0000000E+00   0.0000000E+00
   2.3591540E-03   9.3589349E+06   9.3589349E+06   2.8419971E+05   9.6810283E+02   1.3226215E+06   9.3445595E+06   9.3589349E+06   0.0000000E+00   0.0000000E+00   0.0000000E+00   0.0000000E+00   0.0000000E+00
   2.6470143E-03   9.2947811E+06   9.2947811E+06   2.5074454E+05   8.2523869E+02   1.2390151E+06   9.2791828E+06   9.2947811E+06   0.0000000E+00   0.0000000E+00   0.0000000E+00   0.0000000E+00   0.0000000E+00
   2.9699989E-03   9.2212480E+06   9.2212480E+06   1.7966051E+05   7.0337586E+02   1.1618703E+06   9.2044466E+06   9.2212480E+06   0.0000000E+00   0.0000000E+00   0.0000000E+00   0.0000000E+00   0.0000000E+00
   3.3323936E-03   9.1373948E+06   9.1373948E+06   1.4280754E+05   5.9414030E+02   1.0940579E+06   9.1193951E+06   9.1373948E+06   0.0000000E+00   0.0000000E+00   0.0000000E+00   0.0000000E+00   0.0000000E+00
   3.7390071E-03   9.0422386E+06   9.0422386E+06   1.1755191E+05   5.0507828E+02   1.0078746E+06   9.0230491E+06   9.0422386E+06   0.0000000E+00   0.0000000E+00   0.0000000E+00   0.0000000E+00   0.0000000E+00
   4.1952349E-03   8.9347322E+06   8.9347322E+06   8.1343398E+04   4.2482935E+02   9.3550830E+05   8.9143806E+06   8.9347322E+06   0.0000000E+00   0.0000000E+00   0.0000000E+00   0.0000000E+00   0.0000000E+00
   4.7071310E-03   8.8138118E+06   8.8138118E+06   7.1577116E+04   3.5735802E+02   8.5219967E+05   8.7923570E+06   8.8138118E+06   0.0000000E+00   0.0000000E+00   0.0000000E+00   0.0000000E+00   0.0000000E+00
   5.2814879E-03   8.6784154E+06   8.6784154E+06   5.2412262E+04   2.9798854E+02   7.7837521E+05   8.6559628E+06   8.6784154E+06   0.0000000E+00   0.0000000E+00   0.0000000E+00   0.0000000E+00   0.0000000E+00
   5.9259269E-03   8.5274995E+06   8.5274995E+06   3.9777965E+04   2.4818113E+02   6.9979864E+05   8.5041755E+06   8.5274995E+06   0.0000000E+00   0.0000000E+00   0.0000000E+00   0.0000000E+00   0.0000000E+00
   6.6489993E-03   8.3599996E+06   8.3599996E+06   3.3674564E+04   2.0537360E+02   6.2732141E+05   8.3359039E+06   8.3599996E+06   0.0000000E+00   0.0000000E+00   0.0000000E+00   0.0000000E+00   0.0000000E+00
   7.4602999E-03   8.1748268E+06   8.1748268E+06   2.5856310E+04   1.6850729E+02   5.5835707E+05   8.1501061E+06   8.1748268E+06   0.0000000E+00   0.0000000E+00   0.0000000E+00   0.0000000E+00   0.0000000E+00
   8.3705942E-03   7.9709291E+06   7.9709291E+06   1.9447942E+04   1.3762356E+02   4.9339108E+05   7.9457634E+06   7.9709291E+06   0.0000000E+00   0.0000000E+00   0.0000000E+00   0.0000000E+00   0.0000000E+00
   9.3919611E-03   7.7472526E+06   7.7472526E+06   1.5154112E+04   1.1158919E+02   4.3079788E+05   7.7218029E+06   7.7472526E+06   0.0000000E+00   0.0000000E+00   0.0000000E+00   0.0000000E+00   0.0000000E+00
   1.0537954E-02   7.5027519E+06   7.5027519E+06   1.1902762E+04   8.9843417E+01   3.7296526E+05   7.4772126E+06   7.5027519E+06   0.0000000E+00   0.0000000E+00   0.0000000E+00   0.0000000E+00   0.0000000E+00
   1.1823779E-02   7.2364191E+06   7.2364191E+06   8.5085634E+03   7.1776936E+01   3.1967913E+05   7.2109811E+06   7.2364191E+06   0.0000000E+00   0.0000000E+00   0.0000000E+00   0.0000000E+00   0.0000000E+00
   1.3266498E-02   6.9473355E+06   6.9473355E+06   6.5749400E+03   5.6833109E+01   2.7355904E+05   6.9222051E+06   6.9473355E+06   0.0000000E+00   0.0000000E+00   0.0000000E+00   0.0000000E+00   0.0000000E+00
   1.4885255E-02   6.6347624E+06   6.6347624E+06   4.8280267E+03   4.4632099E+01   2.2996322E+05   6.6101410E+06   6.6347624E+06   0.0000000E+00   0.0000000E+00   0.0000000E+00   0.0000000E+00   0.0000000E+00
   1.6701531E-02   6.2983106E+06   6.2983106E+06   3.7848327E+03   3.4724252E+01   1.9201625E+05   6.2744023E+06   6.2983106E+06   0.0000000E+00   0.0000000E+00   0.0000000E+00   0.0000000E+00   0.0000000E+00
   1.8739426E-02   5.9382101E+06   5.9382101E+06   2.7745301E+03   2.6748283E+01   1.5887729E+05   5.9152141E+06   5.9382101E+06   0.0000000E+00   0.0000000E+00   0.0000000E+00   0.0000000E+00   0.0000000E+00
   2.1025981E-02   5.5557071E+06   5.5557071E+06   2.0330329E+03   2.0382435E+01   1.3054595E+05   5.5338125E+06   5.5557071E+06   0.0000000E+00   0.0000000E+00   0.0000000E+00   0.0000000E+00   0.0000000E+00
   2.3591515E-02   5.1536069E+06   5.1536069E+06   1.5307604E+03   1.5363759E+01   1.0543078E+05   5.1329847E+06   5.1536069E+06   0.0000000E+00   0.0000000E+00   0.0000000E+00   0.0000000E+00   0.0000000E+00
   2.6469777E-02   4.7369550E+06   4.7369550E+06   1.1325762E+03   1.1445151E+01   8.4543709E+04   4.7177470E+06   4.7369550E+06   0.0000000E+00   0.0000000E+00   0.0000000E+00   0.0000000E+00   0.0000000E+00
   2.9696307E-02   4.3139106E+06   4.3139106E+06   7.8274005E+02   8.4293169E+00   6.7210956E+04   4.2962162E+06   4.3139106E+06   0.0000000E+00   0.0000000E+00   0.0000000E+00   0.0000000E+00   0.0000000E+00
   3.3297505E-02   3.8971393E+06   3.8971393E+06   5.9542634E+02   6.1510347E+00   5.2961462E+04   3.8809968E+06   3.8971393E+06   0.0000000E+00   0.0000000E+00   0.0000000E+00   0.0000000E+00   0.0000000E+00
   3.7251094E-02   3.5058209E+06   3.5058209E+06   4.2786023E+02   4.4788624E+00   4.1745376E+04   3.4911790E+06   3.5058209E+06   0.0000000E+00   0.0000000E+00   0.0000000E+00   0.0000000E+00   0.0000000E+00
   4.1413906E-02   3.1645925E+06   3.1645925E+06   2.9970473E+02   3.3047600E+00   3.3313802E+04   3.1512869E+06   3.1645925E+06   0.0000000E+00   0.0000000E+00   0.0000000E+00   0.0000000E+00   0.0000000E+00
   4.5525600E-02   2.8913960E+06   2.8913960E+06   2.2191247E+02   2.5172506E+00   2.7386936E+04   2.8791759E+06   2.8913960E+06   0.0000000E+00   0.0000000E+00   0.0000000E+00   0.0000000E+00   0.0000000E+00
   4.9387658E-02   2.6836182E+06   2.6836182E+06   1.7717999E+02   1.9955167E+00   2.3211141E+04   2.6722317E+06   2.6836182E+06   0.0000000E+00   0.0000000E+00   0.0000000E+00   0.0000000E+00   0.0000000E+00
   5.2967249E-02   2.5248352E+06   2.5248352E+06   1.5278874E+02   1.6380225E+00   2.0285401E+04   2.5140901E+06   2.5248352E+06   0.0000000E+00   0.0000000E+00   0.0000000E+00   0.0000000E+00   0.0000000E+00
   5.6318195E-02   2.3986098E+06   2.3986098E+06   1.2173910E+02   1.3801524E+00   1.8057054E+04   2.3883775E+06   2.3986098E+06   0.0000000E+00   0.0000000E+00   0.0000000E+00   0.0000000E+00   0.0000000E+00
   5.9505773E-02   2.2930557E+06   2.2930557E+06   1.0551407E+02   1.1842487E+00   1.6357766E+04   2.2832545E+06   2.2930557E+06   0.0000000E+00   0.0000000E+00   0.0000000E+00   0.0000000E+00   0.0000000E+00
   6.2583763E-02   2.2002285E+06   2.2002285E+06   9.3784303E+01   1.0291375E+00   1.4928278E+04   2.1908084E+06   2.2002285E+06   0.0000000E+00   0.0000000E+00   0.0000000E+00   0.0000000E+00   0.0000000E+00
   6.5592900E-02   2.1148550E+06   2.1148550E+06   8.2898580E+01   9.0207681E-01   1.3705161E+04   2.1057875E+06   2.1148550E+06   0.0000000E+00   0.0000000E+00   0.0000000E+00   0.0000000E+00   0.0000000E+00
   6.8563812E-02   2.0334396E+06   2.0334396E+06   7.3285662E+01   7.9512129E-01   1.2638949E+04   2.0247103E+06   2.0334396E+06   0.0000000E+00   0.0000000E+00   0.0000000E+00   0.0000000E+00   0.0000000E+00
   7.1519949E-02   1.9537296E+06   1.9537296E+06   6.4821338E+01   7.0328653E-01   1.1687278E+04   1.9453331E+06   1.9537296E+06   0.0000000E+00   0.0000000E+00   0.0000000E+00   0.0000000E+00   0.0000000E+00
   7.4479741E-02   1.8744001E+06   1.8744001E+06   5.7342433E+01   6.2328235E-01   1.0818059E+04   1.8663365E+06   1.8744001E+06   0.0000000E+00   0.0000000E+00   0.0000000E+00   0.0000000E+00   0.0000000E+00
   7.7458096E-02   1.7948597E+06   1.7948597E+06   5.0792646E+01   5.5284338E-01   1.0013484E+04   1.7871311E+06   1.7948597E+06   0.0000000E+00   0.0000000E+00   0.0000000E+00   0.0000000E+00   0.0000000E+00
   8.0467419E-02   1.7151135E+06   1.7151135E+06   4.5076267E+01   4.9045024E-01   9.2641412E+03   1.7077223E+06   1.7151135E+06   0.0000000E+00   0.0000000E+00   0.0000000E+00   0.0000000E+00   0.0000000E+00
   8.3518315E-02   1.6356506E+06   1.6356506E+06   3.9893368E+01   4.3504853E-01   8.5629803E+03   1.6285964E+06   1.6356506E+06   0.0000000E+00   0.0000000E+00   0.0000000E+00   0.0000000E+00   0.0000000E+00
   8.6620078E-02   1.5573308E+06   1.5573308E+06   3.4747729E+01   3.8583957E-01   7.9115757E+03   1.5506097E+06   1.5573308E+06   0.0000000E+00   0.0000000E+00   0.0000000E+00   0.0000000E+00   0.0000000E+00
   8.9781043E-02   1.4812638E+06   1.4812638E+06   2.9644795E+01   3.4225614E-01   7.3231551E+03   1.4748668E+06   1.4812638E+06   0.0000000E+00   0.0000000E+00   0.0000000E+00   0.0000000E+00   0.0000000E+00
   9.3008836E-02   1.4086716E+06   1.4086716E+06   2.6233823E+01   3.0381616E-01   6.8011726E+03   1.4025844E+06   1.4086716E+06   0.0000000E+00   0.0000000E+00   0.0000000E+00   0.0000000E+00   0.0000000E+00
   9.6310557E-02   1.3407397E+06   1.3407397E+06   2.4439780E+01   2.7009115E-01   6.3057261E+03   1.3349428E+06   1.3407397E+06   0.0000000E+00   0.0000000E+00   0.0000000E+00   0.0000000E+00   0.0000000E+00
   9.9692920E-02   1.2784620E+06   1.2784620E+06   2.0612716E+01   2.4066885E-01   5.8675480E+03   1.2729315E+06   1.2784620E+06   0.0000000E+00   0.0000000E+00   0.0000000E+00   0.0000000E+00   0.0000000E+00
   1.0316235E-01   1.2224937E+06   1.2224937E+06   1.9361187E+01   2.1509759E-01   5.4849254E+03   1.2172027E+06   1.2224937E+06   0.0000000E+00   0.0000000E+00   0.0000000E+00   0.0000000E+00   0.0000000E+00
   1.0672508E-01   1.1730286E+06   1.1730286E+06   1.6652170E+01   1.9294033E-01   5.1549276E+03   1.1679493E+06   1.1730286E+06   0.0000000E+00   0.0000000E+00   0.0000000E+00   0.0000000E+00   0.0000000E+00
   1.1038719E-01   1.1297213E+06   1.1297213E+06   1.4959720E+01   1.7372005E-01   4.8493985E+03   1.1248275E+06   1.1297213E+06   0.0000000E+00   0.0000000E+00   0.0000000E+00   0.0000000E+00   0.0000000E+00
   1.1415464E-01   1.0916744E+06   1.0916744E+06   1.3985141E+01   1.5694884E-01   4.5917977E+03   1.0869434E+06   1.0916744E+06   0.0000000E+00   0.0000000E+00   0.0000000E+00   0.0000000E+00   0.0000000E+00
   1.1803337E-01   1.0575043E+06   1.0575043E+06   1.2779824E+01   1.4216842E-01   4.3649671E+03   1.0529197E+06   1.0575043E+06   0.0000000E+00   0.0000000E+00   0.0000000E+00   0.0000000E+00   0.0000000E+00
   1.2202924E-01   1.0254940E+06   1.0254940E+06   1.1529562E+01   1.2894380E-01   4.1538714E+03   1.0210466E+06   1.0254940E+06   0.0000000E+00   0.0000000E+00   0.0000000E+00   0.0000000E+00   0.0000000E+00
   1.2614813E-01   9.9382334E+05   9.9382334E+05   1.0194385E+01   1.1691148E-01   3.9534290E+03   9.8951179E+05   9.9382334E+05   0.0000000E+00   0.0000000E+00   0.0000000E+00   0.0000000E+00   0.0000000E+00
   1.3039588E-01   9.6085209E+05   9.6085209E+05   9.1004679E+00   1.0579399E-01   3.7643365E+03   9.5668225E+05   9.6085209E+05   0.0000000E+00   0.0000000E+00   0.0000000E+00   0.0000000E+00   0.0000000E+00
   1.3477839E-01   9.2541242E+05   9.2541242E+05   8.5697933E+00   9.5412127E-02   3.5628730E+03   9.2139518E+05   9.2541242E+05   0.0000000E+00   0.0000000E+00   0.0000000E+00   0.0000000E+00   0.0000000E+00
   1.3930154E-01   8.8705180E+05   8.8705180E+05   7.4133628E+00   8.5679196E-02   3.3662320E+03   8.8320000E+05   8.8705180E+05   0.0000000E+00   0.0000000E+00   0.0000000E+00   0.0000000E+00   0.0000000E+00
   1.4397127E-01   8.4616365E+05   8.4616365E+05   6.5831095E+00   7.6598315E-02   3.1587068E+03   8.4248842E+05   8.4616365E+05   0.0000000E+00   0.0000000E+00   0.0000000E+00   0.0000000E+00   0.0000000E+00
   1.4879354E-01   8.0395185E+05   8.0395185E+05   5.8944557E+00   6.8224748E-02   2.9569957E+03   8.0045909E+05   8.0395185E+05   0.0000000E+00   0.0000000E+00   0.0000000E+00   0.0000000E+00   0.0000000E+00
   1.5377436E-01   7.6220379E+05   7.6220379E+05   5.2078370E+00   6.0639426E-02   2.7654500E+03   7.5889162E+05   7.6220379E+05   0.0000000E+00   0.0000000E+00   0.0000000E+00   0.0000000E+00   0.0000000E+00
   1.5891980E-01   7.2289167E+05   7.2289167E+05   4.6158690E+00   5.3907205E-02   2.5915240E+03   7.1974964E+05   7.2289167E+05   0.0000000E+00   0.0000000E+00   0.0000000E+00   0.0000000E+00   0.0000000E+00
   1.6423597E-01   6.8767647E+05   6.8767647E+05   4.2724370E+00   4.8049488E-02   2.4336991E+03   6.8468686E+05   6.8767647E+05   0.0000000E+00   0.0000000E+00   0.0000000E+00   0.0000000E+00   0.0000000E+00
   1.6972907E-01   6.5743808E+05   6.5743808E+05   3.6732719E+00   4.3020966E-02   2.2988816E+03   6.5457937E+05   6.5743808E+05   0.0000000E+00   0.0000000E+00   0.0000000E+00   0.0000000E+00   0.0000000E+00
   1.7540537E-01   6.3197844E+05   6.3197844E+05   3.3567528E+00   3.8710717E-02   2.1826263E+03   6.2922992E+05   6.3197844E+05   0.0000000E+00   0.0000000E+00   0.0000000E+00   0.0000000E+00   0.0000000E+00
   1.8127124E-01   6.1002318E+05   6.1002318E+05   3.0421164E+00   3.4967907E-02   2.0841468E+03   6.0736968E+05   6.1002318E+05   0.0000000E+00   0.0000000E+00   0.0000000E+00   0.0000000E+00   0.0000000E+00
   1.8733317E-01   5.8957270E+05   5.8957270E+05   2.7185857E+00   3.1625636E-02   1.9946861E+03   5.8700773E+05   5.8957270E+05   0.0000000E+00   0.0000000E+00   0.0000000E+00   0.0000000E+00   0.0000000E+00
   1.9359780E-01   5.6853587E+05   5.6853587E+05   2.5096448E+00   2.8547010E-02   1.9058278E+03   5.6606204E+05   5.6853587E+05   0.0000000E+00   0.0000000E+00   0.0000000E+00   0.0000000E+00   0.0000000E+00
   2.0007191E-01   5.4545430E+05   5.4545430E+05   2.2131063E+00   2.5648621E-02   1.8095677E+03   5.4308055E+05   5.4545430E+05   0.0000000E+00   0.0000000E+00   0.0000000E+00   0.0000000E+00   0.0000000E+00
   2.0676253E-01   5.2004554E+05   5.2004554E+05   2.0156585E+00   2.2911343E-02   1.7098543E+03   5.1778206E+05   5.2004554E+05   0.0000000E+00   0.0000000E+00   0.0000000E+00   0.0000000E+00   0.0000000E+00
   2.1367691E-01   4.9331455E+05   4.9331455E+05   1.7897405E+00   2.0368859E-02   1.6082005E+03   4.9116713E+05   4.9331455E+05   0.0000000E+00   0.0000000E+00   0.0000000E+00   0.0000000E+00   0.0000000E+00
   2.2082260E-01   4.6712702E+05   4.6712702E+05   1.5549960E+00   1.8076280E-02   1.5109642E+03   4.6509335E+05   4.6712702E+05   0.0000000E+00   0.0000000E+00   0.0000000E+00   0.0000000E+00   0.0000000E+00
   2.2820753E-01   4.4337333E+05   4.4337333E+05   1.4126884E+00   1.6074195E-02   1.4235014E+03   4.4144285E+05   4.4337333E+05   0.0000000E+00   0.0000000E+00   0.0000000E+00   0.0000000E+00   0.0000000E+00
   2.3584002E-01   4.2307937E+05   4.2307937E+05   1.2461761E+00   1.4362754E-02   1.3489717E+03   4.2123705E+05   4.2307937E+05   0.0000000E+00   0.0000000E+00   0.0000000E+00   0.0000000E+00   0.0000000E+00
   2.4372892E-01   4.0591062E+05   4.0591062E+05   1.1182355E+00   1.2897830E-02   1.2852936E+03   4.0414288E+05   4.0591062E+05   0.0000000E+00   0.0000000E+00   0.0000000E+00   0.0000000E+00   0.0000000E+00
   2.5188366E-01   3.9037292E+05   3.9037292E+05   1.0206782E+00   1.1608593E-02   1.2277191E+03   3.8867268E+05   3.9037292E+05   0.0000000E+00   0.0000000E+00   0.0000000E+00   0.0000000E+00   0.0000000E+00
   2.6031438E-01   3.7465823E+05   3.7465823E+05   8.9979870E-01   1.0429180E-02   1.1710169E+03   3.7302629E+05   3.7465823E+05   0.0000000E+00   0.0000000E+00   0.0000000E+00   0.0000000E+00   0.0000000E+00
   2.6903201E-01   3.5768471E+05   3.5768471E+05   8.0569867E-01   9.3240068E-03   1.1112592E+03   3.5612657E+05   3.5768471E+05   0.0000000E+00   0.0000000E+00   0.0000000E+00   0.0000000E+00   0.0000000E+00
   2.7804846E-01   3.3969528E+05   3.3969528E+05   7.1630762E-01   8.2946964E-03   1.0497043E+03   3.3821539E+05   3.3969528E+05   0.0000000E+00   0.0000000E+00   0.0000000E+00   0.0000000E+00   0.0000000E+00
   2.8737676E-01   3.2199525E+05   3.2199525E+05   6.4468659E-01   7.3646693E-03   9.8970064E+02   3.2059236E+05   3.2199525E+05   0.0000000E+00   0.0000000E+00   0.0000000E+00   0.0000000E+00   0.0000000E+00
   2.9703121E-01   3.0596784E+05   3.0596784E+05   5.7122018E-01   6.5523554E-03   9.3596721E+02   3.0463469E+05   3.0596784E+05   0.0000000E+00   0.0000000E+00   0.0000000E+00   0.0000000E+00   0.0000000E+00
   3.0702767E-01   2.9205752E+05   2.9205752E+05   5.1099228E-01   5.8534295E-03   8.8899237E+02   2.9078489E+05   2.9205752E+05   0.0000000E+00   0.0000000E+00   0.0000000E+00   0.0000000E+00   0.0000000E+00
   3.1738376E-01   2.7950279E+05   2.7950279E+05   4.5311821E-01   5.2407481E-03   8.4707520E+02   2.7828479E+05   2.7950279E+05   0.0000000E+00   0.0000000E+00   0.0000000E+00   0.0000000E+00   0.0000000E+00
   3.2811919E-01   2.6705127E+05   2.6705127E+05   4.0539285E-01   4.6844307E-03   8.0586442E+02   2.6588746E+05   2.6705127E+05   0.0000000E+00   0.0000000E+00   0.0000000E+00   0.0000000E+00   0.0000000E+00
   3.3925612E-01   2.5405481E+05   2.5405481E+05   3.6221272E-01   4.1697388E-03   7.6369507E+02   2.5294757E+05   2.5405481E+05   0.0000000E+00   0.0000000E+00   0.0000000E+00   0.0000000E+00   0.0000000E+00
   3.5081960E-01   2.4095227E+05   2.4095227E+05   3.2035727E-01   3.6996365E-03   7.2152097E+02   2.3990209E+05   2.4095227E+05   0.0000000E+00   0.0000000E+00   0.0000000E+00   0.0000000E+00   0.0000000E+00
   3.6283813E-01   2.2868173E+05   2.2868173E+05   2.8491505E-01   3.2831178E-03   6.8233613E+02   2.2768497E+05   2.2868173E+05   0.0000000E+00   0.0000000E+00   0.0000000E+00   0.0000000E+00   0.0000000E+00
   3.7534429E-01   2.1763750E+05   2.1763750E+05   2.5287476E-01   2.9197233E-03   6.4712192E+02   2.1668883E+05   2.1763750E+05   0.0000000E+00   0.0000000E+00   0.0000000E+00   0.0000000E+00   0.0000000E+00
   3.8837561E-01   2.0730769E+05   2.0730769E+05   2.2541274E-01   2.5974104E-03   6.1454756E+02   2.0640401E+05   2.0730769E+05   0.0000000E+00   0.0000000E+00   0.0000000E+00   0.0000000E+00   0.0000000E+00
   4.0197555E-01   1.9698102E+05   1.9698102E+05   1.9962476E-01   2.3037937E-03   5.8211437E+02   1.9612233E+05   1.9698102E+05   0.0000000E+00   0.0000000E+00   0.0000000E+00   0.0000000E+00   0.0000000E+00
   4.1619488E-01   1.8661341E+05   1.8661341E+05   1.7711403E-01   2.0364569E-03   5.4986708E+02   1.8579988E+05   1.8661341E+05   0.0000000E+00   0.0000000E+00   0.0000000E+00   0.0000000E+00   0.0000000E+00
   4.3109333E-01   1.7672415E+05   1.7672415E+05   1.5619591E-01   1.7977719E-03   5.1936252E+02   1.7595370E+05   1.7672415E+05   0.0000000E+00   0.0000000E+00   0.0000000E+00   0.0000000E+00   0.0000000E+00
   4.4674183E-01   1.6753290E+05   1.6753290E+05   1.3793192E-01   1.5869091E-03   4.9107970E+02   1.6680249E+05   1.6753290E+05   0.0000000E+00   0.0000000E+00   0.0000000E+00   0.0000000E+00   0.0000000E+00
   4.6322541E-01   1.5867059E+05   1.5867059E+05   1.2134240E-01   1.3979630E-03   4.6390649E+02   1.5797880E+05   1.5867059E+05   0.0000000E+00   0.0000000E+00   0.0000000E+00   0.0000000E+00   0.0000000E+00
   4.8064713E-01   1.4986312E+05   1.4986312E+05   1.0636210E-01   1.2265070E-03   4.3713373E+02   1.4920970E+05   1.4986312E+05   0.0000000E+00   0.0000000E+00   0.0000000E+00   0.0000000E+00   0.0000000E+00
   4.9913337E-01   1.4132397E+05   1.4132397E+05   9.3090467E-02   1.0725936E-03   4.1132266E+02   1.4070777E+05   1.4132397E+05   0.0000000E+00   0.0000000E+00   0.0000000E+00   0.0000000E+00   0.0000000E+00
   5.1884122E-01   1.3318448E+05   1.3318448E+05   8.1166962E-02   9.3552601E-04   3.8678075E+02   1.3260375E+05   1.3318448E+05   0.0000000E+00   0.0000000E+00   0.0000000E+00   0.0000000E+00   0.0000000E+00
   5.3996884E-01   1.2521650E+05   1.2521650E+05   7.0471178E-02   8.1209389E-04   3.6290028E+02   1.2467050E+05   1.2521650E+05   0.0000000E+00   0.0000000E+00   0.0000000E+00   0.0000000E+00   0.0000000E+00
   5.6277036E-01   1.1736792E+05   1.1736792E+05   6.0825067E-02   7.0081798E-04   3.3946079E+02   1.1685613E+05   1.1736792E+05   0.0000000E+00   0.0000000E+00   0.0000000E+00   0.0000000E+00   0.0000000E+00
   5.8757766E-01   1.0973865E+05   1.0973865E+05   5.2158796E-02   6.0113650E-04   3.1679749E+02   1.0926012E+05   1.0973865E+05   0.0000000E+00   0.0000000E+00   0.0000000E+00   0.0000000E+00   0.0000000E+00
   6.1483300E-01   1.0220607E+05   1.0220607E+05   4.4367637E-02   5.1134477E-04   2.9451754E+02   1.0176037E+05   1.0220607E+05   0.0000000E+00   0.0000000E+00   0.0000000E+00   0.0000000E+00   0.0000000E+00
   6.4513854E-01   9.4740125E+04   9.4740125E+04   3.7348121E-02   4.3052859E-04   2.7251136E+02   9.4326974E+04   9.4740125E+04   0.0000000E+00   0.0000000E+00   0.0000000E+00   0.0000000E+00   0.0000000E+00
   6.7933255E-01   8.7313720E+04   8.7313720E+04   3.1041258E-02   3.5786334E-04   2.5070873E+02   8.6932946E+04   8.7313720E+04   0.0000000E+00   0.0000000E+00   0.0000000E+00   0.0000000E+00   0.0000000E+00
   7.1860640E-01   7.9853316E+04   7.9853316E+04   2.5370760E-02   2.9250432E-04   2.2890107E+02   7.9505068E+04   7.9853316E+04   0.0000000E+00   0.0000000E+00   0.0000000E+00   0.0000000E+00   0.0000000E+00
   7.6467725E-01   7.2313365E+04   7.2313365E+04   2.0290119E-02   2.3393692E-04   2.0694022E+02   7.1997993E+04   7.2313365E+04   0.0000000E+00   0.0000000E+00   0.0000000E+00   0.0000000E+00   0.0000000E+00
   8.2001011E-01   6.4646222E+04   6.4646222E+04   1.5773097E-02   1.8186828E-04   1.8468418E+02   6.4364281E+04   6.4646222E+04   0.0000000E+00   0.0000000E+00   0.0000000E+00   0.0000000E+00   0.0000000E+00
   8.8797992E-01   5.6851642E+04   5.6851642E+04   1.1828833E-02   1.3640194E-04   1.6214690E+02   5.6603690E+04   5.6851642E+04   0.0000000E+00   0.0000000E+00   0.0000000E+00   0.0000000E+00   0.0000000E+00
   9.7258139E-01   4.9044291E+04   4.9044291E+04   8.5061211E-03   9.8093679E-05   1.3965577E+02   4.8830386E+04   4.9044291E+04   0.0000000E+00   0.0000000E+00   0.0000000E+00   0.0000000E+00   0.0000000E+00
   1.0770764E+00   4.1512342E+04   4.1512342E+04   5.8704809E-03   6.7703776E-05   1.1803303E+02   4.1331284E+04   4.1512342E+04   0.0000000E+00   0.0000000E+00   0.0000000E+00   0.0000000E+00   0.0000000E+00
   1.2022367E+00   3.4644580E+04   3.4644580E+04   3.9328241E-03   4.5354601E-05   9.8373588E+01   3.4493473E+04   3.4644580E+04   0.0000000E+00   0.0000000E+00   0.0000000E+00   0.0000000E+00   0.0000000E+00
   1.3469739E+00   2.8699226E+04   2.8699226E+04   2.5950029E-03   2.9932624E-05   8.1403362E+01   2.8574049E+04   2.8699226E+04   0.0000000E+00   0.0000000E+00   0.0000000E+00   0.0000000E+00   0.0000000E+00
   1.5108961E+00   2.3698697E+04   2.3698697E+04   1.7030325E-03   1.9646520E-05   6.7160309E+01   2.3595329E+04   2.3698697E+04   0.0000000E+00   0.0000000E+00   0.0000000E+00   0.0000000E+00   0.0000000E+00
   1.6951854E+00   1.9538009E+04   1.9538009E+04   1.1153285E-03   1.2868272E-05   5.5330478E+01   1.9452788E+04   1.9538009E+04   0.0000000E+00   0.0000000E+00   0.0000000E+00   0.0000000E+00   0.0000000E+00
   1.9020220E+00   1.6088579E+04   1.6088579E+04   7.2950192E-04   8.4179664E-06   4.5535781E+01   1.6018403E+04   1.6088579E+04   0.0000000E+00   0.0000000E+00   0.0000000E+00   0.0000000E+00   0.0000000E+00
   2.1341032E+00   1.3233793E+04   1.3233793E+04   4.7641593E-04   5.5008452E-06   3.7439799E+01   1.3176069E+04   1.3233793E+04   0.0000000E+00   0.0000000E+00   0.0000000E+00   0.0000000E+00   0.0000000E+00
   2.3945031E+00   1.0874408E+04   1.0874408E+04   3.1116515E-04   3.5911203E-06   3.0753244E+01   1.0826975E+04   1.0874408E+04   0.0000000E+00   0.0000000E+00   0.0000000E+00   0.0000000E+00   0.0000000E+00
   2.6866767E+00   8.9269534E+03   8.9269534E+03   2.0288366E-04   2.3421706E-06   2.5238502E+01   8.8880151E+03   8.9269534E+03   0.0000000E+00   0.0000000E+00   0.0000000E+00   0.0000000E+00   0.0000000E+00
   3.0145009E+00   7.3214562E+03   7.3214562E+03   1.3216771E-04   1.5262377E-06   2.0694834E+01   7.2895208E+03   7.3214562E+03   0.0000000E+00   0.0000000E+00   0.0000000E+00   0.0000000E+00   0.0000000E+00
   3.3823256E+00   5.9993959E+03   5.9993959E+03   8.6049355E-05   9.9372678E-07   1.6954944E+01   5.9732271E+03   5.9993959E+03   0.0000000E+00   0.0000000E+00   0.0000000E+00   0.0000000E+00   0.0000000E+00
   3.7950317E+00   4.9119198E+03   4.9119198E+03   5.5946218E-05   6.4653138E-07   1.3879489E+01   4.8904944E+03   4.9119198E+03   0.0000000E+00   0.0000000E+00   0.0000000E+00   0.0000000E+00   0.0000000E+00
   4.2580956E+00   4.0183294E+03   4.0183294E+03   3.6344754E-05   4.2034116E-07   1.1353177E+01   4.0008018E+03   4.0183294E+03   0.0000000E+00   0.0000000E+00   0.0000000E+00   0.0000000E+00   0.0000000E+00
   4.7776619E+00   3.2847787E+03   3.2847787E+03   2.3607803E-05   2.7310955E-07   9.2798048E+00   3.2704507E+03   3.2847787E+03   0.0000000E+00   0.0000000E+00   0.0000000E+00   0.0000000E+00   0.0000000E+00
   5.3606248E+00   2.6831677E+03   2.6831677E+03   1.5317165E-05   1.7734714E-07   7.5796284E+00   2.6714639E+03   2.6831677E+03   0.0000000E+00   0.0000000E+00   0.0000000E+00   0.0000000E+00   0.0000000E+00
   6.0147200E+00   2.1902040E+03   2.1902040E+03   9.9317191E-06   1.1510486E-07   6.1866662E+00   2.1806505E+03   2.1902040E+03   0.0000000E+00   0.0000000E+00   0.0000000E+00   0.0000000E+00   0.0000000E+00
   6.7486268E+00   1.7866089E+03   1.7866089E+03   6.4363914E-06   7.4676751E-08   5.0463743E+00   1.7788158E+03   1.7866089E+03   0.0000000E+00   0.0000000E+00   0.0000000E+00   0.0000000E+00   0.0000000E+00
   7.5720838E+00   1.4564474E+03   1.4564474E+03   4.1670979E-06   4.8432472E-08   4.1136392E+00   1.4500945E+03   1.4564474E+03   0.0000000E+00   0.0000000E+00   0.0000000E+00   0.0000000E+00   0.0000000E+00
   8.4960178E+00   1.1865665E+03   1.1865665E+03   2.6963002E-06   3.1404686E-08   3.3512865E+00   1.1813907E+03   1.1865665E+03   0.0000000E+00   0.0000000E+00   0.0000000E+00   0.0000000E+00   0.0000000E+00
