#           k/h    CDM            baryon         photon         nu             mass_nu        total          no_nu          total_de       Weyl           v_CDM          v_b            v_b-v_c     
   1.0537954E-05   3.7298717E+06   3.7298717E+06   4.9727272E+06   1.1898091E+04   8.7390908E+04   3.7300953E+06   3.7298717E+06   0.0000000E+00   0.0000000E+00   0.0000000E+00   0.0000000E+00   0.0000000E+00
   1.1823779E-05   3.7298708E+06   3.7298708E+06   4.9726133E+06   1.1897924E+04   8.7389618E+04   3.7300943E+06   3.7298708E+06   0.0000000E+00   0.0000000E+00   0.0000000E+00   0.0000000E+00   0.0000000E+00
   1.3266498E-05   3.7298696E+06   3.7298696E+06   4.9724699E+06   1.1897713E+04   8.7387995E+04   3.7300930E+06   3.7298696E+06   0.0000000E+00   0.0000000E+00   0.0000000E+00   0.0000000E+00   0.0000000E+00
   1.4885255E-05   3.7298681E+06   3.7298681E+06   4.9722894E+06   1.1897447E+04   8.7385951E+04   3.7300914E+06   3.7298681E+06   0.0000000E+00   0.0000000E+00   0.0000000E+00   0.0000000E+00   0.0000000E+00
   1.6701531E-05   3.7298663E+06   3.7298663E+06   4.9720622E+06   1.1897113E+04   8.7383378E+04   3.7300893E+06   3.7298663E+06   0.0000000E+00   0.0000000E+00   0.0000000E+00   0.0000000E+00   0.0000000E+00
   1.8739426E-05   3.7298639E+06   3.7298639E+06   4.9717761E+06   1.1896693E+04   8.7380140E+04   3.7300867E+06   3.7298639E+06   0.0000000E+00   0.0000000E+00   0.0000000E+00   0.0000000E+00   0.0000000E+00
   2.1025982E-05   3.7298609E+06   3.7298609E+06   4.9714160E+06   1.1896163E+04   8.7376063E+04   3.7300834E+06   3.7298609E+06   0.0000000E+00   0.0000000E+00   0.0000000E+00   0.0000000E+00   0.0000000E+00
   2.3591540E-05   3.7298572E+06   3.7298572E+06   4.9709626E+06   1.1895497E+04   8.7370931E+04   3.7300793E+06   3.7298572E+06   0.0000000E+00   0.0000000E+00   0.0000000E+00   0.0000000E+00   0.0000000E+00
   2.6470143E-05   3.7298525E+06   3.7298525E+06   4.9703919E+06   1.1894658E+04   8.7364472E+04   3.7300741E+06   3.7298525E+06   0.0000000E+00   0.0000000E+00   0.0000000E+00   0.0000000E+00   0.0000000E+00
   2.9699989E-05   3.7298465E+06   3.7298465E+06   4.9696736E+06   1.1893602E+04   8.7356342E+04   3.7300676E+06   3.7298465E+06   0.0000000E+00   0.0000000E+00   0.0000000E+00   0.0000000E+00   0.0000000E+00
   3.3323936E-05   3.7298391E+06   3.7298391E+06   4.9687694E+06   1.1892272E+04   8.7346110E+04   3.7300594E+06   3.7298391E+06   0.0000000E+00   0.0000000E+00   0.0000000E+00   0.0000000E+00   0.0000000E+00
   3.7390071E-05   3.7298296E+06   3.7298296E+06   4.9676313E+06   1.1890599E+04   8.7333233E+04   3.7300491E+06   3.7298296E+06   0.0000000E+00   0.0000000E+00   0.0000000E+00   0.0000000E+00   0.0000000E+00
   4.1952349E-05   3.7298178E+06   3.7298178E+06   4.9661989E+06   1.1888493E+04   8.7317028E+04   3.7300361E+06   3.7298178E+06   0.0000000E+00   0.0000000E+00   0.0000000E+00   0.0000000E+00   0.0000000E+00
   4.7071310E-05   3.7298029E+06   3.7298029E+06   4.9643961E+06   1.1885842E+04   8.7296639E+04   3.7300197E+06   3.7298029E+06   0.0000000E+00   0.0000000E+00   0.0000000E+00   0.0000000E+00   0.0000000E+00
   5.2814879E-05   3.7297841E+06   3.7297841E+06   4.9621274E+06   1.1882505E+04   8.7270988E+04   3.7299991E+06   3.7297841E+06   0.0000000E+00   0.0000000E+00   0.0000000E+00   0.0000000E+00   0.0000000E+00
   5.9259269E-05   3.7297605E+06   3.7297605E+06   4.9592727E+06   1.1878306E+04   8.7238723E+04   3.7299732E+06   3.7297605E+06   0.0000000E+00   0.0000000E+00   0.0000000E+00   0.0000000E+00   0.0000000E+00
   6.6489993E-05   3.7297308E+06   3.7297308E+06   4.9556811E+06   1.1873022E+04   8.7198148E+04   3.7299405E+06   3.7297308E+06   0.0000000E+00   0.0000000E+00   0.0000000E+00   0.0000000E+00   0.0000000E+00
   7.4602999E-05   3.7296934E+06   3.7296934E+06   4.9511629E+06   1.1866374E+04   8.7147136E+04   3.7298995E+06   3.7296934E+06   0.0000000E+00   0.0000000E+00   0.0000000E+00   0.0000000E+00   0.0000000E+00
   8.3705942E-05   3.7296463E+06   3.7296463E+06   4.9454804E+06   1.1858010E+04   8.7083026E+04   3.7298477E+06   3.7296463E+06   0.0000000E+00   0.0000000E+00   0.0000000E+00   0.0000000E+00   0.0000000E+00
   9.3919611E-05   3.7295870E+06   3.7295870E+06   4.9383352E+06   1.1847490E+04   8.7002491E+04   3.7297827E+06   3.7295870E+06   0.0000000E+00   0.0000000E+00   0.0000000E+00   0.0000000E+00   0.0000000E+00
   1.0537954E-04   3.7295125E+06   3.7295125E+06   4.9293538E+06   1.1834261E+04   8.6901378E+04   3.7297007E+06   3.7295125E+06   0.0000000E+00   0.0000000E+00   0.0000000E+00   0.0000000E+00   0.0000000E+00
   1.1823779E-04   3.7294186E+06   3.7294186E+06   4.9180687E+06   1.1817630E+04   8.6774520E+04   3.7295977E+06   3.7294186E+06   0.0000000E+00   0.0000000E+00   0.0000000E+00   0.0000000E+00   0.0000000E+00
   1.3266498E-04   3.7293005E+06   3.7293005E+06   4.9038962E+06   1.1796730E+04   8.6615502E+04   3.7294680E+06   3.7293005E+06   0.0000000E+00   0.0000000E+00   0.0000000E+00   0.0000000E+00   0.0000000E+00
   1.4885255E-04   3.7291520E+06   3.7291520E+06   4.8861086E+06   1.1770477E+04   8.6416398E+04   3.7293049E+06   3.7291520E+06   0.0000000E+00   0.0000000E+00   0.0000000E+00   0.0000000E+00   0.0000000E+00
   1.6701531E-04   3.7289651E+06   3.7289651E+06   4.8638018E+06   1.1737520E+04   8.6167453E+04   3.7290998E+06   3.7289651E+06   0.0000000E+00   0.0000000E+00   0.0000000E+00   0.0000000E+00   0.0000000E+00
   1.8739426E-04   3.7287301E+06   3.7287301E+06   4.8358555E+06   1.1696175E+04   8.5856750E+04   3.7288418E+06   3.7287301E+06   0.0000000E+00   0.0000000E+00   0.0000000E+00   0.0000000E+00   0.0000000E+00
   2.1025982E-04   3.7284348E+06   3.7284348E+06   4.8008881E+06   1.1644358E+04   8.5469843E+04   3.7285176E+06   3.7284348E+06   0.0000000E+00   0.0000000E+00   0.0000000E+00   0.0000000E+00   0.0000000E+00
   2.3591540E-04   3.7280636E+06   3.7280636E+06   4.7572055E+06   1.1579490E+04   8.4989422E+04   3.7281102E+06   3.7280636E+06   0.0000000E+00   0.0000000E+00   0.0000000E+00   0.0000000E+00   0.0000000E+00
   2.6470143E-04   3.7275974E+06   3.7275974E+06   4.7027451E+06   1.1498401E+04   8.4395046E+04   3.7275987E+06   3.7275974E+06   0.0000000E+00   0.0000000E+00   0.0000000E+00   0.0000000E+00   0.0000000E+00
   2.9699989E-04   3.7270121E+06   3.7270121E+06   4.6350199E+06   1.1397223E+04   8.3663064E+04   3.7269566E+06   3.7270121E+06   0.0000000E+00   0.0000000E+00   0.0000000E+00   0.0000000E+00   0.0000000E+00
   3.3323936E-04   3.7262779E+06   3.7262779E+06   4.5510685E+06   1.1271269E+04   8.2766886E+04   3.7261515E+06   3.7262779E+06   0.0000000E+00   0.0000000E+00   0.0000000E+00   0.0000000E+00   0.0000000E+00
   3.7390071E-04   3.7253578E+06   3.7253578E+06   4.4474243E+06   1.1114931E+04   8.1677854E+04   3.7251428E+06   3.7253578E+06   0.0000000E+00   0.0000000E+00   0.0000000E+00   0.0000000E+00   0.0000000E+00
   4.1952349E-04   3.7242059E+06   3.7242059E+06   4.3201223E+06   1.0921590E+04   8.0367072E+04   3.7238807E+06   3.7242059E+06   0.0000000E+00   0.0000000E+00   0.0000000E+00   0.0000000E+00   0.0000000E+00
   4.7071310E-04   3.7227659E+06   3.7227659E+06   4.1647756E+06   1.0683597E+04   7.8808699E+04   3.7223039E+06   3.7227659E+06   0.0000000E+00   0.0000000E+00   0.0000000E+00   0.0000000E+00   0.0000000E+00
   5.2814879E-04   3.7209690E+06   3.7209690E+06   3.9767638E+06   1.0392350E+04   7.6985280E+04   3.7203377E+06   3.7209690E+06   0.0000000E+00   0.0000000E+00   0.0000000E+00   0.0000000E+00   0.0000000E+00
   5.9259269E-04   3.7187314E+06   3.7187314E+06   3.7515952E+06   1.0038558E+04   7.4895707E+04   3.7178918E+06   3.7187314E+06   0.0000000E+00   0.0000000E+00   0.0000000E+00   0.0000000E+00   0.0000000E+00
   6.6489993E-04   3.7159524E+06   3.7159524E+06   3.4855165E+06   9.6127889E+03   7.2566104E+04   3.7148578E+06   3.7159524E+06   0.0000000E+00   0.0000000E+00   0.0000000E+00   0.0000000E+00   0.0000000E+00
   7.4602999E-04   3.7125122E+06   3.7125122E+06   3.1764475E+06   9.1064191E+03   7.0063039E+04   3.7111079E+06   3.7125122E+06   0.0000000E+00   0.0000000E+00   0.0000000E+00   0.0000000E+00   0.0000000E+00
   8.3705942E-04   3.7082700E+06   3.7082700E+06   2.8252919E+06   8.5131326E+03   6.7506528E+04   3.7064928E+06   3.7082700E+06   0.0000000E+00   0.0000000E+00   0.0000000E+00   0.0000000E+00   0.0000000E+00
   9.3919611E-04   3.7030634E+06   3.7030634E+06   2.4375890E+06   7.8310603E+03   6.5076721E+04   3.7008424E+06   3.7030634E+06   0.0000000E+00   0.0000000E+00   0.0000000E+00   0.0000000E+00   0.0000000E+00
   1.0537954E-03   3.6967077E+06   3.6967077E+06   2.0252768E+06   7.0655313E+03   6.3002922E+04   3.6939663E+06   3.6967077E+06   0.0000000E+00   0.0000000E+00   0.0000000E+00   0.0000000E+00   0.0000000E+00
   1.1823779E-03   3.6889985E+06   3.6889985E+06   1.6080009E+06   6.2321138E+03   6.1517882E+04   3.6856576E+06   3.6889985E+06   0.0000000E+00   0.0000000E+00   0.0000000E+00   0.0000000E+00   0.0000000E+00
   1.3266498E-03   3.6797133E+06   3.6797133E+06   1.2129327E+06   5.3591195E+03   6.0759291E+04   3.6756978E+06   3.6797133E+06   0.0000000E+00   0.0000000E+00   0.0000000E+00   0.0000000E+00   0.0000000E+00
   1.4885255E-03   3.6686154E+06   3.6686154E+06   8.7163087E+05   4.4880466E+03   6.0615502E+04   3.6638619E+06   3.6686154E+06   0.0000000E+00   0.0000000E+00   0.0000000E+00   0.0000000E+00   0.0000000E+00
   1.6701531E-03   3.6554556E+06   3.6554556E+06   6.1259944E+05   3.6698355E+03   6.0561179E+04   3.6499227E+06   3.6554556E+06   0.0000000E+00   0.0000000E+00   0.0000000E+00   0.0000000E+00   0.0000000E+00
   1.8739426E-03   3.6399705E+06   3.6399705E+06   4.4977785E+05   2.9550323E+03   5.9619810E+04   3.6336488E+06   3.6399705E+06   0.0000000E+00   0.0000000E+00   0.0000000E+00   0.0000000E+00   0.0000000E+00
   2.1025982E-03   3.6218764E+06   3.6218764E+06   3.7111200E+05   2.3782232E+03   5.6679522E+04   3.6147952E+06   3.6218764E+06   0.0000000E+00   0.0000000E+00   0.0000000E+00   0.0000000E+00   0.0000000E+00
   2.3591540E-03   3.6008599E+06   3.6008599E+06   3.3671991E+05   1.9423097E+03   5.1308992E+04   3.5930860E+06   3.6008599E+06   0.0000000E+00   0.0000000E+00   0.0000000E+00   0.0000000E+00   0.0000000E+00
   2.6470143E-03   3.5765734E+06   3.5765734E+06   2.9734911E+05   1.6144662E+03   4.4704184E+04   3.5681977E+06   3.5765734E+06   0.0000000E+00   0.0000000E+00   0.0000000E+00   0.0000000E+00   0.0000000E+00
   2.9699989E-03   3.5486453E+06   3.5486453E+06   2.3040921E+05   1.3452490E+03   3.9507336E+04   3.5397592E+06   3.5486453E+06   0.0000000E+00   0.0000000E+00   0.0000000E+00   0.0000000E+00   0.0000000E+00
   3.3323936E-03   3.5167027E+06   3.5167027E+06   1.6125268E+05   1.1045951E+03   3.7299970E+04   3.5073732E+06   3.5167027E+06   0.0000000E+00   0.0000000E+00   0.0000000E+00   0.0000000E+00   0.0000000E+00
   3.7390071E-03   3.4803827E+06   3.4803827E+06   1.2771509E+05   8.9927818E+02   3.5793767E+04   3.4706435E+06   3.4803827E+06   0.0000000E+00   0.0000000E+00   0.0000000E+00   0.0000000E+00   0.0000000E+00
   4.1952349E-03   3.4393078E+06   3.4393078E+06   1.1665614E+05   7.4142227E+02   3.1608169E+04   3.4291768E+06   3.4393078E+06   0.0000000E+00   0.0000000E+00   0.0000000E+00   0.0000000E+00   0.0000000E+00
   4.7071310E-03   3.3930595E+06   3.3930595E+06   8.8280906E+04   6.1224015E+02   2.7084924E+04   3.3825670E+06   3.3930595E+06   0.0000000E+00   0.0000000E+00   0.0000000E+00   0.0000000E+00   0.0000000E+00
   5.2814879E-03   3.3412108E+06   3.3412108E+06   6.2910743E+04   4.9462143E+02   2.5373822E+04   3.3304123E+06   3.3412108E+06   0.0000000E+00   0.0000000E+00   0.0000000E+00   0.0000000E+00   0.0000000E+00
   5.9259269E-03   3.2833610E+06   3.2833610E+06   5.6520804E+04   4.0096146E+02   2.2012797E+04   3.2723275E+06   3.2833610E+06   0.0000000E+00   0.0000000E+00   0.0000000E+00   0.0000000E+00   0.0000000E+00
   6.6489993E-03   3.2190999E+06   3.2190999E+06   3.8102756E+04   3.2402911E+02   1.9206382E+04   3.2079015E+06   3.2190999E+06   0.0000000E+00   0.0000000E+00   0.0000000E+00   0.0000000E+00   0.0000000E+00
   7.4602999E-03   3.1480130E+06   3.1480130E+06   3.2598551E+04   2.5943194E+02   1.7212156E+04   3.1367042E+06   3.1480130E+06   0.0000000E+00   0.0000000E+00   0.0000000E+00   0.0000000E+00   0.0000000E+00
   8.3705942E-03   3.0696892E+06   3.0696892E+06   2.1803426E+04   2.0713757E+02   1.4720488E+04   3.0583355E+06   3.0696892E+06   0.0000000E+00   0.0000000E+00   0.0000000E+00   0.0000000E+00   0.0000000E+00
   9.3919611E-03   2.9837195E+06   2.9837195E+06   1.9066961E+04   1.6413573E+02   1.2695736E+04   2.9724103E+06   2.9837195E+06   0.0000000E+00   0.0000000E+00   0.0000000E+00   0.0000000E+00   0.0000000E+00
   1.0537954E-02   2.8897065E+06   2.8897065E+06   1.3819614E+04   1.2920577E+02   1.1330145E+04   2.8785003E+06   2.8897065E+06   0.0000000E+00   0.0000000E+00   0.0000000E+00   0.0000000E+00   0.0000000E+00
   1.1823779E-02   2.7872602E+06   2.7872602E+06   9.9723415E+03   1.0128268E+02   9.4963391E+03   2.7762395E+06   2.7872602E+06   0.0000000E+00   0.0000000E+00   0.0000000E+00   0.0000000E+00   0.0000000E+00
   1.3266498E-02   2.6760277E+06   2.6760277E+06   7.7731282E+03   7.8920311E+01   7.8233055E+03   2.6652604E+06   2.6760277E+06   0.0000000E+00   0.0000000E+00   0.0000000E+00   0.0000000E+00   0.0000000E+00
   1.4885255E-02   2.5557255E+06   2.5557255E+06   5.9092889E+03   6.1032402E+01   6.5208106E+03   2.5452879E+06   2.5557255E+06   0.0000000E+00   0.0000000E+00   0.0000000E+00   0.0000000E+00   0.0000000E+00
   1.6701531E-02   2.4262050E+06   2.4262050E+06   4.3369429E+03   4.6754893E+01   5.5275670E+03   2.4161661E+06   2.4262050E+06   0.0000000E+00   0.0000000E+00   0.0000000E+00   0.0000000E+00   0.0000000E+00
   1.8739426E-02   2.2875564E+06   2.2875564E+06   3.4192646E+03   3.5533712E+01   4.7067247E+03   2.2779837E+06   2.2875564E+06   0.0000000E+00   0.0000000E+00   0.0000000E+00   0.0000000E+00   0.0000000E+00
   2.1025981E-02   2.1402612E+06   2.1402612E+06   2.7112558E+03   2.6812839E+01   3.7291602E+03   2.1312182E+06   2.1402612E+06   0.0000000E+00   0.0000000E+00   0.0000000E+00   0.0000000E+00   0.0000000E+00
   2.3591515E-02   1.9854020E+06   1.9854020E+06   1.8457588E+03   1.9999428E+01   3.1520296E+03   1.9769439E+06   1.9854020E+06   0.0000000E+00   0.0000000E+00   0.0000000E+00   0.0000000E+00   0.0000000E+00
   2.6469777E-02   1.8249241E+06   1.8249241E+06   1.3318638E+03   1.4787982E+01   2.4977667E+03   1.8170951E+06   1.8249241E+06   0.0000000E+00   0.0000000E+00   0.0000000E+00   0.0000000E+00   0.0000000E+00
   2.9696307E-02   1.6619726E+06   1.6619726E+06   9.7745295E+02   1.0815524E+01   2.0218164E+03   1.6548004E+06   1.6619726E+06   0.0000000E+00   0.0000000E+00   0.0000000E+00   0.0000000E+00   0.0000000E+00
   3.3297505E-02   1.5014288E+06   1.5014288E+06   6.8845733E+02   7.8451051E+00   1.6657067E+03   1.4949170E+06   1.5014288E+06   0.0000000E+00   0.0000000E+00   0.0000000E+00   0.0000000E+00   0.0000000E+00
   3.7251094E-02   1.3506835E+06   1.3506835E+06   5.4093457E+02   5.6792535E+00   1.3575597E+03   1.3448015E+06   1.3506835E+06   0.0000000E+00   0.0000000E+00   0.0000000E+00   0.0000000E+00   0.0000000E+00
   4.1413906E-02   1.2192303E+06   1.2192303E+06   3.5958379E+02   4.1680575E+00   1.1090613E+03   1.2139033E+06   1.2192303E+06   0.0000000E+00   0.0000000E+00   0.0000000E+00   0.0000000E+00   0.0000000E+00
   4.5525600E-02   1.1139832E+06   1.1139832E+06   2.9949535E+02   3.1562668E+00   9.4975307E+02   1.1091040E+06   1.1139832E+06   0.0000000E+00   0.0000000E+00   0.0000000E+00   0.0000000E+00   0.0000000E+00
   4.9387658E-02   1.0339371E+06   1.0339371E+06   2.2191553E+02   2.4883206E+00   8.1363980E+02   1.0294000E+06   1.0339371E+06   0.0000000E+00   0.0000000E+00   0.0000000E+00   0.0000000E+00   0.0000000E+00
   5.2967249E-02   9.7276553E+05   9.7276553E+05   1.7643521E+02   2.0313026E+00   7.4263976E+02   9.6849092E+05   9.7276553E+05   0.0000000E+00   0.0000000E+00   0.0000000E+00   0.0000000E+00   0.0000000E+00
   5.6318195E-02   9.2413652E+05   9.2413652E+05   1.4887889E+02   1.7033051E+00   6.8143701E+02   9.2007107E+05   9.2413652E+05   0.0000000E+00   0.0000000E+00   0.0000000E+00   0.0000000E+00   0.0000000E+00
   5.9505773E-02   8.8347094E+05   8.8347094E+05   1.2760075E+02   1.4554886E+00   6.2809577E+02   8.7958088E+05   8.8347094E+05   0.0000000E+00   0.0000000E+00   0.0000000E+00   0.0000000E+00   0.0000000E+00
   6.2583763E-02   8.4770821E+05   8.4770821E+05   1.1174024E+02   1.2603714E+00   5.8166648E+02   8.4397280E+05   8.4770821E+05   0.0000000E+00   0.0000000E+00   0.0000000E+00   0.0000000E+00   0.0000000E+00
   6.5592900E-02   8.1481689E+05   8.1481689E+05   1.0125643E+02   1.1017322E+00   5.4230530E+02   8.1122411E+05   8.1481689E+05   0.0000000E+00   0.0000000E+00   0.0000000E+00   0.0000000E+00   0.0000000E+00
   6.8563812E-02   7.8345028E+05   7.8345028E+05   9.2353380E+01   9.6908373E-01   5.1513014E+02   7.7999385E+05   7.8345028E+05   0.0000000E+00   0.0000000E+00   0.0000000E+00   0.0000000E+00   0.0000000E+00
   7.1519949E-02   7.5274046E+05   7.5274046E+05   7.9976311E+01   8.5592490E-01   4.9343730E+02   7.4941785E+05   7.5274046E+05   0.0000000E+00   0.0000000E+00   0.0000000E+00   0.0000000E+00   0.0000000E+00
   7.4479741E-02   7.2217707E+05   7.2217707E+05   6.6702403E+01   7.5811546E-01   4.6351929E+02   7.1898793E+05   7.2217707E+05   0.0000000E+00   0.0000000E+00   0.0000000E+00   0.0000000E+00   0.0000000E+00
   7.7458096E-02   6.9153221E+05   6.9153221E+05   5.8417914E+01   6.7246358E-01   4.2925822E+02   6.8847717E+05   6.9153221E+05   0.0000000E+00   0.0000000E+00   0.0000000E+00   0.0000000E+00   0.0000000E+00
   8.0467419E-02   6.6080798E+05   6.6080798E+05   5.4188747E+01   5.9694195E-01   4.0006613E+02   6.5788761E+05   6.6080798E+05   0.0000000E+00   0.0000000E+00   0.0000000E+00   0.0000000E+00   0.0000000E+00
   8.3518315E-02   6.3019272E+05   6.3019272E+05   4.9819927E+01   5.2995006E-01   3.7899005E+02   6.2740672E+05   6.3019272E+05   0.0000000E+00   0.0000000E+00   0.0000000E+00   0.0000000E+00   0.0000000E+00
   8.6620078E-02   6.0001782E+05   6.0001782E+05   4.4289529E+01   4.7060117E-01   3.5915800E+02   5.9736441E+05   6.0001782E+05   0.0000000E+00   0.0000000E+00   0.0000000E+00   0.0000000E+00   0.0000000E+00
   8.9781043E-02   5.7071076E+05   5.7071076E+05   3.8766982E+01   4.1795992E-01   3.3942161E+02   5.6818623E+05   5.7071076E+05   0.0000000E+00   0.0000000E+00   0.0000000E+00   0.0000000E+00   0.0000000E+00
   9.3008836E-02   5.4274242E+05   5.4274242E+05   3.4063160E+01   3.7145288E-01   3.1924023E+02   5.4034098E+05   5.4274242E+05   0.0000000E+00   0.0000000E+00   0.0000000E+00   0.0000000E+00   0.0000000E+00
   9.6310557E-02   5.1656956E+05   5.1656956E+05   3.0276881E+01   3.3048331E-01   3.0065238E+02   5.1428337E+05   5.1656956E+05   0.0000000E+00   0.0000000E+00   0.0000000E+00   0.0000000E+00   0.0000000E+00
   9.9692920E-02   4.9257513E+05   4.9257513E+05   2.7216855E+01   2.9460180E-01   2.8272293E+02   4.9039464E+05   4.9257513E+05   0.0000000E+00   0.0000000E+00   0.0000000E+00   0.0000000E+00   0.0000000E+00
   1.0316235E-01   4.7101155E+05   4.7101155E+05   2.4463704E+01   2.6321965E-01   2.6577463E+02   4.6892607E+05   4.7101155E+05   0.0000000E+00   0.0000000E+00   0.0000000E+00   0.0000000E+00   0.0000000E+00
   1.0672508E-01   4.5195350E+05   4.5195350E+05   2.1398739E+01   2.3584830E-01   2.5081085E+02   4.4995202E+05   4.5195350E+05   0.0000000E+00   0.0000000E+00   0.0000000E+00   0.0000000E+00   0.0000000E+00
   1.1038719E-01   4.3526797E+05   4.3526797E+05   1.8268166E+01   2.1197003E-01   2.4054579E+02   4.3334002E+05   4.3526797E+05   0.0000000E+00   0.0000000E+00   0.0000000E+00   0.0000000E+00   0.0000000E+00
   1.1415464E-01   4.2060916E+05   4.2060916E+05   1.6927225E+01   1.9103037E-01   2.3392818E+02   4.1874582E+05   4.2060916E+05   0.0000000E+00   0.0000000E+00   0.0000000E+00   0.0000000E+00   0.0000000E+00
   1.1803337E-01   4.0744401E+05   4.0744401E+05   1.6069476E+01   1.7261704E-01   2.2178327E+02   4.0563870E+05   4.0744401E+05   0.0000000E+00   0.0000000E+00   0.0000000E+00   0.0000000E+00   0.0000000E+00
   1.2202924E-01   3.9511098E+05   3.9511098E+05   1.3569323E+01   1.5614762E-01   2.1439633E+02   3.9336006E+05   3.9511098E+05   0.0000000E+00   0.0000000E+00   0.0000000E+00   0.0000000E+00   0.0000000E+00
   1.2614813E-01   3.8290878E+05   3.8290878E+05   1.3202009E+01   1.4127828E-01   2.0609799E+02   3.8121168E+05   3.8290878E+05   0.0000000E+00   0.0000000E+00   0.0000000E+00   0.0000000E+00   0.0000000E+00
   1.3039588E-01   3.7020548E+05   3.7020548E+05   1.1258273E+01   1.2765762E-01   1.9906111E+02   3.6856447E+05   3.7020548E+05   0.0000000E+00   0.0000000E+00   0.0000000E+00   0.0000000E+00   0.0000000E+00
   1.3477839E-01   3.5655111E+05   3.5655111E+05   1.0331886E+01   1.1506732E-01   1.8845730E+02   3.5497043E+05   3.5655111E+05   0.0000000E+00   0.0000000E+00   0.0000000E+00   0.0000000E+00   0.0000000E+00
   1.3930154E-01   3.4177132E+05   3.4177132E+05   9.6460554E+00   1.0336484E-01   1.8051855E+02   3.4025598E+05   3.4177132E+05   0.0000000E+00   0.0000000E+00   0.0000000E+00   0.0000000E+00   0.0000000E+00
   1.4397127E-01   3.2601769E+05   3.2601769E+05   8.5480520E+00   9.2521524E-02   1.7222071E+02   3.2457204E+05   3.2601769E+05   0.0000000E+00   0.0000000E+00   0.0000000E+00   0.0000000E+00   0.0000000E+00
   1.4879354E-01   3.0975405E+05   3.0975405E+05   7.5067090E+00   8.2557092E-02   1.6286562E+02   3.0838038E+05   3.0975405E+05   0.0000000E+00   0.0000000E+00   0.0000000E+00   0.0000000E+00   0.0000000E+00
   1.5377436E-01   2.9366907E+05   2.9366907E+05   6.6803653E+00   7.3516175E-02   1.5367128E+02   2.9236660E+05   2.9366907E+05   0.0000000E+00   0.0000000E+00   0.0000000E+00   0.0000000E+00   0.0000000E+00
   1.5891980E-01   2.7852262E+05   2.7852262E+05   6.0146223E+00   6.5457330E-02   1.4450337E+02   2.7728721E+05   2.7852262E+05   0.0000000E+00   0.0000000E+00   0.0000000E+00   0.0000000E+00   0.0000000E+00
   1.6423597E-01   2.6495464E+05   2.6495464E+05   5.2759794E+00   5.8382018E-02   1.3609132E+02   2.6377931E+05   2.6495464E+05   0.0000000E+00   0.0000000E+00   0.0000000E+00   0.0000000E+00   0.0000000E+00
   1.6972907E-01   2.5330416E+05   2.5330416E+05   4.5318275E+00   5.2242391E-02   1.3021319E+02   2.5218042E+05   2.5330416E+05   0.0000000E+00   0.0000000E+00   0.0000000E+00   0.0000000E+00   0.0000000E+00
   1.7540537E-01   2.4349487E+05   2.4349487E+05   4.3116886E+00   4.6933004E-02   1.2464896E+02   2.4241456E+05   2.4349487E+05   0.0000000E+00   0.0000000E+00   0.0000000E+00   0.0000000E+00   0.0000000E+00
   1.8127124E-01   2.3503577E+05   2.3503577E+05   3.7016090E+00   4.2299434E-02   1.2002152E+02   2.3399292E+05   2.3503577E+05   0.0000000E+00   0.0000000E+00   0.0000000E+00   0.0000000E+00   0.0000000E+00
   1.8733317E-01   2.2715644E+05   2.2715644E+05   3.4308036E+00   3.8175097E-02   1.1496288E+02   2.2614849E+05   2.2715644E+05   0.0000000E+00   0.0000000E+00   0.0000000E+00   0.0000000E+00   0.0000000E+00
   1.9359780E-01   2.1905120E+05   2.1905120E+05   3.1621478E+00   3.4404974E-02   1.1077477E+02   2.1807915E+05   2.1905120E+05   0.0000000E+00   0.0000000E+00   0.0000000E+00   0.0000000E+00   0.0000000E+00
   2.0007191E-01   2.1015814E+05   2.1015814E+05   2.8429927E+00   3.0901863E-02   1.0598357E+02   2.0922550E+05   2.1015814E+05   0.0000000E+00   0.0000000E+00   0.0000000E+00   0.0000000E+00   0.0000000E+00
   2.0676253E-01   2.0036844E+05   2.0036844E+05   2.5236968E+00   2.7625106E-02   1.0065496E+02   1.9947919E+05   2.0036844E+05   0.0000000E+00   0.0000000E+00   0.0000000E+00   0.0000000E+00   0.0000000E+00
   2.1367691E-01   1.9006929E+05   1.9006929E+05   2.1932997E+00   2.4597018E-02   9.5211723E+01   1.8922570E+05   1.9006929E+05   0.0000000E+00   0.0000000E+00   0.0000000E+00   0.0000000E+00   0.0000000E+00
   2.2082260E-01   1.7997952E+05   1.7997952E+05   1.9343388E+00   2.1863255E-02   9.0240538E+01   1.7918068E+05   1.7997952E+05   0.0000000E+00   0.0000000E+00   0.0000000E+00   0.0000000E+00   0.0000000E+00
   2.2820753E-01   1.7082748E+05   1.7082748E+05   1.7614172E+00   1.9457409E-02   8.5170918E+01   1.7006923E+05   1.7082748E+05   0.0000000E+00   0.0000000E+00   0.0000000E+00   0.0000000E+00   0.0000000E+00
   2.3584002E-01   1.6300844E+05   1.6300844E+05   1.5586522E+00   1.7379072E-02   8.1355484E+01   1.6228486E+05   1.6300844E+05   0.0000000E+00   0.0000000E+00   0.0000000E+00   0.0000000E+00   0.0000000E+00
   2.4372892E-01   1.5639350E+05   1.5639350E+05   1.3782268E+00   1.5585203E-02   7.7792661E+01   1.5569925E+05   1.5639350E+05   0.0000000E+00   0.0000000E+00   0.0000000E+00   0.0000000E+00   0.0000000E+00
   2.5188366E-01   1.5040698E+05   1.5040698E+05   1.2408536E+00   1.4004409E-02   7.4652852E+01   1.4973928E+05   1.5040698E+05   0.0000000E+00   0.0000000E+00   0.0000000E+00   0.0000000E+00   0.0000000E+00
   2.6031438E-01   1.4435228E+05   1.4435228E+05   1.1265485E+00   1.2568694E-02   7.1571637E+01   1.4371143E+05   1.4435228E+05   0.0000000E+00   0.0000000E+00   0.0000000E+00   0.0000000E+00   0.0000000E+00
   2.6903201E-01   1.3781255E+05   1.3781255E+05   1.0207438E+00   1.1238220E-02   6.8079444E+01   1.3720072E+05   1.3781255E+05   0.0000000E+00   0.0000000E+00   0.0000000E+00   0.0000000E+00   0.0000000E+00
   2.7804846E-01   1.3088141E+05   1.3088141E+05   8.8822584E-01   1.0006485E-02   6.4599682E+01   1.3030033E+05   1.3088141E+05   0.0000000E+00   0.0000000E+00   0.0000000E+00   0.0000000E+00   0.0000000E+00
   2.8737676E-01   1.2406177E+05   1.2406177E+05   8.0009304E-01   8.8941701E-03   6.1027340E+01   1.2351095E+05   1.2406177E+05   0.0000000E+00   0.0000000E+00   0.0000000E+00   0.0000000E+00   0.0000000E+00
   2.9703121E-01   1.1788657E+05   1.1788657E+05   7.1487647E-01   7.9155586E-03   5.7951076E+01   1.1736316E+05   1.1788657E+05   0.0000000E+00   0.0000000E+00   0.0000000E+00   0.0000000E+00   0.0000000E+00
   3.0702767E-01   1.1252706E+05   1.1252706E+05   6.3580772E-01   7.0664168E-03   5.5230786E+01   1.1202743E+05   1.1252706E+05   0.0000000E+00   0.0000000E+00   0.0000000E+00   0.0000000E+00   0.0000000E+00
   3.1738376E-01   1.0768985E+05   1.0768985E+05   5.6255289E-01   6.3204783E-03   5.2818172E+01   1.0721168E+05   1.0768985E+05   0.0000000E+00   0.0000000E+00   0.0000000E+00   0.0000000E+00   0.0000000E+00
   3.2811919E-01   1.0289240E+05   1.0289240E+05   5.0984193E-01   5.6467175E-03   5.0379693E+01   1.0243552E+05   1.0289240E+05   0.0000000E+00   0.0000000E+00   0.0000000E+00   0.0000000E+00   0.0000000E+00
   3.3925612E-01   9.7884987E+04   9.7884987E+04   4.5185496E-01   5.0271027E-03   4.7917075E+01   9.7450336E+04   9.7884987E+04   0.0000000E+00   0.0000000E+00   0.0000000E+00   0.0000000E+00   0.0000000E+00
   3.5081960E-01   9.2836710E+04   9.2836710E+04   4.0114309E-01   4.4632232E-03   4.5373166E+01   9.2424466E+04   9.2836710E+04   0.0000000E+00   0.0000000E+00   0.0000000E+00   0.0000000E+00   0.0000000E+00
   3.6283813E-01   8.8108986E+04   8.8108986E+04   3.5570180E-01   3.9615220E-03   4.3011155E+01   8.7717728E+04   8.8108986E+04   0.0000000E+00   0.0000000E+00   0.0000000E+00   0.0000000E+00   0.0000000E+00
   3.7534429E-01   8.3853749E+04   8.3853749E+04   3.1598087E-01   3.5217572E-03   4.0909745E+01   8.3481380E+04   8.3853749E+04   0.0000000E+00   0.0000000E+00   0.0000000E+00   0.0000000E+00   0.0000000E+00
   3.8837561E-01   7.9873771E+04   7.9873771E+04   2.8083505E-01   3.1311891E-03   3.8925767E+01   7.9519070E+04   7.9873771E+04   0.0000000E+00   0.0000000E+00   0.0000000E+00   0.0000000E+00   0.0000000E+00
   4.0197555E-01   7.5895006E+04   7.5895006E+04   2.4968380E-01   2.7774804E-03   3.6935394E+01   7.5557968E+04   7.5895006E+04   0.0000000E+00   0.0000000E+00   0.0000000E+00   0.0000000E+00   0.0000000E+00
   4.1619488E-01   7.1900464E+04   7.1900464E+04   2.1986348E-01   2.4555969E-03   3.4972837E+01   7.1581160E+04   7.1900464E+04   0.0000000E+00   0.0000000E+00   0.0000000E+00   0.0000000E+00   0.0000000E+00
   4.3109333E-01   6.8090224E+04   6.8090224E+04   1.9431849E-01   2.1681401E-03   3.3108265E+01   6.7787837E+04   6.8090224E+04   0.0000000E+00   0.0000000E+00   0.0000000E+00   0.0000000E+00   0.0000000E+00
   4.4674183E-01   6.4548918E+04   6.4548918E+04   1.7128371E-01   1.9134975E-03   3.1346238E+01   6.4262254E+04   6.4548918E+04   0.0000000E+00   0.0000000E+00   0.0000000E+00   0.0000000E+00   0.0000000E+00
   4.6322541E-01   6.1134354E+04   6.1134354E+04   1.5087794E-01   1.6851465E-03   2.9658039E+01   6.0862851E+04   6.1134354E+04   0.0000000E+00   0.0000000E+00   0.0000000E+00   0.0000000E+00   0.0000000E+00
   4.8064713E-01   5.7740917E+04   5.7740917E+04   1.3266033E-01   1.4787309E-03   2.7994976E+01   5.7484480E+04   5.7740917E+04   0.0000000E+00   0.0000000E+00   0.0000000E+00   0.0000000E+00   0.0000000E+00
   4.9913337E-01   5.4450862E+04   5.4450862E+04   1.1583697E-01   1.2932814E-03   2.6381795E+01   5.4209034E+04   5.4450862E+04   0.0000000E+00   0.0000000E+00   0.0000000E+00   0.0000000E+00   0.0000000E+00
   5.1884122E-01   5.1314793E+04   5.1314793E+04   1.0102173E-01   1.1276557E-03   2.4848357E+01   5.1086890E+04   5.1314793E+04   0.0000000E+00   0.0000000E+00   0.0000000E+00   0.0000000E+00   0.0000000E+00
   5.3996884E-01   4.8244801E+04   4.8244801E+04   8.7732957E-02   9.7894944E-04   2.3346200E+01   4.8030531E+04   4.8244801E+04   0.0000000E+00   0.0000000E+00   0.0000000E+00   0.0000000E+00   0.0000000E+00
   5.6277036E-01   4.5220818E+04   4.5220818E+04   7.5711631E-02   8.4481128E-04   2.1872413E+01   4.5019976E+04   4.5220818E+04   0.0000000E+00   0.0000000E+00   0.0000000E+00   0.0000000E+00   0.0000000E+00
   5.8757766E-01   4.2281330E+04   4.2281330E+04   6.4918376E-02   7.2451079E-04   2.0447370E+01   4.2093542E+04   4.2281330E+04   0.0000000E+00   0.0000000E+00   0.0000000E+00   0.0000000E+00   0.0000000E+00
   6.1483300E-01   3.9379092E+04   3.9379092E+04   5.5227593E-02   6.1628786E-04   1.9032527E+01   3.9204192E+04   3.9379092E+04   0.0000000E+00   0.0000000E+00   0.0000000E+00   0.0000000E+00   0.0000000E+00
   6.4513854E-01   3.6502533E+04   3.6502533E+04   4.6485823E-02   5.1886955E-04   1.7634473E+01   3.6340407E+04   3.6502533E+04   0.0000000E+00   0.0000000E+00   0.0000000E+00   0.0000000E+00   0.0000000E+00
   6.7933255E-01   3.3641206E+04   3.3641206E+04   3.8640882E-02   4.3132291E-04   1.6234511E+01   3.3491788E+04   3.3641206E+04   0.0000000E+00   0.0000000E+00   0.0000000E+00   0.0000000E+00   0.0000000E+00
   7.1860640E-01   3.0766780E+04   3.0766780E+04   3.1581599E-02   3.5248430E-04   1.4849088E+01   3.0630127E+04   3.0766780E+04   0.0000000E+00   0.0000000E+00   0.0000000E+00   0.0000000E+00   0.0000000E+00
   7.6467725E-01   2.7861705E+04   2.7861705E+04   2.5256367E-02   2.8190155E-04   1.3440559E+01   2.7737954E+04   2.7861705E+04   0.0000000E+00   0.0000000E+00   0.0000000E+00   0.0000000E+00   0.0000000E+00
   8.2001011E-01   2.4907623E+04   2.4907623E+04   1.9634327E-02   2.1917628E-04   1.2000918E+01   2.4796992E+04   2.4907623E+04   0.0000000E+00   0.0000000E+00   0.0000000E+00   0.0000000E+00   0.0000000E+00
   8.8797992E-01   2.1904441E+04   2.1904441E+04   1.4724446E-02   1.6436911E-04   1.0549792E+01   2.1807149E+04   2.1904441E+04   0.0000000E+00   0.0000000E+00   0.0000000E+00   0.0000000E+00   0.0000000E+00
   9.7258139E-01   1.8896339E+04   1.8896339E+04   1.0588461E-02   1.1819666E-04   9.1014197E+00   1.8812407E+04   1.8896339E+04   0.0000000E+00   0.0000000E+00   0.0000000E+00   0.0000000E+00   0.0000000E+00
   1.0770764E+00   1.5994346E+04   1.5994346E+04   7.3075945E-03   8.1576799E-05   7.7004780E+00   1.5923303E+04   1.5994346E+04   0.0000000E+00   0.0000000E+00   0.0000000E+00   0.0000000E+00   0.0000000E+00
   1.2022367E+00   1.3348258E+04   1.3348258E+04   4.8948494E-03   5.4644495E-05   6.4224266E+00   1.3288968E+04   1.3348258E+04   0.0000000E+00   0.0000000E+00   0.0000000E+00   0.0000000E+00   0.0000000E+00
   1.3469739E+00   1.1057567E+04   1.1057567E+04   3.2302055E-03   3.6061678E-05   5.3181469E+00   1.1008451E+04   1.1057567E+04   0.0000000E+00   0.0000000E+00   0.0000000E+00   0.0000000E+00   0.0000000E+00
   1.5108961E+00   9.1309072E+03   9.1309072E+03   2.1199632E-03   2.3666998E-05   4.3928390E+00   9.0903493E+03   9.1309072E+03   0.0000000E+00   0.0000000E+00   0.0000000E+00   0.0000000E+00   0.0000000E+00
   1.6951854E+00   7.5278311E+03   7.5278311E+03   1.3883949E-03   1.5501253E-05   3.6201038E+00   7.4943937E+03   7.5278311E+03   0.0000000E+00   0.0000000E+00   0.0000000E+00   0.0000000E+00   0.0000000E+00
   1.9020220E+00   6.1987963E+03   6.1987963E+03   9.0937102E-04   1.0139557E-05   2.9797800E+00   6.1712622E+03   6.1987963E+03   0.0000000E+00   0.0000000E+00   0.0000000E+00   0.0000000E+00   0.0000000E+00
   2.1341032E+00   5.0988729E+03   5.0988729E+03   5.9342773E-04   6.6251958E-06   2.4508762E+00   5.0762244E+03   5.0988729E+03   0.0000000E+00   0.0000000E+00   0.0000000E+00   0.0000000E+00   0.0000000E+00
   2.3945031E+00   4.1898227E+03   4.1898227E+03   3.8730786E-04   4.3245879E-06   2.0138720E+00   4.1712121E+03   4.1898227E+03   0.0000000E+00   0.0000000E+00   0.0000000E+00   0.0000000E+00   0.0000000E+00
   2.6866767E+00   3.4394861E+03   3.4394861E+03   2.5254673E-04   2.8201277E-06   1.6531154E+00   3.4242083E+03   3.4394861E+03   0.0000000E+00   0.0000000E+00   0.0000000E+00   0.0000000E+00   0.0000000E+00
   3.0145009E+00   2.8209024E+03   2.8209024E+03   1.6452404E-04   1.8373440E-06   1.3559153E+00   2.8083723E+03   2.8209024E+03   0.0000000E+00   0.0000000E+00   0.0000000E+00   0.0000000E+00   0.0000000E+00
   3.3823256E+00   2.3115245E+03   2.3115245E+03   1.0708648E-04   1.1960247E-06   1.1110782E+00   2.3012570E+03   2.3115245E+03   0.0000000E+00   0.0000000E+00   0.0000000E+00   0.0000000E+00   0.0000000E+00
   3.7950317E+00   1.8925298E+03   1.8925298E+03   6.9711831E-05   7.7792559E-07   9.0955727E-01   1.8841234E+03   1.8925298E+03   0.0000000E+00   0.0000000E+00   0.0000000E+00   0.0000000E+00   0.0000000E+00
   4.2580956E+00   1.5482376E+03   1.5482376E+03   4.5258048E-05   5.0559459E-07   7.4402711E-01   1.5413605E+03   1.5482376E+03   0.0000000E+00   0.0000000E+00   0.0000000E+00   0.0000000E+00   0.0000000E+00
   4.7776619E+00   1.2656073E+03   1.2656073E+03   2.9385958E-05   3.2836759E-07   6.0804651E-01   1.2599856E+03   1.2656073E+03   0.0000000E+00   0.0000000E+00   0.0000000E+00   0.0000000E+00   0.0000000E+00
   5.3606248E+00   1.0338122E+03   1.0338122E+03   1.9066396E-05   2.1311088E-07   4.9672974E-01   1.0292201E+03   1.0338122E+03   0.0000000E+00   0.0000000E+00   0.0000000E+00   0.0000000E+00   0.0000000E+00
   6.0147200E+00   8.4387792E+02   8.4387792E+02   1.2363729E-05   1.3822045E-07   4.0552554E-01   8.4012951E+02   8.4387792E+02   0.0000000E+00   0.0000000E+00   0.0000000E+00   0.0000000E+00   0.0000000E+00
   6.7486268E+00   6.8837657E+02   6.8837657E+02   8.0106371E-06   8.9597875E-08   3.3072006E-01   6.8531887E+02   6.8837657E+02   0.0000000E+00   0.0000000E+00   0.0000000E+00   0.0000000E+00   0.0000000E+00
   7.5720838E+00   5.6116858E+02   5.6116858E+02   5.1903869E-06   5.8046379E-08   2.6964686E-01   5.5867593E+02   5.6116858E+02   0.0000000E+00   0.0000000E+00   0.0000000E+00   0.0000000E+00   0.0000000E+00
   8.4960178E+00   4.5718613E+02   4.5718613E+02   3.3559621E-06   3.7587875E-08   2.1964999E-01   4.5515535E+02   4.5718613E+02   0.0000000E+00   0.0000000E+00   0.0000000E+00   0.0000000E+00   0.0000000E+00
