#           k/h    CDM            baryon         photon         nu             mass_nu        total          no_nu          total_de       Weyl           v_CDM          v_b            v_b-v_c     
   1.0537954E-05   1.0651422E+07   1.0651422E+07   1.4198262E+07   1.0909321E+04   2.8542585E+06   1.0651487E+07   1.0651422E+07   0.0000000E+00   0.0000000E+00   0.0000000E+00   0.0000000E+00   0.0000000E+00
   1.1823779E-05   1.0651418E+07   1.0651418E+07   1.4197316E+07   1.0908861E+04   2.8542108E+06   1.0651484E+07   1.0651418E+07   0.0000000E+00   0.0000000E+00   0.0000000E+00   0.0000000E+00   0.0000000E+00
   1.3266498E-05   1.0651414E+07   1.0651414E+07   1.4196126E+07   1.0908280E+04   2.8541509E+06   1.0651479E+07   1.0651414E+07   0.0000000E+00   0.0000000E+00   0.0000000E+00   0.0000000E+00   0.0000000E+00
   1.4885255E-05   1.0651409E+07   1.0651409E+07   1.4194628E+07   1.0907550E+04   2.8540755E+06   1.0651474E+07   1.0651409E+07   0.0000000E+00   0.0000000E+00   0.0000000E+00   0.0000000E+00   0.0000000E+00
   1.6701531E-05   1.0651402E+07   1.0651402E+07   1.4192743E+07   1.0906631E+04   2.8539805E+06   1.0651467E+07   1.0651402E+07   0.0000000E+00   0.0000000E+00   0.0000000E+00   0.0000000E+00   0.0000000E+00
   1.8739426E-05   1.0651394E+07   1.0651394E+07   1.4190369E+07   1.0905474E+04   2.8538610E+06   1.0651458E+07   1.0651394E+07   0.0000000E+00   0.0000000E+00   0.0000000E+00   0.0000000E+00   0.0000000E+00
   2.1025982E-05   1.0651383E+07   1.0651383E+07   1.4187382E+07   1.0904017E+04   2.8537106E+06   1.0651447E+07   1.0651383E+07   0.0000000E+00   0.0000000E+00   0.0000000E+00   0.0000000E+00   0.0000000E+00
   2.3591540E-05   1.0651370E+07   1.0651370E+07   1.4183622E+07   1.0902184E+04   2.8535213E+06   1.0651433E+07   1.0651370E+07   0.0000000E+00   0.0000000E+00   0.0000000E+00   0.0000000E+00   0.0000000E+00
   2.6470143E-05   1.0651353E+07   1.0651353E+07   1.4178890E+07   1.0899876E+04   2.8532831E+06   1.0651415E+07   1.0651353E+07   0.0000000E+00   0.0000000E+00   0.0000000E+00   0.0000000E+00   0.0000000E+00
   2.9699989E-05   1.0651332E+07   1.0651332E+07   1.4172934E+07   1.0896971E+04   2.8529834E+06   1.0651393E+07   1.0651332E+07   0.0000000E+00   0.0000000E+00   0.0000000E+00   0.0000000E+00   0.0000000E+00
   3.3323936E-05   1.0651306E+07   1.0651306E+07   1.4165440E+07   1.0893316E+04   2.8526064E+06   1.0651365E+07   1.0651306E+07   0.0000000E+00   0.0000000E+00   0.0000000E+00   0.0000000E+00   0.0000000E+00
   3.7390071E-05   1.0651273E+07   1.0651273E+07   1.4156011E+07   1.0888717E+04   2.8521322E+06   1.0651330E+07   1.0651273E+07   0.0000000E+00   0.0000000E+00   0.0000000E+00   0.0000000E+00   0.0000000E+00
   4.1952349E-05   1.0651231E+07   1.0651231E+07   1.4144149E+07   1.0882929E+04   2.8515360E+06   1.0651285E+07   1.0651231E+07   0.0000000E+00   0.0000000E+00   0.0000000E+00   0.0000000E+00   0.0000000E+00
   4.7071310E-05   1.0651178E+07   1.0651178E+07   1.4129229E+07   1.0875649E+04   2.8507864E+06   1.0651229E+07   1.0651178E+07   0.0000000E+00   0.0000000E+00   0.0000000E+00   0.0000000E+00   0.0000000E+00
   5.2814879E-05   1.0651112E+07   1.0651112E+07   1.4110467E+07   1.0866490E+04   2.8498445E+06   1.0651159E+07   1.0651112E+07   0.0000000E+00   0.0000000E+00   0.0000000E+00   0.0000000E+00   0.0000000E+00
   5.9259269E-05   1.0651028E+07   1.0651028E+07   1.4086881E+07   1.0854974E+04   2.8486615E+06   1.0651070E+07   1.0651028E+07   0.0000000E+00   0.0000000E+00   0.0000000E+00   0.0000000E+00   0.0000000E+00
   6.6489993E-05   1.0650923E+07   1.0650923E+07   1.4057241E+07   1.0840495E+04   2.8471766E+06   1.0650959E+07   1.0650923E+07   0.0000000E+00   0.0000000E+00   0.0000000E+00   0.0000000E+00   0.0000000E+00
   7.4602999E-05   1.0650791E+07   1.0650791E+07   1.4020012E+07   1.0822298E+04   2.8453141E+06   1.0650819E+07   1.0650791E+07   0.0000000E+00   0.0000000E+00   0.0000000E+00   0.0000000E+00   0.0000000E+00
   8.3705942E-05   1.0650624E+07   1.0650624E+07   1.3973277E+07   1.0799440E+04   2.8429803E+06   1.0650643E+07   1.0650624E+07   0.0000000E+00   0.0000000E+00   0.0000000E+00   0.0000000E+00   0.0000000E+00
   9.3919611E-05   1.0650415E+07   1.0650415E+07   1.3914652E+07   1.0770743E+04   2.8400595E+06   1.0650421E+07   1.0650415E+07   0.0000000E+00   0.0000000E+00   0.0000000E+00   0.0000000E+00   0.0000000E+00
   1.0537954E-04   1.0650151E+07   1.0650151E+07   1.3841182E+07   1.0734739E+04   2.8364095E+06   1.0650142E+07   1.0650151E+07   0.0000000E+00   0.0000000E+00   0.0000000E+00   0.0000000E+00   0.0000000E+00
   1.1823779E-04   1.0649820E+07   1.0649820E+07   1.3749215E+07   1.0689609E+04   2.8318572E+06   1.0649791E+07   1.0649820E+07   0.0000000E+00   0.0000000E+00   0.0000000E+00   0.0000000E+00   0.0000000E+00
   1.3266498E-04   1.0649403E+07   1.0649403E+07   1.3634265E+07   1.0633104E+04   2.8261933E+06   1.0649349E+07   1.0649403E+07   0.0000000E+00   0.0000000E+00   0.0000000E+00   0.0000000E+00   0.0000000E+00
   1.4885255E-04   1.0648879E+07   1.0648879E+07   1.3490859E+07   1.0562458E+04   2.8191682E+06   1.0648795E+07   1.0648879E+07   0.0000000E+00   0.0000000E+00   0.0000000E+00   0.0000000E+00   0.0000000E+00
   1.6701531E-04   1.0648222E+07   1.0648222E+07   1.3312373E+07   1.0474288E+04   2.8104887E+06   1.0648098E+07   1.0648222E+07   0.0000000E+00   0.0000000E+00   0.0000000E+00   0.0000000E+00   0.0000000E+00
   1.8739426E-04   1.0647396E+07   1.0647396E+07   1.3090888E+07   1.0364495E+04   2.7998180E+06   1.0647224E+07   1.0647396E+07   0.0000000E+00   0.0000000E+00   0.0000000E+00   0.0000000E+00   0.0000000E+00
   2.1025982E-04   1.0646359E+07   1.0646359E+07   1.2817078E+07   1.0228167E+04   2.7867814E+06   1.0646126E+07   1.0646359E+07   0.0000000E+00   0.0000000E+00   0.0000000E+00   0.0000000E+00   0.0000000E+00
   2.3591540E-04   1.0645060E+07   1.0645060E+07   1.2480192E+07   1.0059494E+04   2.7709812E+06   1.0644750E+07   1.0645060E+07   0.0000000E+00   0.0000000E+00   0.0000000E+00   0.0000000E+00   0.0000000E+00
   2.6470143E-04   1.0643433E+07   1.0643433E+07   1.2068190E+07   9.8517433E+03   2.7520252E+06   1.0643027E+07   1.0643433E+07   0.0000000E+00   0.0000000E+00   0.0000000E+00   0.0000000E+00   0.0000000E+00
   2.9699989E-04   1.0641398E+07   1.0641398E+07   1.1568166E+07   9.5973190E+03   2.7295777E+06   1.0640872E+07   1.0641398E+07   0.0000000E+00   0.0000000E+00   0.0000000E+00   0.0000000E+00   0.0000000E+00
   3.3323936E-04   1.0638857E+07   1.0638857E+07   1.0967183E+07   9.2879730E+03   2.7034364E+06   1.0638182E+07   1.0638857E+07   0.0000000E+00   0.0000000E+00   0.0000000E+00   0.0000000E+00   0.0000000E+00
   3.7390071E-04   1.0635689E+07   1.0635689E+07   1.0253743E+07   8.9152610E+03   2.6736440E+06   1.0634828E+07   1.0635689E+07   0.0000000E+00   0.0000000E+00   0.0000000E+00   0.0000000E+00   0.0000000E+00
   4.1952349E-04   1.0631750E+07   1.0631750E+07   9.4200951E+06   8.4713497E+03   2.6406296E+06   1.0630659E+07   1.0631750E+07   0.0000000E+00   0.0000000E+00   0.0000000E+00   0.0000000E+00   0.0000000E+00
   4.7071310E-04   1.0626867E+07   1.0626867E+07   8.4655557E+06   7.9502998E+03   2.6053616E+06   1.0625490E+07   1.0626867E+07   0.0000000E+00   0.0000000E+00   0.0000000E+00   0.0000000E+00   0.0000000E+00
   5.2814879E-04   1.0620832E+07   1.0620832E+07   7.4008335E+06   7.3499209E+03   2.5694572E+06   1.0619105E+07   1.0620832E+07   0.0000000E+00   0.0000000E+00   0.0000000E+00   0.0000000E+00   0.0000000E+00
   5.9259269E-04   1.0613404E+07   1.0613404E+07   6.2529122E+06   6.6741912E+03   2.5351424E+06   1.0611248E+07   1.0613404E+07   0.0000000E+00   0.0000000E+00   0.0000000E+00   0.0000000E+00   0.0000000E+00
   6.6489993E-04   1.0604302E+07   1.0604302E+07   5.0692324E+06   5.9359949E+03   2.5048863E+06   1.0601626E+07   1.0604302E+07   0.0000000E+00   0.0000000E+00   0.0000000E+00   0.0000000E+00   0.0000000E+00
   7.4602999E-04   1.0593205E+07   1.0593205E+07   3.9187150E+06   5.1594911E+03   2.4804998E+06   1.0589903E+07   1.0593205E+07   0.0000000E+00   0.0000000E+00   0.0000000E+00   0.0000000E+00   0.0000000E+00
   8.3705942E-04   1.0579746E+07   1.0579746E+07   2.8858947E+06   4.3808110E+03   2.4615773E+06   1.0575701E+07   1.0579746E+07   0.0000000E+00   0.0000000E+00   0.0000000E+00   0.0000000E+00   0.0000000E+00
   9.3919611E-04   1.0563514E+07   1.0563514E+07   2.0541955E+06   3.6451779E+03   2.4435684E+06   1.0558596E+07   1.0563514E+07   0.0000000E+00   0.0000000E+00   0.0000000E+00   0.0000000E+00   0.0000000E+00
   1.0537954E-03   1.0544041E+07   1.0544041E+07   1.4773808E+06   2.9985796E+03   2.4166400E+06   1.0538118E+07   1.0544041E+07   0.0000000E+00   0.0000000E+00   0.0000000E+00   0.0000000E+00   0.0000000E+00
   1.1823779E-03   1.0520791E+07   1.0520791E+07   1.1470500E+06   2.4738772E+03   2.3675929E+06   1.0513734E+07   1.0520791E+07   0.0000000E+00   0.0000000E+00   0.0000000E+00   0.0000000E+00   0.0000000E+00
   1.3266498E-03   1.0493154E+07   1.0493154E+07   9.7810135E+05   2.0757118E+03   2.2870715E+06   1.0484847E+07   1.0493154E+07   0.0000000E+00   0.0000000E+00   0.0000000E+00   0.0000000E+00   0.0000000E+00
   1.4885255E-03   1.0460432E+07   1.0460432E+07   8.4203162E+05   1.7746706E+03   2.1803951E+06   1.0450785E+07   1.0460432E+07   0.0000000E+00   0.0000000E+00   0.0000000E+00   0.0000000E+00   0.0000000E+00
   1.6701531E-03   1.0421852E+07   1.0421852E+07   6.5404100E+05   1.5226090E+03   2.0714067E+06   1.0410813E+07   1.0421852E+07   0.0000000E+00   0.0000000E+00   0.0000000E+00   0.0000000E+00   0.0000000E+00
   1.8739426E-03   1.0376597E+07   1.0376597E+07   4.4889401E+05   1.2872212E+03   1.9841592E+06   1.0364154E+07   1.0376597E+07   0.0000000E+00   0.0000000E+00   0.0000000E+00   0.0000000E+00   0.0000000E+00
   2.1025982E-03   1.0323832E+07   1.0323832E+07   3.2884665E+05   1.0754566E+03   1.9101173E+06   1.0310006E+07   1.0323832E+07   0.0000000E+00   0.0000000E+00   0.0000000E+00   0.0000000E+00   0.0000000E+00
   2.3591540E-03   1.0262694E+07   1.0262694E+07   2.9587145E+05   9.0926395E+02   1.8143442E+06   1.0247520E+07   1.0262694E+07   0.0000000E+00   0.0000000E+00   0.0000000E+00   0.0000000E+00   0.0000000E+00
   2.6470143E-03   1.0192258E+07   1.0192258E+07   2.4038381E+05   7.7990760E+02   1.7012295E+06   1.0175766E+07   1.0192258E+07   0.0000000E+00   0.0000000E+00   0.0000000E+00   0.0000000E+00   0.0000000E+00
   2.9699989E-03   1.0111536E+07   1.0111536E+07   1.6752339E+05   6.6325052E+02   1.6085594E+06   1.0093737E+07   1.0111536E+07   0.0000000E+00   0.0000000E+00   0.0000000E+00   0.0000000E+00   0.0000000E+00
   3.3323936E-03   1.0019504E+07   1.0019504E+07   1.4470850E+05   5.6363963E+02   1.5082895E+06   1.0000397E+07   1.0019504E+07   0.0000000E+00   0.0000000E+00   0.0000000E+00   0.0000000E+00   0.0000000E+00
   3.7390071E-03   9.9150775E+06   9.9150775E+06   1.0375829E+05   4.7986165E+02   1.3973396E+06   9.8946663E+06   9.9150775E+06   0.0000000E+00   0.0000000E+00   0.0000000E+00   0.0000000E+00   0.0000000E+00
   4.1952349E-03   9.7971098E+06   9.7971098E+06   8.4864539E+04   4.0451155E+02   1.2984973E+06   9.7754207E+06   9.7971098E+06   0.0000000E+00   0.0000000E+00   0.0000000E+00   0.0000000E+00   0.0000000E+00
   4.7071310E-03   9.6644363E+06   9.6644363E+06   6.4160839E+04   3.4170818E+02   1.1834739E+06   9.6415288E+06   9.6644363E+06   0.0000000E+00   0.0000000E+00   0.0000000E+00   0.0000000E+00   0.0000000E+00
   5.2814879E-03   9.5158944E+06   9.5158944E+06   5.3331700E+04   2.8583947E+02   1.0806678E+06   9.4918790E+06   9.5158944E+06   0.0000000E+00   0.0000000E+00   0.0000000E+00   0.0000000E+00   0.0000000E+00
   5.9259269E-03   9.3503411E+06   9.3503411E+06   3.7909094E+04   2.3823924E+02   9.8054200E+05   9.3253471E+06   9.3503411E+06   0.0000000E+00   0.0000000E+00   0.0000000E+00   0.0000000E+00   0.0000000E+00
   6.6489993E-03   9.1666091E+06   9.1666091E+06   2.9425650E+04   1.9799626E+02   8.7584786E+05   9.1407401E+06   9.1666091E+06   0.0000000E+00   0.0000000E+00   0.0000000E+00   0.0000000E+00   0.0000000E+00
   7.4602999E-03   8.9635041E+06   8.9635041E+06   2.3383476E+04   1.6297888E+02   7.7893629E+05   8.9369219E+06   8.9635041E+06   0.0000000E+00   0.0000000E+00   0.0000000E+00   0.0000000E+00   0.0000000E+00
   8.3705942E-03   8.7398756E+06   8.7398756E+06   1.8458330E+04   1.3349143E+02   6.8797544E+05   8.7127680E+06   8.7398756E+06   0.0000000E+00   0.0000000E+00   0.0000000E+00   0.0000000E+00   0.0000000E+00
   9.3919611E-03   8.4945666E+06   8.4945666E+06   1.3742982E+04   1.0845992E+02   6.0259877E+05   8.4671107E+06   8.4945666E+06   0.0000000E+00   0.0000000E+00   0.0000000E+00   0.0000000E+00   0.0000000E+00
   1.0537954E-02   8.2264318E+06   8.2264318E+06   1.0212889E+04   8.7482434E+01   5.2422540E+05   8.1988376E+06   8.2264318E+06   0.0000000E+00   0.0000000E+00   0.0000000E+00   0.0000000E+00   0.0000000E+00
   1.1823779E-02   7.9343662E+06   7.9343662E+06   8.5607452E+03   7.0017029E+01   4.5116460E+05   7.9068427E+06   7.9343662E+06   0.0000000E+00   0.0000000E+00   0.0000000E+00   0.0000000E+00   0.0000000E+00
   1.3266498E-02   7.6173627E+06   7.6173627E+06   6.0207893E+03   5.5599634E+01   3.8401346E+05   7.5901353E+06   7.6173627E+06   0.0000000E+00   0.0000000E+00   0.0000000E+00   0.0000000E+00   0.0000000E+00
   1.4885255E-02   7.2746108E+06   7.2746108E+06   4.8842449E+03   4.3737284E+01   3.2401359E+05   7.2479023E+06   7.2746108E+06   0.0000000E+00   0.0000000E+00   0.0000000E+00   0.0000000E+00   0.0000000E+00
   1.6701531E-02   6.9056839E+06   6.9056839E+06   3.7070426E+03   3.4085828E+01   2.7096724E+05   6.8797192E+06   6.9056839E+06   0.0000000E+00   0.0000000E+00   0.0000000E+00   0.0000000E+00   0.0000000E+00
   1.8739426E-02   6.5108336E+06   6.5108336E+06   2.6655589E+03   2.6301370E+01   2.2392635E+05   6.4858332E+06   6.5108336E+06   0.0000000E+00   0.0000000E+00   0.0000000E+00   0.0000000E+00   0.0000000E+00
   2.1025981E-02   6.0914260E+06   6.0914260E+06   1.9548982E+03   2.0072410E+01   1.8384749E+05   6.0676001E+06   6.0914260E+06   0.0000000E+00   0.0000000E+00   0.0000000E+00   0.0000000E+00   0.0000000E+00
   2.3591515E-02   5.6505366E+06   5.6505366E+06   1.4065285E+03   1.5151227E+01   1.4850205E+05   5.6280755E+06   5.6505366E+06   0.0000000E+00   0.0000000E+00   0.0000000E+00   0.0000000E+00   0.0000000E+00
   2.6469777E-02   5.1936967E+06   5.1936967E+06   1.0241405E+03   1.1300797E+01   1.1894113E+05   5.1727593E+06   5.1936967E+06   0.0000000E+00   0.0000000E+00   0.0000000E+00   0.0000000E+00   0.0000000E+00
   2.9696307E-02   4.7298517E+06   4.7298517E+06   7.9106044E+02   8.3320405E+00   9.4218977E+04   4.7105505E+06   4.7298517E+06   0.0000000E+00   0.0000000E+00   0.0000000E+00   0.0000000E+00   0.0000000E+00
   3.3297505E-02   4.2728880E+06   4.2728880E+06   5.5430635E+02   6.0862075E+00   7.4140694E+04   4.2552686E+06   4.2728880E+06   0.0000000E+00   0.0000000E+00   0.0000000E+00   0.0000000E+00   0.0000000E+00
   3.7251094E-02   3.8438340E+06   3.8438340E+06   4.0888003E+02   4.4358012E+00   5.8134666E+04   3.8278436E+06   3.8438340E+06   0.0000000E+00   0.0000000E+00   0.0000000E+00   0.0000000E+00   0.0000000E+00
   4.1413906E-02   3.4697018E+06   3.4697018E+06   2.7984072E+02   3.2754933E+00   4.6163671E+04   3.4551641E+06   3.4697018E+06   0.0000000E+00   0.0000000E+00   0.0000000E+00   0.0000000E+00   0.0000000E+00
   4.5525600E-02   3.1701624E+06   3.1701624E+06   2.1852167E+02   2.4967704E+00   3.7811778E+04   3.1568058E+06   3.1701624E+06   0.0000000E+00   0.0000000E+00   0.0000000E+00   0.0000000E+00   0.0000000E+00
   4.9387658E-02   2.9423500E+06   2.9423500E+06   1.7542280E+02   1.9805143E+00   3.1918825E+04   2.9299010E+06   2.9423500E+06   0.0000000E+00   0.0000000E+00   0.0000000E+00   0.0000000E+00   0.0000000E+00
   5.2967249E-02   2.7682569E+06   2.7682569E+06   1.3832862E+02   1.6266022E+00   2.7738848E+04   2.7565065E+06   2.7682569E+06   0.0000000E+00   0.0000000E+00   0.0000000E+00   0.0000000E+00   0.0000000E+00
   5.6318195E-02   2.6298608E+06   2.6298608E+06   1.1782309E+02   1.3711921E+00   2.4547020E+04   2.6186692E+06   2.6298608E+06   0.0000000E+00   0.0000000E+00   0.0000000E+00   0.0000000E+00   0.0000000E+00
   5.9505773E-02   2.5141293E+06   2.5141293E+06   1.0025486E+02   1.1770321E+00   2.2159193E+04   2.5034076E+06   2.5141293E+06   0.0000000E+00   0.0000000E+00   0.0000000E+00   0.0000000E+00   0.0000000E+00
   6.2583763E-02   2.4123518E+06   2.4123518E+06   8.9780042E+01   1.0232647E+00   2.0123628E+04   2.4020458E+06   2.4123518E+06   0.0000000E+00   0.0000000E+00   0.0000000E+00   0.0000000E+00   0.0000000E+00
   6.5592900E-02   2.3187469E+06   2.3187469E+06   7.6772616E+01   8.9714086E-01   1.8396452E+04   2.3088254E+06   2.3187469E+06   0.0000000E+00   0.0000000E+00   0.0000000E+00   0.0000000E+00   0.0000000E+00
   6.8563812E-02   2.2294818E+06   2.2294818E+06   6.5697581E+01   7.9093928E-01   1.6918040E+04   2.2199294E+06   2.2294818E+06   0.0000000E+00   0.0000000E+00   0.0000000E+00   0.0000000E+00   0.0000000E+00
   7.1519949E-02   2.1420866E+06   2.1420866E+06   5.7527182E+01   6.9973482E-01   1.5606665E+04   2.1328976E+06   2.1420866E+06   0.0000000E+00   0.0000000E+00   0.0000000E+00   0.0000000E+00   0.0000000E+00
   7.4479741E-02   2.0551086E+06   2.0551086E+06   5.1706015E+01   6.2020093E-01   1.4411309E+04   2.0462832E+06   2.0551086E+06   0.0000000E+00   0.0000000E+00   0.0000000E+00   0.0000000E+00   0.0000000E+00
   7.7458096E-02   1.9678994E+06   1.9678994E+06   4.7317844E+01   5.5015106E-01   1.3298394E+04   1.9594402E+06   1.9678994E+06   0.0000000E+00   0.0000000E+00   0.0000000E+00   0.0000000E+00   0.0000000E+00
   8.0467419E-02   1.8804648E+06   1.8804648E+06   4.2760971E+01   4.8810901E-01   1.2247343E+04   1.8723742E+06   1.8804648E+06   0.0000000E+00   0.0000000E+00   0.0000000E+00   0.0000000E+00   0.0000000E+00
   8.3518315E-02   1.7933407E+06   1.7933407E+06   3.6665155E+01   4.3298165E-01   1.1275703E+04   1.7856185E+06   1.7933407E+06   0.0000000E+00   0.0000000E+00   0.0000000E+00   0.0000000E+00   0.0000000E+00
   8.6620078E-02   1.7074700E+06   1.7074700E+06   3.1265665E+01   3.8400713E-01   1.0418516E+04   1.7001120E+06   1.7074700E+06   0.0000000E+00   0.0000000E+00   0.0000000E+00   0.0000000E+00   0.0000000E+00
   8.9781043E-02   1.6240693E+06   1.6240693E+06   2.9268223E+01   3.4063871E-01   9.6186403E+03   1.6170658E+06   1.6240693E+06   0.0000000E+00   0.0000000E+00   0.0000000E+00   0.0000000E+00   0.0000000E+00
   9.3008836E-02   1.5444785E+06   1.5444785E+06   2.5012341E+01   3.0238506E-01   8.8628588E+03   1.5378138E+06   1.5444785E+06   0.0000000E+00   0.0000000E+00   0.0000000E+00   0.0000000E+00   0.0000000E+00
   9.6310557E-02   1.4699973E+06   1.4699973E+06   2.2917761E+01   2.6882592E-01   8.2199771E+03   1.4636501E+06   1.4699973E+06   0.0000000E+00   0.0000000E+00   0.0000000E+00   0.0000000E+00   0.0000000E+00
   9.9692920E-02   1.4017155E+06   1.4017155E+06   1.9516534E+01   2.3954313E-01   7.6228401E+03   1.3956597E+06   1.4017155E+06   0.0000000E+00   0.0000000E+00   0.0000000E+00   0.0000000E+00   0.0000000E+00
   1.0316235E-01   1.3403513E+06   1.3403513E+06   1.7933034E+01   2.1411908E-01   7.0923368E+03   1.3345575E+06   1.3403513E+06   0.0000000E+00   0.0000000E+00   0.0000000E+00   0.0000000E+00   0.0000000E+00
   1.0672508E-01   1.2861172E+06   1.2861172E+06   1.6501138E+01   1.9207838E-01   6.6449439E+03   1.2805551E+06   1.2861172E+06   0.0000000E+00   0.0000000E+00   0.0000000E+00   0.0000000E+00   0.0000000E+00
   1.1038719E-01   1.2386347E+06   1.2386347E+06   1.4797018E+01   1.7296569E-01   6.2536916E+03   1.2332754E+06   1.2386347E+06   0.0000000E+00   0.0000000E+00   0.0000000E+00   0.0000000E+00   0.0000000E+00
   1.1415464E-01   1.1969197E+06   1.1969197E+06   1.3354293E+01   1.5629482E-01   5.9053105E+03   1.1917386E+06   1.1969197E+06   0.0000000E+00   0.0000000E+00   0.0000000E+00   0.0000000E+00   0.0000000E+00
   1.1803337E-01   1.1594553E+06   1.1594553E+06   1.2138486E+01   1.4159827E-01   5.5895040E+03   1.1544343E+06   1.1594553E+06   0.0000000E+00   0.0000000E+00   0.0000000E+00   0.0000000E+00   0.0000000E+00
   1.2202924E-01   1.1243589E+06   1.1243589E+06   1.0687733E+01   1.2844954E-01   5.3001278E+03   1.1194880E+06   1.1243589E+06   0.0000000E+00   0.0000000E+00   0.0000000E+00   0.0000000E+00   0.0000000E+00
   1.2614813E-01   1.0896348E+06   1.0896348E+06   9.5684370E+00   1.1648014E-01   5.0422250E+03   1.0849127E+06   1.0896348E+06   0.0000000E+00   0.0000000E+00   0.0000000E+00   0.0000000E+00   0.0000000E+00
   1.3039588E-01   1.0534849E+06   1.0534849E+06   8.8922653E+00   1.0541980E-01   4.7705492E+03   1.0489178E+06   1.0534849E+06   0.0000000E+00   0.0000000E+00   0.0000000E+00   0.0000000E+00   0.0000000E+00
   1.3477839E-01   1.0146285E+06   1.0146285E+06   8.0440791E+00   9.5079245E-02   4.5160000E+03   1.0102284E+06   1.0146285E+06   0.0000000E+00   0.0000000E+00   0.0000000E+00   0.0000000E+00   0.0000000E+00
   1.3930154E-01   9.7256962E+05   9.7256962E+05   7.0786298E+00   8.5382151E-02   4.2509536E+03   9.6835063E+05   9.7256962E+05   0.0000000E+00   0.0000000E+00   0.0000000E+00   0.0000000E+00   0.0000000E+00
   1.4397127E-01   9.2773953E+05   9.2773953E+05   6.3132703E+00   7.6329574E-02   3.9844305E+03   9.2371385E+05   9.2773953E+05   0.0000000E+00   0.0000000E+00   0.0000000E+00   0.0000000E+00   0.0000000E+00
   1.4879354E-01   8.8145818E+05   8.8145818E+05   5.7116293E+00   6.7980686E-02   3.7221565E+03   8.7763228E+05   8.8145818E+05   0.0000000E+00   0.0000000E+00   0.0000000E+00   0.0000000E+00   0.0000000E+00
   1.5377436E-01   8.3568530E+05   8.3568530E+05   5.0959354E+00   6.0418566E-02   3.4672768E+03   8.3205714E+05   8.3568530E+05   0.0000000E+00   0.0000000E+00   0.0000000E+00   0.0000000E+00   0.0000000E+00
   1.5891980E-01   7.9258320E+05   7.9258320E+05   4.3687598E+00   5.3709529E-02   3.2413605E+03   7.8914133E+05   7.9258320E+05   0.0000000E+00   0.0000000E+00   0.0000000E+00   0.0000000E+00   0.0000000E+00
   1.6423597E-01   7.5397298E+05   7.5397298E+05   3.9704482E+00   4.7873389E-02   3.0342190E+03   7.5069803E+05   7.5397298E+05   0.0000000E+00   0.0000000E+00   0.0000000E+00   0.0000000E+00   0.0000000E+00
   1.6972907E-01   7.2081939E+05   7.2081939E+05   3.6112359E+00   4.2864489E-02   2.8611468E+03   7.1768777E+05   7.2081939E+05   0.0000000E+00   0.0000000E+00   0.0000000E+00   0.0000000E+00   0.0000000E+00
   1.7540537E-01   6.9290525E+05   6.9290525E+05   3.2235781E+00   3.8574846E-02   2.7127567E+03   6.8989429E+05   6.9290525E+05   0.0000000E+00   0.0000000E+00   0.0000000E+00   0.0000000E+00   0.0000000E+00
   1.8127124E-01   6.6883335E+05   6.6883335E+05   2.8405985E+00   3.4849188E-02   2.5859473E+03   6.6592643E+05   6.6883335E+05   0.0000000E+00   0.0000000E+00   0.0000000E+00   0.0000000E+00   0.0000000E+00
   1.8733317E-01   6.4641128E+05   6.4641128E+05   2.6501517E+00   3.1522483E-02   2.4698286E+03   6.4360131E+05   6.4641128E+05   0.0000000E+00   0.0000000E+00   0.0000000E+00   0.0000000E+00   0.0000000E+00
   1.9359780E-01   6.2334635E+05   6.2334635E+05   2.3222868E+00   2.8456862E-02   2.3534999E+03   6.2063618E+05   6.2334635E+05   0.0000000E+00   0.0000000E+00   0.0000000E+00   0.0000000E+00   0.0000000E+00
   2.0007191E-01   5.9803956E+05   5.9803956E+05   2.0868862E+00   2.5568702E-02   2.2317473E+03   5.9543900E+05   5.9803956E+05   0.0000000E+00   0.0000000E+00   0.0000000E+00   0.0000000E+00   0.0000000E+00
   2.0676253E-01   5.7018122E+05   5.7018122E+05   1.8634218E+00   2.2839488E-02   2.1058699E+03   5.6770143E+05   5.7018122E+05   0.0000000E+00   0.0000000E+00   0.0000000E+00   0.0000000E+00   0.0000000E+00
   2.1367691E-01   5.4087317E+05   5.4087317E+05   1.7012036E+00   2.0303709E-02   1.9771985E+03   5.3852051E+05   5.4087317E+05   0.0000000E+00   0.0000000E+00   0.0000000E+00   0.0000000E+00   0.0000000E+00
   2.2082260E-01   5.1216099E+05   5.1216099E+05   1.4756526E+00   1.8017213E-02   1.8543869E+03   5.0993292E+05   5.1216099E+05   0.0000000E+00   0.0000000E+00   0.0000000E+00   0.0000000E+00   0.0000000E+00
   2.2820753E-01   4.8611728E+05   4.8611728E+05   1.3062744E+00   1.6021433E-02   1.7433315E+03   4.8400224E+05   4.8611728E+05   0.0000000E+00   0.0000000E+00   0.0000000E+00   0.0000000E+00   0.0000000E+00
   2.3584002E-01   4.6386686E+05   4.6386686E+05   1.1700293E+00   1.4316155E-02   1.6494079E+03   4.6184838E+05   4.6386686E+05   0.0000000E+00   0.0000000E+00   0.0000000E+00   0.0000000E+00   0.0000000E+00
   2.4372892E-01   4.4504292E+05   4.4504292E+05   1.0737983E+00   1.2856999E-02   1.5691406E+03   4.4310614E+05   4.4504292E+05   0.0000000E+00   0.0000000E+00   0.0000000E+00   0.0000000E+00   0.0000000E+00
   2.5188366E-01   4.2800728E+05   4.2800728E+05   9.5206356E-01   1.1572954E-02   1.4975043E+03   4.2614444E+05   4.2800728E+05   0.0000000E+00   0.0000000E+00   0.0000000E+00   0.0000000E+00   0.0000000E+00
   2.6031438E-01   4.1077759E+05   4.1077759E+05   8.5778926E-01   1.0397780E-02   1.4264030E+03   4.0898957E+05   4.1077759E+05   0.0000000E+00   0.0000000E+00   0.0000000E+00   0.0000000E+00   0.0000000E+00
   2.6903201E-01   3.9216771E+05   3.9216771E+05   7.7460395E-01   9.2960321E-03   1.3517891E+03   3.9046053E+05   3.9216771E+05   0.0000000E+00   0.0000000E+00   0.0000000E+00   0.0000000E+00   0.0000000E+00
   2.7804846E-01   3.7244399E+05   3.7244399E+05   6.7787829E-01   8.2695393E-03   1.2753755E+03   3.7082252E+05   3.7244399E+05   0.0000000E+00   0.0000000E+00   0.0000000E+00   0.0000000E+00   0.0000000E+00
   2.8737676E-01   3.5303756E+05   3.5303756E+05   6.0105016E-01   7.3420934E-03   1.2010008E+03   3.5150046E+05   3.5303756E+05   0.0000000E+00   0.0000000E+00   0.0000000E+00   0.0000000E+00   0.0000000E+00
   2.9703121E-01   3.3546501E+05   3.3546501E+05   5.4067274E-01   6.5321629E-03   1.1344952E+03   3.3400430E+05   3.3546501E+05   0.0000000E+00   0.0000000E+00   0.0000000E+00   0.0000000E+00   0.0000000E+00
   3.0702767E-01   3.2021364E+05   3.2021364E+05   4.7840498E-01   5.8356051E-03   1.0765720E+03   3.1881924E+05   3.2021364E+05   0.0000000E+00   0.0000000E+00   0.0000000E+00   0.0000000E+00   0.0000000E+00
   3.1738376E-01   3.0644855E+05   3.0644855E+05   4.2872759E-01   5.2250463E-03   1.0247044E+03   3.0511400E+05   3.0644855E+05   0.0000000E+00   0.0000000E+00   0.0000000E+00   0.0000000E+00   0.0000000E+00
   3.2811919E-01   2.9279663E+05   2.9279663E+05   3.8722586E-01   4.6706145E-03   9.7404375E+02   2.9152145E+05   2.9279663E+05   0.0000000E+00   0.0000000E+00   0.0000000E+00   0.0000000E+00   0.0000000E+00
   3.3925612E-01   2.7854722E+05   2.7854722E+05   3.4391831E-01   4.1572694E-03   9.2215682E+02   2.7733402E+05   2.7854722E+05   0.0000000E+00   0.0000000E+00   0.0000000E+00   0.0000000E+00   0.0000000E+00
   3.5081960E-01   2.6418153E+05   2.6418153E+05   3.0442459E-01   3.6885760E-03   8.7043257E+02   2.6303083E+05   2.6418153E+05   0.0000000E+00   0.0000000E+00   0.0000000E+00   0.0000000E+00   0.0000000E+00
   3.6283813E-01   2.5072802E+05   2.5072802E+05   2.7078770E-01   3.2733150E-03   8.2241952E+02   2.4963586E+05   2.5072802E+05   0.0000000E+00   0.0000000E+00   0.0000000E+00   0.0000000E+00   0.0000000E+00
   3.7534429E-01   2.3861906E+05   2.3861906E+05   2.3952013E-01   2.9109129E-03   7.7956516E+02   2.3757959E+05   2.3861906E+05   0.0000000E+00   0.0000000E+00   0.0000000E+00   0.0000000E+00   0.0000000E+00
   3.8837561E-01   2.2729339E+05   2.2729339E+05   2.1338344E-01   2.5896306E-03   7.3959993E+02   2.2630322E+05   2.2729339E+05   0.0000000E+00   0.0000000E+00   0.0000000E+00   0.0000000E+00   0.0000000E+00
   4.0197555E-01   2.1597118E+05   2.1597118E+05   1.8932420E-01   2.2972802E-03   7.0018988E+02   2.1503028E+05   2.1597118E+05   0.0000000E+00   0.0000000E+00   0.0000000E+00   0.0000000E+00   0.0000000E+00
   4.1619488E-01   2.0460406E+05   2.0460406E+05   1.6756854E-01   2.0306270E-03   6.6091820E+02   2.0371265E+05   2.0460406E+05   0.0000000E+00   0.0000000E+00   0.0000000E+00   0.0000000E+00   0.0000000E+00
   4.3109333E-01   1.9376142E+05   1.9376142E+05   1.4779701E-01   1.7925202E-03   6.2385881E+02   1.9291721E+05   1.9376142E+05   0.0000000E+00   0.0000000E+00   0.0000000E+00   0.0000000E+00   0.0000000E+00
   4.4674183E-01   1.8368407E+05   1.8368407E+05   1.3020202E-01   1.5823475E-03   5.8949078E+02   1.8288373E+05   1.8368407E+05   0.0000000E+00   0.0000000E+00   0.0000000E+00   0.0000000E+00   0.0000000E+00
   4.6322541E-01   1.7396738E+05   1.7396738E+05   1.1490655E-01   1.3939177E-03   5.5655380E+02   1.7320935E+05   1.7396738E+05   0.0000000E+00   0.0000000E+00   0.0000000E+00   0.0000000E+00   0.0000000E+00
   4.8064713E-01   1.6431081E+05   1.6431081E+05   1.0070188E-01   1.2229416E-03   5.2416726E+02   1.6359484E+05   1.6431081E+05   0.0000000E+00   0.0000000E+00   0.0000000E+00   0.0000000E+00   0.0000000E+00
   4.9913337E-01   1.5494844E+05   1.5494844E+05   8.8041697E-02   1.0695539E-03   4.9293069E+02   1.5427324E+05   1.5494844E+05   0.0000000E+00   0.0000000E+00   0.0000000E+00   0.0000000E+00   0.0000000E+00
   5.1884122E-01   1.4602426E+05   1.4602426E+05   7.6788741E-02   9.3283180E-04   4.6329857E+02   1.4538792E+05   1.4602426E+05   0.0000000E+00   0.0000000E+00   0.0000000E+00   0.0000000E+00   0.0000000E+00
   5.3996884E-01   1.3728811E+05   1.3728811E+05   6.6711809E-02   8.0979486E-04   4.3445726E+02   1.3668983E+05   1.3728811E+05   0.0000000E+00   0.0000000E+00   0.0000000E+00   0.0000000E+00   0.0000000E+00
   5.6277036E-01   1.2868289E+05   1.2868289E+05   5.7537146E-02   6.9883638E-04   4.0622151E+02   1.2812209E+05   1.2868289E+05   0.0000000E+00   0.0000000E+00   0.0000000E+00   0.0000000E+00   0.0000000E+00
   5.8757766E-01   1.2031811E+05   1.2031811E+05   4.9359599E-02   5.9940312E-04   3.7892722E+02   1.1979375E+05   1.2031811E+05   0.0000000E+00   0.0000000E+00   0.0000000E+00   0.0000000E+00   0.0000000E+00
   6.1483300E-01   1.1205933E+05   1.1205933E+05   4.1986272E-02   5.0988956E-04   3.5211137E+02   1.1157095E+05   1.1205933E+05   0.0000000E+00   0.0000000E+00   0.0000000E+00   0.0000000E+00   0.0000000E+00
   6.4513854E-01   1.0387363E+05   1.0387363E+05   3.5344212E-02   4.2929641E-04   3.2568203E+02   1.0342092E+05   1.0387363E+05   0.0000000E+00   0.0000000E+00   0.0000000E+00   0.0000000E+00   0.0000000E+00
   6.7933255E-01   9.5731278E+04   9.5731278E+04   2.9376135E-02   3.5685001E-04   2.9948818E+02   9.5314037E+04   9.5731278E+04   0.0000000E+00   0.0000000E+00   0.0000000E+00   0.0000000E+00   0.0000000E+00
   7.1860640E-01   8.7551646E+04   8.7551646E+04   2.4008846E-02   2.9167187E-04   2.7332222E+02   8.7170046E+04   8.7551646E+04   0.0000000E+00   0.0000000E+00   0.0000000E+00   0.0000000E+00   0.0000000E+00
   7.6467725E-01   7.9284799E+04   7.9284799E+04   1.9200941E-02   2.3327752E-04   2.4698799E+02   7.8939222E+04   7.9284799E+04   0.0000000E+00   0.0000000E+00   0.0000000E+00   0.0000000E+00   0.0000000E+00
   8.2001011E-01   7.0878497E+04   7.0878497E+04   1.4926292E-02   1.8135730E-04   2.2034382E+02   7.0569553E+04   7.0878497E+04   0.0000000E+00   0.0000000E+00   0.0000000E+00   0.0000000E+00   0.0000000E+00
   8.8797992E-01   6.2332474E+04   6.2332474E+04   1.1193550E-02   1.3601891E-04   1.9337329E+02   6.2060773E+04   6.2332474E+04   0.0000000E+00   0.0000000E+00   0.0000000E+00   0.0000000E+00   0.0000000E+00
   9.7258139E-01   5.3772448E+04   5.3772448E+04   8.0492592E-03   9.7818729E-05   1.6648636E+02   5.3538054E+04   5.3772448E+04   0.0000000E+00   0.0000000E+00   0.0000000E+00   0.0000000E+00   0.0000000E+00
   1.0770764E+00   4.5514374E+04   4.5514374E+04   5.5581260E-03   6.7514535E-05   1.4065172E+02   4.5315973E+04   4.5514374E+04   0.0000000E+00   0.0000000E+00   0.0000000E+00   0.0000000E+00   0.0000000E+00
   1.2022367E+00   3.7984519E+04   3.7984519E+04   3.7212119E-03   4.5227533E-05   1.1719058E+02   3.7818938E+04   3.7984519E+04   0.0000000E+00   0.0000000E+00   0.0000000E+00   0.0000000E+00   0.0000000E+00
   1.3469739E+00   3.1465998E+04   3.1465998E+04   2.4555422E-03   2.9849035E-05   9.6948958E+01   3.1328830E+04   3.1465998E+04   0.0000000E+00   0.0000000E+00   0.0000000E+00   0.0000000E+00   0.0000000E+00
   1.5108961E+00   2.5983388E+04   2.5983388E+04   1.6115140E-03   1.9591888E-05   7.9967069E+01   2.5870119E+04   2.5983388E+04   0.0000000E+00   0.0000000E+00   0.0000000E+00   0.0000000E+00   0.0000000E+00
   1.6951854E+00   2.1421586E+04   2.1421586E+04   1.0553945E-03   1.2832491E-05   6.5868312E+01   2.1328202E+04   2.1421586E+04   0.0000000E+00   0.0000000E+00   0.0000000E+00   0.0000000E+00   0.0000000E+00
   1.9020220E+00   1.7639610E+04   1.7639610E+04   6.8962858E-04   8.3945380E-06   5.4202086E+01   1.7562712E+04   1.7639610E+04   0.0000000E+00   0.0000000E+00   0.0000000E+00   0.0000000E+00   0.0000000E+00
   2.1341032E+00   1.4509606E+04   1.4509606E+04   4.5166841E-04   5.4855534E-06   4.4559930E+01   1.4446353E+04   1.4509606E+04   0.0000000E+00   0.0000000E+00   0.0000000E+00   0.0000000E+00   0.0000000E+00
   2.3945031E+00   1.1922762E+04   1.1922762E+04   2.9442368E-04   3.5811216E-06   3.6599014E+01   1.1870785E+04   1.1922762E+04   0.0000000E+00   0.0000000E+00   0.0000000E+00   0.0000000E+00   0.0000000E+00
   2.6866767E+00   9.7875614E+03   9.7875614E+03   1.9197504E-04   2.3356602E-06   3.0033654E+01   9.7448930E+03   9.7875614E+03   0.0000000E+00   0.0000000E+00   0.0000000E+00   0.0000000E+00   0.0000000E+00
   3.0145009E+00   8.0272847E+03   8.0272847E+03   1.2506190E-04   1.5219992E-06   2.4625237E+01   7.9922900E+03   8.0272847E+03   0.0000000E+00   0.0000000E+00   0.0000000E+00   0.0000000E+00   0.0000000E+00
   3.3823256E+00   6.5777699E+03   6.5777699E+03   8.1405897E-05   9.9098053E-07   2.0173830E+01   6.5490943E+03   6.5777699E+03   0.0000000E+00   0.0000000E+00   0.0000000E+00   0.0000000E+00   0.0000000E+00
   3.7950317E+00   5.3854546E+03   5.3854546E+03   5.2914160E-05   6.4473708E-07   1.6514108E+01   5.3619768E+03   5.3854546E+03   0.0000000E+00   0.0000000E+00   0.0000000E+00   0.0000000E+00   0.0000000E+00
   4.2580956E+00   4.4057167E+03   4.4057167E+03   3.4437127E-05   4.1917801E-07   1.3507889E+01   4.3865101E+03   4.4057167E+03   0.0000000E+00   0.0000000E+00   0.0000000E+00   0.0000000E+00   0.0000000E+00
   4.7776619E+00   3.6014473E+03   3.6014473E+03   2.2338073E-05   2.7235409E-07   1.1040761E+01   3.5857468E+03   3.6014473E+03   0.0000000E+00   0.0000000E+00   0.0000000E+00   0.0000000E+00   0.0000000E+00
   5.3606248E+00   2.9418374E+03   2.9418374E+03   1.4496381E-05   1.7685721E-07   9.0178036E+00   2.9290124E+03   2.9418374E+03   0.0000000E+00   0.0000000E+00   0.0000000E+00   0.0000000E+00   0.0000000E+00
   6.0147200E+00   2.4013490E+03   2.4013490E+03   9.3972934E-06   1.1478826E-07   7.3603800E+00   2.3908804E+03   2.4013490E+03   0.0000000E+00   0.0000000E+00   0.0000000E+00   0.0000000E+00   0.0000000E+00
   6.7486268E+00   1.9588449E+03   1.9588449E+03   6.0894967E-06   7.4471469E-08   6.0037421E+00   1.9503053E+03   1.9588449E+03   0.0000000E+00   0.0000000E+00   0.0000000E+00   0.0000000E+00   0.0000000E+00
   7.5720838E+00   1.5968538E+03   1.5968538E+03   3.9425273E-06   4.8299650E-08   4.8940246E+00   1.5898923E+03   1.5968538E+03   0.0000000E+00   0.0000000E+00   0.0000000E+00   0.0000000E+00   0.0000000E+00
   8.4960178E+00   1.3009547E+03   1.3009547E+03   2.5525829E-06   3.1319012E-08   3.9869770E+00   1.2952831E+03   1.3009547E+03   0.0000000E+00   0.0000000E+00   0.0000000E+00   0.0000000E+00   0.0000000E+00
