#           k/h    CDM            baryon         photon         nu             mass_nu        total          no_nu          total_de       Weyl           v_CDM          v_b            v_b-v_c     
   1.0537954E-05   1.8957544E+07   1.8957544E+07   2.5264299E+07   1.2616314E+04   2.6405228E+07   1.8957553E+07   1.8957544E+07   0.0000000E+00   0.0000000E+00   0.0000000E+00   0.0000000E+00   0.0000000E+00
   1.1823779E-05   1.8957537E+07   1.8957537E+07   2.5261073E+07   1.2615277E+04   2.6404200E+07   1.8957546E+07   1.8957537E+07   0.0000000E+00   0.0000000E+00   0.0000000E+00   0.0000000E+00   0.0000000E+00
   1.3266498E-05   1.8957529E+07   1.8957529E+07   2.5257013E+07   1.2613972E+04   2.6402906E+07   1.8957537E+07   1.8957529E+07   0.0000000E+00   0.0000000E+00   0.0000000E+00   0.0000000E+00   0.0000000E+00
   1.4885255E-05   1.8957518E+07   1.8957518E+07   2.5251902E+07   1.2612329E+04   2.6401278E+07   1.8957526E+07   1.8957518E+07   0.0000000E+00   0.0000000E+00   0.0000000E+00   0.0000000E+00   0.0000000E+00
   1.6701531E-05   1.8957505E+07   1.8957505E+07   2.5245469E+07   1.2610260E+04   2.6399228E+07   1.8957512E+07   1.8957505E+07   0.0000000E+00   0.0000000E+00   0.0000000E+00   0.0000000E+00   0.0000000E+00
   1.8739426E-05   1.8957488E+07   1.8957488E+07   2.5237373E+07   1.2607657E+04   2.6396649E+07   1.8957495E+07   1.8957488E+07   0.0000000E+00   0.0000000E+00   0.0000000E+00   0.0000000E+00   0.0000000E+00
   2.1025982E-05   1.8957467E+07   1.8957467E+07   2.5227184E+07   1.2604381E+04   2.6393404E+07   1.8957473E+07   1.8957467E+07   0.0000000E+00   0.0000000E+00   0.0000000E+00   0.0000000E+00   0.0000000E+00
   2.3591540E-05   1.8957441E+07   1.8957441E+07   2.5214362E+07   1.2600257E+04   2.6389320E+07   1.8957445E+07   1.8957441E+07   0.0000000E+00   0.0000000E+00   0.0000000E+00   0.0000000E+00   0.0000000E+00
   2.6470143E-05   1.8957407E+07   1.8957407E+07   2.5198229E+07   1.2595068E+04   2.6384184E+07   1.8957411E+07   1.8957407E+07   0.0000000E+00   0.0000000E+00   0.0000000E+00   0.0000000E+00   0.0000000E+00
   2.9699989E-05   1.8957365E+07   1.8957365E+07   2.5177933E+07   1.2588539E+04   2.6377724E+07   1.8957367E+07   1.8957365E+07   0.0000000E+00   0.0000000E+00   0.0000000E+00   0.0000000E+00   0.0000000E+00
   3.3323936E-05   1.8957312E+07   1.8957312E+07   2.5152402E+07   1.2580325E+04   2.6369601E+07   1.8957312E+07   1.8957312E+07   0.0000000E+00   0.0000000E+00   0.0000000E+00   0.0000000E+00   0.0000000E+00
   3.7390071E-05   1.8957245E+07   1.8957245E+07   2.5120295E+07   1.2569992E+04   2.6359391E+07   1.8957242E+07   1.8957245E+07   0.0000000E+00   0.0000000E+00   0.0000000E+00   0.0000000E+00   0.0000000E+00
   4.1952349E-05   1.8957161E+07   1.8957161E+07   2.5079929E+07   1.2556997E+04   2.6346562E+07   1.8957155E+07   1.8957161E+07   0.0000000E+00   0.0000000E+00   0.0000000E+00   0.0000000E+00   0.0000000E+00
   4.7071310E-05   1.8957055E+07   1.8957055E+07   2.5029196E+07   1.2540659E+04   2.6330452E+07   1.8957045E+07   1.8957055E+07   0.0000000E+00   0.0000000E+00   0.0000000E+00   0.0000000E+00   0.0000000E+00
   5.2814879E-05   1.8956922E+07   1.8956922E+07   2.4965463E+07   1.2520124E+04   2.6310232E+07   1.8956906E+07   1.8956922E+07   0.0000000E+00   0.0000000E+00   0.0000000E+00   0.0000000E+00   0.0000000E+00
   5.9259269E-05   1.8956755E+07   1.8956755E+07   2.4885441E+07   1.2494325E+04   2.6284877E+07   1.8956732E+07   1.8956755E+07   0.0000000E+00   0.0000000E+00   0.0000000E+00   0.0000000E+00   0.0000000E+00
   6.6489993E-05   1.8956544E+07   1.8956544E+07   2.4785037E+07   1.2461929E+04   2.6253112E+07   1.8956513E+07   1.8956544E+07   0.0000000E+00   0.0000000E+00   0.0000000E+00   0.0000000E+00   0.0000000E+00
   7.4602999E-05   1.8956279E+07   1.8956279E+07   2.4659169E+07   1.2421279E+04   2.6213371E+07   1.8956237E+07   1.8956279E+07   0.0000000E+00   0.0000000E+00   0.0000000E+00   0.0000000E+00   0.0000000E+00
   8.3705942E-05   1.8955945E+07   1.8955945E+07   2.4501554E+07   1.2370313E+04   2.6163728E+07   1.8955890E+07   1.8955945E+07   0.0000000E+00   0.0000000E+00   0.0000000E+00   0.0000000E+00   0.0000000E+00
   9.3919611E-05   1.8955526E+07   1.8955526E+07   2.4304456E+07   1.2306481E+04   2.6101843E+07   1.8955454E+07   1.8955526E+07   0.0000000E+00   0.0000000E+00   0.0000000E+00   0.0000000E+00   0.0000000E+00
   1.0537954E-04   1.8954999E+07   1.8954999E+07   2.4058414E+07   1.2226642E+04   2.6024896E+07   1.8954906E+07   1.8954999E+07   0.0000000E+00   0.0000000E+00   0.0000000E+00   0.0000000E+00   0.0000000E+00
   1.1823779E-04   1.8954336E+07   1.8954336E+07   2.3751952E+07   1.2126953E+04   2.5929533E+07   1.8954217E+07   1.8954336E+07   0.0000000E+00   0.0000000E+00   0.0000000E+00   0.0000000E+00   0.0000000E+00
   1.3266498E-04   1.8953504E+07   1.8953504E+07   2.3371292E+07   1.2002741E+04   2.5811830E+07   1.8953352E+07   1.8953504E+07   0.0000000E+00   0.0000000E+00   0.0000000E+00   0.0000000E+00   0.0000000E+00
   1.4885255E-04   1.8952460E+07   1.8952460E+07   2.2900127E+07   1.1848389E+04   2.5667312E+07   1.8952265E+07   1.8952460E+07   0.0000000E+00   0.0000000E+00   0.0000000E+00   0.0000000E+00   0.0000000E+00
   1.6701531E-04   1.8951151E+07   1.8951151E+07   2.2319524E+07   1.1657232E+04   2.5491043E+07   1.8950903E+07   1.8951151E+07   0.0000000E+00   0.0000000E+00   0.0000000E+00   0.0000000E+00   0.0000000E+00
   1.8739426E-04   1.8949509E+07   1.8949509E+07   2.1608074E+07   1.1421505E+04   2.5277857E+07   1.8949196E+07   1.8949509E+07   0.0000000E+00   0.0000000E+00   0.0000000E+00   0.0000000E+00   0.0000000E+00
   2.1025982E-04   1.8947455E+07   1.8947455E+07   2.0742478E+07   1.1132378E+04   2.5022792E+07   1.8947059E+07   1.8947455E+07   0.0000000E+00   0.0000000E+00   0.0000000E+00   0.0000000E+00   0.0000000E+00
   2.3591540E-04   1.8944888E+07   1.8944888E+07   1.9698825E+07   1.0780162E+04   2.4721819E+07   1.8944387E+07   1.8944888E+07   0.0000000E+00   0.0000000E+00   0.0000000E+00   0.0000000E+00   0.0000000E+00
   2.6470143E-04   1.8941684E+07   1.8941684E+07   1.8454896E+07   1.0354775E+04   2.4372964E+07   1.8941054E+07   1.8941684E+07   0.0000000E+00   0.0000000E+00   0.0000000E+00   0.0000000E+00   0.0000000E+00
   2.9699989E-04   1.8937695E+07   1.8937695E+07   1.6993895E+07   9.8465873E+03   2.3977884E+07   1.8936902E+07   1.8937695E+07   0.0000000E+00   0.0000000E+00   0.0000000E+00   0.0000000E+00   0.0000000E+00
   3.3323936E-04   1.8932740E+07   1.8932740E+07   1.5309978E+07   9.2478177E+03   2.3543861E+07   1.8931745E+07   1.8932740E+07   0.0000000E+00   0.0000000E+00   0.0000000E+00   0.0000000E+00   0.0000000E+00
   3.7390071E-04   1.8926603E+07   1.8926603E+07   1.3415680E+07   8.5545911E+03   2.3085925E+07   1.8925357E+07   1.8926603E+07   0.0000000E+00   0.0000000E+00   0.0000000E+00   0.0000000E+00   0.0000000E+00
   4.1952349E-04   1.8919030E+07   1.8919030E+07   1.1350762E+07   7.7697110E+03   2.2628384E+07   1.8917472E+07   1.8919030E+07   0.0000000E+00   0.0000000E+00   0.0000000E+00   0.0000000E+00   0.0000000E+00
   4.7071310E-04   1.8909719E+07   1.8909719E+07   9.1906922E+06   6.9059442E+03   2.2204356E+07   1.8907777E+07   1.8909719E+07   0.0000000E+00   0.0000000E+00   0.0000000E+00   0.0000000E+00   0.0000000E+00
   5.2814879E-04   1.8898321E+07   1.8898321E+07   7.0510161E+06   5.9891630E+03   2.1851161E+07   1.8895907E+07   1.8898321E+07   0.0000000E+00   0.0000000E+00   0.0000000E+00   0.0000000E+00   0.0000000E+00
   5.9259269E-04   1.8884432E+07   1.8884432E+07   5.0814141E+06   5.0599816E+03   2.1599276E+07   1.8881441E+07   1.8884432E+07   0.0000000E+00   0.0000000E+00   0.0000000E+00   0.0000000E+00   0.0000000E+00
   6.6489993E-04   1.8867583E+07   1.8867583E+07   3.4419371E+06   4.1717356E+03   2.1454257E+07   1.8863893E+07   1.8867583E+07   0.0000000E+00   0.0000000E+00   0.0000000E+00   0.0000000E+00   0.0000000E+00
   7.4602999E-04   1.8847230E+07   1.8847230E+07   2.2570085E+06   3.3823512E+03   2.1376587E+07   1.8842702E+07   1.8847230E+07   0.0000000E+00   0.0000000E+00   0.0000000E+00   0.0000000E+00   0.0000000E+00
   8.3705942E-04   1.8822733E+07   1.8822733E+07   1.5552422E+06   2.7390148E+03   2.1274299E+07   1.8817211E+07   1.8822733E+07   0.0000000E+00   0.0000000E+00   0.0000000E+00   0.0000000E+00   0.0000000E+00
   9.3919611E-04   1.8793337E+07   1.8793337E+07   1.2266346E+06   2.2589886E+03   2.1031507E+07   1.8786651E+07   1.8793337E+07   0.0000000E+00   0.0000000E+00   0.0000000E+00   0.0000000E+00   0.0000000E+00
   1.0537954E-03   1.8758150E+07   1.8758150E+07   1.0501507E+06   1.9172087E+03   2.0584184E+07   1.8750127E+07   1.8758150E+07   0.0000000E+00   0.0000000E+00   0.0000000E+00   0.0000000E+00   0.0000000E+00
   1.1823779E-03   1.8716146E+07   1.8716146E+07   8.2446418E+05   1.6559778E+03   1.9999812E+07   1.8706613E+07   1.8716146E+07   0.0000000E+00   0.0000000E+00   0.0000000E+00   0.0000000E+00   0.0000000E+00
   1.3266498E-03   1.8666184E+07   1.8666184E+07   5.3008449E+05   1.4219826E+03   1.9445250E+07   1.8654988E+07   1.8666184E+07   0.0000000E+00   0.0000000E+00   0.0000000E+00   0.0000000E+00   0.0000000E+00
   1.4885255E-03   1.8607048E+07   1.8607048E+07   3.2402261E+05   1.2045707E+03   1.8981938E+07   1.8594061E+07   1.8607048E+07   0.0000000E+00   0.0000000E+00   0.0000000E+00   0.0000000E+00   0.0000000E+00
   1.6701531E-03   1.8537454E+07   1.8537454E+07   2.7822472E+05   1.0267837E+03   1.8436174E+07   1.8522582E+07   1.8537454E+07   0.0000000E+00   0.0000000E+00   0.0000000E+00   0.0000000E+00   0.0000000E+00
   1.8739426E-03   1.8456013E+07   1.8456013E+07   2.3021241E+05   8.9072736E+02   1.7712457E+07   1.8439199E+07   1.8456013E+07   0.0000000E+00   0.0000000E+00   0.0000000E+00   0.0000000E+00   0.0000000E+00
   2.1025982E-03   1.8361238E+07   1.8361238E+07   1.1669956E+05   7.6921741E+02   1.7054134E+07   1.8342446E+07   1.8361238E+07   0.0000000E+00   0.0000000E+00   0.0000000E+00   0.0000000E+00   0.0000000E+00
   2.3591540E-03   1.8251575E+07   1.8251575E+07   9.2163927E+04   6.6208312E+02   1.6441901E+07   1.8230772E+07   1.8251575E+07   0.0000000E+00   0.0000000E+00   0.0000000E+00   0.0000000E+00   0.0000000E+00
   2.6470143E-03   1.8125390E+07   1.8125390E+07   7.4353993E+04   5.7747409E+02   1.5656523E+07   1.8102528E+07   1.8125390E+07   0.0000000E+00   0.0000000E+00   0.0000000E+00   0.0000000E+00   0.0000000E+00
   2.9699989E-03   1.7980934E+07   1.7980934E+07   4.1199555E+04   5.0055084E+02   1.4933534E+07   1.7955954E+07   1.7980934E+07   0.0000000E+00   0.0000000E+00   0.0000000E+00   0.0000000E+00   0.0000000E+00
   3.3323936E-03   1.7816369E+07   1.7816369E+07   3.3007781E+04   4.3517057E+02   1.4097514E+07   1.7789215E+07   1.7816369E+07   0.0000000E+00   0.0000000E+00   0.0000000E+00   0.0000000E+00   0.0000000E+00
   3.7390071E-03   1.7629755E+07   1.7629755E+07   2.3128169E+04   3.7601602E+02   1.3289609E+07   1.7600390E+07   1.7629755E+07   0.0000000E+00   0.0000000E+00   0.0000000E+00   0.0000000E+00   0.0000000E+00
   4.1952349E-03   1.7419072E+07   1.7419072E+07   1.0471574E+04   3.2489465E+02   1.2391786E+07   1.7387488E+07   1.7419072E+07   0.0000000E+00   0.0000000E+00   0.0000000E+00   0.0000000E+00   0.0000000E+00
   4.7071310E-03   1.7182256E+07   1.7182256E+07   1.0906387E+04   2.7901673E+02   1.1494684E+07   1.7148506E+07   1.7182256E+07   0.0000000E+00   0.0000000E+00   0.0000000E+00   0.0000000E+00   0.0000000E+00
   5.2814879E-03   1.6917276E+07   1.6917276E+07   8.1102507E+03   2.3824070E+02   1.0607984E+07   1.6881485E+07   1.6917276E+07   0.0000000E+00   0.0000000E+00   0.0000000E+00   0.0000000E+00   0.0000000E+00
   5.9259269E-03   1.6622109E+07   1.6622109E+07   5.8644951E+03   2.0265069E+02   9.7162803E+06   1.6584404E+07   1.6622109E+07   0.0000000E+00   0.0000000E+00   0.0000000E+00   0.0000000E+00   0.0000000E+00
   6.6489993E-03   1.6294666E+07   1.6294666E+07   3.7594153E+03   1.7122841E+02   8.8195108E+06   1.6255187E+07   1.6294666E+07   0.0000000E+00   0.0000000E+00   0.0000000E+00   0.0000000E+00   0.0000000E+00
   7.4602999E-03   1.5932847E+07   1.5932847E+07   1.7410530E+03   1.4369611E+02   7.9443241E+06   1.5891838E+07   1.5932847E+07   0.0000000E+00   0.0000000E+00   0.0000000E+00   0.0000000E+00   0.0000000E+00
   8.3705942E-03   1.5534626E+07   1.5534626E+07   2.2684834E+02   1.1975668E+02   7.1054136E+06   1.5492334E+07   1.5534626E+07   0.0000000E+00   0.0000000E+00   0.0000000E+00   0.0000000E+00   0.0000000E+00
   9.3919611E-03   1.5097938E+07   1.5097938E+07   1.0064285E+03   9.9039844E+01   6.2926976E+06   1.5054655E+07   1.5097938E+07   0.0000000E+00   0.0000000E+00   0.0000000E+00   0.0000000E+00   0.0000000E+00
   1.0537954E-02   1.4620761E+07   1.4620761E+07   8.7544463E+01   8.1252486E+01   5.5277780E+06   1.4576814E+07   1.4620761E+07   0.0000000E+00   0.0000000E+00   0.0000000E+00   0.0000000E+00   0.0000000E+00
   1.1823779E-02   1.4101132E+07   1.4101132E+07   -1.4855681E+02   6.6086229E+01   4.8038957E+06   1.4056873E+07   1.4101132E+07   0.0000000E+00   0.0000000E+00   0.0000000E+00   0.0000000E+00   0.0000000E+00
   1.3266498E-02   1.3537264E+07   1.3537264E+07   -8.9623085E+01   5.3277578E+01   4.1342772E+06   1.3493072E+07   1.3537264E+07   0.0000000E+00   0.0000000E+00   0.0000000E+00   0.0000000E+00   0.0000000E+00
   1.4885255E-02   1.2927717E+07   1.2927717E+07   1.1604370E+02   4.2540588E+01   3.5179026E+06   1.2883988E+07   1.2927717E+07   0.0000000E+00   0.0000000E+00   0.0000000E+00   0.0000000E+00   0.0000000E+00
   1.6701531E-02   1.2271732E+07   1.2271732E+07   -9.9539190E+01   3.3617695E+01   2.9620356E+06   1.2228873E+07   1.2271732E+07   0.0000000E+00   0.0000000E+00   0.0000000E+00   0.0000000E+00   0.0000000E+00
   1.8739426E-02   1.1569753E+07   1.1569753E+07   -8.9267258E+01   2.6280639E+01   2.4622441E+06   1.1528170E+07   1.1569753E+07   0.0000000E+00   0.0000000E+00   0.0000000E+00   0.0000000E+00   0.0000000E+00
   2.1025981E-02   1.0824205E+07   1.0824205E+07   -1.0756512E+01   2.0308671E+01   2.0192203E+06   1.0784294E+07   1.0824205E+07   0.0000000E+00   0.0000000E+00   0.0000000E+00   0.0000000E+00   0.0000000E+00
   2.3591515E-02   1.0040548E+07   1.0040548E+07   -3.3461531E+01   1.5502624E+01   1.6350090E+06   1.0002676E+07   1.0040548E+07   0.0000000E+00   0.0000000E+00   0.0000000E+00   0.0000000E+00   0.0000000E+00
   2.6469777E-02   9.2286054E+06   9.2286054E+06   -1.2931990E+01   1.1685305E+01   1.3036188E+06   9.1930898E+06   9.2286054E+06   0.0000000E+00   0.0000000E+00   0.0000000E+00   0.0000000E+00   0.0000000E+00
   2.9696307E-02   8.4042662E+06   8.4042662E+06   -3.1127262E+01   8.6999503E+00   1.0261657E+06   8.3713474E+06   8.4042662E+06   0.0000000E+00   0.0000000E+00   0.0000000E+00   0.0000000E+00   0.0000000E+00
   3.3297505E-02   7.5921977E+06   7.5921977E+06   -1.2029240E+01   6.4120099E+00   7.9681653E+05   7.5619987E+06   7.5921977E+06   0.0000000E+00   0.0000000E+00   0.0000000E+00   0.0000000E+00   0.0000000E+00
   3.7251094E-02   6.8297576E+06   6.8297576E+06   -1.7093907E+01   4.7113000E+00   6.1594318E+05   6.8022310E+06   6.8297576E+06   0.0000000E+00   0.0000000E+00   0.0000000E+00   0.0000000E+00   0.0000000E+00
   4.1413906E-02   6.1649341E+06   6.1649341E+06   -1.2052353E+01   3.5044588E+00   4.7957621E+05   6.1398154E+06   6.1649341E+06   0.0000000E+00   0.0000000E+00   0.0000000E+00   0.0000000E+00   0.0000000E+00
   4.5525600E-02   5.6326709E+06   5.6326709E+06   -1.0828725E+01   2.6881450E+00   3.8280107E+05   5.6095238E+06   5.6326709E+06   0.0000000E+00   0.0000000E+00   0.0000000E+00   0.0000000E+00   0.0000000E+00
   4.9387658E-02   5.2278678E+06   5.2278678E+06   -1.3814256E+01   2.1435439E+00   3.1527853E+05   5.2062428E+06   5.2278678E+06   0.0000000E+00   0.0000000E+00   0.0000000E+00   0.0000000E+00   0.0000000E+00
   5.2967249E-02   4.9185223E+06   4.9185223E+06   -1.0576386E+01   1.7682739E+00   2.6762804E+05   4.8980730E+06   4.9185223E+06   0.0000000E+00   0.0000000E+00   0.0000000E+00   0.0000000E+00   0.0000000E+00
   5.6318195E-02   4.6726088E+06   4.6726088E+06   -9.2859529E+00   1.4960876E+00   2.3181201E+05   4.6531023E+06   4.6726088E+06   0.0000000E+00   0.0000000E+00   0.0000000E+00   0.0000000E+00   0.0000000E+00
   5.9505773E-02   4.4669690E+06   4.4669690E+06   -6.9512402E+00   1.2884240E+00   2.0369255E+05   4.4482578E+06   4.4669690E+06   0.0000000E+00   0.0000000E+00   0.0000000E+00   0.0000000E+00   0.0000000E+00
   6.2583763E-02   4.2861252E+06   4.2861252E+06   -4.4352953E+00   1.1231297E+00   1.8103669E+05   4.2681197E+06   4.2861252E+06   0.0000000E+00   0.0000000E+00   0.0000000E+00   0.0000000E+00   0.0000000E+00
   6.5592900E-02   4.1198043E+06   4.1198043E+06   -5.5444798E+00   9.8704509E-01   1.6163915E+05   4.1024540E+06   4.1198043E+06   0.0000000E+00   0.0000000E+00   0.0000000E+00   0.0000000E+00   0.0000000E+00
   6.8563812E-02   3.9611959E+06   3.9611959E+06   -5.3999756E+00   8.7200960E-01   1.4520361E+05   3.9444767E+06   3.9611959E+06   0.0000000E+00   0.0000000E+00   0.0000000E+00   0.0000000E+00   0.0000000E+00
   7.1519949E-02   3.8059112E+06   3.8059112E+06   -2.4731391E+00   7.7280215E-01   1.3048327E+05   3.7898154E+06   3.8059112E+06   0.0000000E+00   0.0000000E+00   0.0000000E+00   0.0000000E+00   0.0000000E+00
   7.4479741E-02   3.6513690E+06   3.6513690E+06   -3.6287085E+00   6.8600315E-01   1.1729536E+05   3.6358992E+06   3.6513690E+06   0.0000000E+00   0.0000000E+00   0.0000000E+00   0.0000000E+00   0.0000000E+00
   7.7458096E-02   3.4964170E+06   3.4964170E+06   -4.1299891E+00   6.0930341E-01   1.0561306E+05   3.4815793E+06   3.4964170E+06   0.0000000E+00   0.0000000E+00   0.0000000E+00   0.0000000E+00   0.0000000E+00
   8.0467419E-02   3.3410653E+06   3.3410653E+06   -1.9164848E+00   5.4114650E-01   9.4927978E+04   3.3268656E+06   3.3410653E+06   0.0000000E+00   0.0000000E+00   0.0000000E+00   0.0000000E+00   0.0000000E+00
   8.3518315E-02   3.1862659E+06   3.1862659E+06   -3.0790869E+00   4.8046586E-01   8.5171024E+04   3.1727054E+06   3.1862659E+06   0.0000000E+00   0.0000000E+00   0.0000000E+00   0.0000000E+00   0.0000000E+00
   8.6620078E-02   3.0336944E+06   3.0336944E+06   -1.6732027E+00   4.2645995E-01   7.6519330E+04   3.0207666E+06   3.0336944E+06   0.0000000E+00   0.0000000E+00   0.0000000E+00   0.0000000E+00   0.0000000E+00
   8.9781043E-02   2.8855118E+06   2.8855118E+06   -2.6828778E+00   3.7856500E-01   6.8598132E+04   2.8732007E+06   2.8855118E+06   0.0000000E+00   0.0000000E+00   0.0000000E+00   0.0000000E+00   0.0000000E+00
   9.3008836E-02   2.7440988E+06   2.7440988E+06   -1.6330979E+00   3.3628298E-01   6.1519914E+04   2.7323780E+06   2.7440988E+06   0.0000000E+00   0.0000000E+00   0.0000000E+00   0.0000000E+00   0.0000000E+00
   9.6310557E-02   2.6117645E+06   2.6117645E+06   -1.2559845E+00   2.9917466E-01   5.5302858E+04   2.6005973E+06   2.6117645E+06   0.0000000E+00   0.0000000E+00   0.0000000E+00   0.0000000E+00   0.0000000E+00
   9.9692920E-02   2.4904451E+06   2.4904451E+06   -1.1494604E+00   2.6679499E-01   4.9799070E+04   2.4797862E+06   2.4904451E+06   0.0000000E+00   0.0000000E+00   0.0000000E+00   0.0000000E+00   0.0000000E+00
   1.0316235E-01   2.3814167E+06   2.3814167E+06   -1.1519360E+00   2.3868346E-01   4.4963704E+04   2.3712151E+06   2.3814167E+06   0.0000000E+00   0.0000000E+00   0.0000000E+00   0.0000000E+00   0.0000000E+00
   1.0672508E-01   2.2850568E+06   2.2850568E+06   -1.4371056E+00   2.1433200E-01   4.0768202E+04   2.2752594E+06   2.2850568E+06   0.0000000E+00   0.0000000E+00   0.0000000E+00   0.0000000E+00   0.0000000E+00
   1.1038719E-01   2.2006927E+06   2.2006927E+06   -1.0537236E+00   1.9321738E-01   3.7148734E+04   2.1912493E+06   2.2006927E+06   0.0000000E+00   0.0000000E+00   0.0000000E+00   0.0000000E+00   0.0000000E+00
   1.1415464E-01   2.1265759E+06   2.1265759E+06   -9.1850291E-01   1.7480517E-01   3.3859994E+04   2.1174436E+06   2.1265759E+06   0.0000000E+00   0.0000000E+00   0.0000000E+00   0.0000000E+00   0.0000000E+00
   1.1803337E-01   2.0600114E+06   2.0600114E+06   -6.7395507E-01   1.5855962E-01   3.1037708E+04   2.0511585E+06   2.0600114E+06   0.0000000E+00   0.0000000E+00   0.0000000E+00   0.0000000E+00   0.0000000E+00
   1.2202924E-01   1.9976543E+06   1.9976543E+06   -8.3674969E-01   1.4400279E-01   2.8445676E+04   1.9890634E+06   1.9976543E+06   0.0000000E+00   0.0000000E+00   0.0000000E+00   0.0000000E+00   0.0000000E+00
   1.2614813E-01   1.9359588E+06   1.9359588E+06   -7.6220464E-01   1.3072380E-01   2.6045458E+04   1.9276279E+06   1.9359588E+06   0.0000000E+00   0.0000000E+00   0.0000000E+00   0.0000000E+00   0.0000000E+00
   1.3039588E-01   1.8717300E+06   1.8717300E+06   -5.4407446E-01   1.1841338E-01   2.3785574E+04   1.8636706E+06   1.8717300E+06   0.0000000E+00   0.0000000E+00   0.0000000E+00   0.0000000E+00   0.0000000E+00
   1.3477839E-01   1.8026930E+06   1.8026930E+06   -6.1263315E-01   1.0687265E-01   2.1618272E+04   1.7949262E+06   1.8026930E+06   0.0000000E+00   0.0000000E+00   0.0000000E+00   0.0000000E+00   0.0000000E+00
   1.3930154E-01   1.7279660E+06   1.7279660E+06   -4.3544520E-01   9.6016484E-02   1.9587944E+04   1.7205172E+06   1.7279660E+06   0.0000000E+00   0.0000000E+00   0.0000000E+00   0.0000000E+00   0.0000000E+00
   1.4397127E-01   1.6483156E+06   1.6483156E+06   -4.1019972E-01   8.5858318E-02   1.7657089E+04   1.6412064E+06   1.6483156E+06   0.0000000E+00   0.0000000E+00   0.0000000E+00   0.0000000E+00   0.0000000E+00
   1.4879354E-01   1.5660869E+06   1.5660869E+06   -3.2673124E-01   7.6476367E-02   1.5838068E+04   1.5593290E+06   1.5660869E+06   0.0000000E+00   0.0000000E+00   0.0000000E+00   0.0000000E+00   0.0000000E+00
   1.5377436E-01   1.4847616E+06   1.4847616E+06   -3.4627250E-01   6.7973880E-02   1.4157930E+04   1.4783517E+06   1.4847616E+06   0.0000000E+00   0.0000000E+00   0.0000000E+00   0.0000000E+00   0.0000000E+00
   1.5891980E-01   1.4081816E+06   1.4081816E+06   -3.5747189E-01   6.0433821E-02   1.2694310E+04   1.4020996E+06   1.4081816E+06   0.0000000E+00   0.0000000E+00   0.0000000E+00   0.0000000E+00   0.0000000E+00
   1.6423597E-01   1.3395824E+06   1.3395824E+06   -3.4340021E-01   5.3882473E-02   1.1386486E+04   1.3337943E+06   1.3395824E+06   0.0000000E+00   0.0000000E+00   0.0000000E+00   0.0000000E+00   0.0000000E+00
   1.6972907E-01   1.2806781E+06   1.2806781E+06   -3.0995585E-01   4.8270814E-02   1.0271288E+04   1.2751423E+06   1.2806781E+06   0.0000000E+00   0.0000000E+00   0.0000000E+00   0.0000000E+00   0.0000000E+00
   1.7540537E-01   1.2310827E+06   1.2310827E+06   -2.5076106E-01   4.3470994E-02   9.3270201E+03   1.2257594E+06   1.2310827E+06   0.0000000E+00   0.0000000E+00   0.0000000E+00   0.0000000E+00   0.0000000E+00
   1.8127124E-01   1.1883139E+06   1.1883139E+06   -2.4997679E-01   3.9305630E-02   8.4829612E+03   1.1831737E+06   1.1883139E+06   0.0000000E+00   0.0000000E+00   0.0000000E+00   0.0000000E+00   0.0000000E+00
   1.8733317E-01   1.1484764E+06   1.1484764E+06   -2.0989743E-01   3.5583044E-02   7.7307112E+03   1.1435068E+06   1.1484764E+06   0.0000000E+00   0.0000000E+00   0.0000000E+00   0.0000000E+00   0.0000000E+00
   1.9359780E-01   1.1074968E+06   1.1074968E+06   -2.0761119E-01   3.2143469E-02   7.0344178E+03   1.1027030E+06   1.1074968E+06   0.0000000E+00   0.0000000E+00   0.0000000E+00   0.0000000E+00   0.0000000E+00
   2.0007191E-01   1.0625340E+06   1.0625340E+06   -1.4870881E-01   2.8892514E-02   6.3679830E+03   1.0579335E+06   1.0625340E+06   0.0000000E+00   0.0000000E+00   0.0000000E+00   0.0000000E+00   0.0000000E+00
   2.0676253E-01   1.0130380E+06   1.0130380E+06   -1.6347653E-01   2.5812256E-02   5.7235596E+03   1.0086506E+06   1.0130380E+06   0.0000000E+00   0.0000000E+00   0.0000000E+00   0.0000000E+00   0.0000000E+00
   2.1367691E-01   9.6096636E+05   9.6096636E+05   -1.3406518E-01   2.2945812E-02   5.1188285E+03   9.5680332E+05   9.6096636E+05   0.0000000E+00   0.0000000E+00   0.0000000E+00   0.0000000E+00   0.0000000E+00
   2.2082260E-01   9.0995340E+05   9.0995340E+05   -1.1537473E-01   2.0361128E-02   4.5637108E+03   9.0601037E+05   9.0995340E+05   0.0000000E+00   0.0000000E+00   0.0000000E+00   0.0000000E+00   0.0000000E+00
   2.2820753E-01   8.6368154E+05   8.6368154E+05   -9.0934295E-02   1.8107272E-02   4.0831683E+03   8.5993812E+05   8.6368154E+05   0.0000000E+00   0.0000000E+00   0.0000000E+00   0.0000000E+00   0.0000000E+00
   2.3584002E-01   8.2414919E+05   8.2414919E+05   -9.0352103E-02   1.6185476E-02   3.6700508E+03   8.2057632E+05   8.2414919E+05   0.0000000E+00   0.0000000E+00   0.0000000E+00   0.0000000E+00   0.0000000E+00
   2.4372892E-01   7.9070470E+05   7.9070470E+05   -8.4414030E-02   1.4543446E-02   3.3211489E+03   7.8727609E+05   7.9070470E+05   0.0000000E+00   0.0000000E+00   0.0000000E+00   0.0000000E+00   0.0000000E+00
   2.5188366E-01   7.6043747E+05   7.6043747E+05   -7.9707816E-02   1.3098433E-02   3.0077333E+03   7.5713945E+05   7.6043747E+05   0.0000000E+00   0.0000000E+00   0.0000000E+00   0.0000000E+00   0.0000000E+00
   2.6031438E-01   7.2982550E+05   7.2982550E+05   -6.2339899E-02   1.1773278E-02   2.7188184E+03   7.2665965E+05   7.2982550E+05   0.0000000E+00   0.0000000E+00   0.0000000E+00   0.0000000E+00   0.0000000E+00
   2.6903201E-01   6.9676136E+05   6.9676136E+05   -5.8361567E-02   1.0527804E-02   2.4453135E+03   6.9373840E+05   6.9676136E+05   0.0000000E+00   0.0000000E+00   0.0000000E+00   0.0000000E+00   0.0000000E+00
   2.7804846E-01   6.6171829E+05   6.6171829E+05   -4.9936445E-02   9.3653791E-03   2.1855597E+03   6.5884687E+05   6.6171829E+05   0.0000000E+00   0.0000000E+00   0.0000000E+00   0.0000000E+00   0.0000000E+00
   2.8737676E-01   6.2723896E+05   6.2723896E+05   -5.0743646E-02   8.3149266E-03   1.9507730E+03   6.2451674E+05   6.2723896E+05   0.0000000E+00   0.0000000E+00   0.0000000E+00   0.0000000E+00   0.0000000E+00
   2.9703121E-01   5.9601788E+05   5.9601788E+05   -4.3238911E-02   7.3987144E-03   1.7453187E+03   5.9343077E+05   5.9601788E+05   0.0000000E+00   0.0000000E+00   0.0000000E+00   0.0000000E+00   0.0000000E+00
   3.0702767E-01   5.6892085E+05   5.6892085E+05   -4.0072752E-02   6.6114491E-03   1.5668312E+03   5.6645100E+05   5.6892085E+05   0.0000000E+00   0.0000000E+00   0.0000000E+00   0.0000000E+00   0.0000000E+00
   3.1738376E-01   5.4446447E+05   5.4446447E+05   -3.5841318E-02   5.9220231E-03   1.4113377E+03   5.4210049E+05   5.4446447E+05   0.0000000E+00   0.0000000E+00   0.0000000E+00   0.0000000E+00   0.0000000E+00
   3.2811919E-01   5.2020917E+05   5.2020917E+05   -2.9852676E-02   5.2950783E-03   1.2680905E+03   5.1795021E+05   5.2020917E+05   0.0000000E+00   0.0000000E+00   0.0000000E+00   0.0000000E+00   0.0000000E+00
   3.3925612E-01   4.9489233E+05   4.9489233E+05   -2.8072659E-02   4.7136167E-03   1.1347914E+03   4.9274305E+05   4.9489233E+05   0.0000000E+00   0.0000000E+00   0.0000000E+00   0.0000000E+00   0.0000000E+00
   3.5081960E-01   4.6936888E+05   4.6936888E+05   -2.5210221E-02   4.1821166E-03   1.0119073E+03   4.6733022E+05   4.6936888E+05   0.0000000E+00   0.0000000E+00   0.0000000E+00   0.0000000E+00   0.0000000E+00
   3.6283813E-01   4.4546612E+05   4.4546612E+05   -2.0886804E-02   3.7117669E-03   9.0228047E+02   4.4353108E+05   4.4546612E+05   0.0000000E+00   0.0000000E+00   0.0000000E+00   0.0000000E+00   0.0000000E+00
   3.7534429E-01   4.2395221E+05   4.2395221E+05   -1.9207282E-02   3.3015937E-03   8.0632673E+02   4.2211043E+05   4.2395221E+05   0.0000000E+00   0.0000000E+00   0.0000000E+00   0.0000000E+00   0.0000000E+00
   3.8837561E-01   4.0382998E+05   4.0382998E+05   -1.7536999E-02   2.9377996E-03   7.2174020E+02   4.0207545E+05   4.0382998E+05   0.0000000E+00   0.0000000E+00   0.0000000E+00   0.0000000E+00   0.0000000E+00
   4.0197555E-01   3.8371388E+05   3.8371388E+05   -1.5243552E-02   2.6063170E-03   6.4333648E+02   3.8204660E+05   3.8371388E+05   0.0000000E+00   0.0000000E+00   0.0000000E+00   0.0000000E+00   0.0000000E+00
   4.1619488E-01   3.6351801E+05   3.6351801E+05   -1.3281552E-02   2.3038082E-03   5.7147236E+02   3.6193835E+05   3.6351801E+05   0.0000000E+00   0.0000000E+00   0.0000000E+00   0.0000000E+00   0.0000000E+00
   4.3109333E-01   3.4425397E+05   3.4425397E+05   -1.1682630E-02   2.0339727E-03   5.0716162E+02   3.4275789E+05   3.4425397E+05   0.0000000E+00   0.0000000E+00   0.0000000E+00   0.0000000E+00   0.0000000E+00
   4.4674183E-01   3.2634962E+05   3.2634962E+05   -1.0469777E-02   1.7957772E-03   4.4992268E+02   3.2493125E+05   3.2634962E+05   0.0000000E+00   0.0000000E+00   0.0000000E+00   0.0000000E+00   0.0000000E+00
   4.6322541E-01   3.0908606E+05   3.0908606E+05   -9.1648537E-03   1.5821298E-03   3.9842691E+02   3.0774262E+05   3.0908606E+05   0.0000000E+00   0.0000000E+00   0.0000000E+00   0.0000000E+00   0.0000000E+00
   4.8064713E-01   2.9192932E+05   2.9192932E+05   -8.1865635E-03   1.3881949E-03   3.5157447E+02   2.9066037E+05   2.9192932E+05   0.0000000E+00   0.0000000E+00   0.0000000E+00   0.0000000E+00   0.0000000E+00
   4.9913337E-01   2.7529528E+05   2.7529528E+05   -7.1451093E-03   1.2141390E-03   3.0912143E+02   2.7409854E+05   2.7529528E+05   0.0000000E+00   0.0000000E+00   0.0000000E+00   0.0000000E+00   0.0000000E+00
   5.1884122E-01   2.5943976E+05   2.5943976E+05   -6.2323254E-03   1.0590707E-03   2.7118283E+02   2.5831188E+05   2.5943976E+05   0.0000000E+00   0.0000000E+00   0.0000000E+00   0.0000000E+00   0.0000000E+00
   5.3996884E-01   2.4391832E+05   2.4391832E+05   -5.4024343E-03   9.1944553E-04   2.3668102E+02   2.4285786E+05   2.4391832E+05   0.0000000E+00   0.0000000E+00   0.0000000E+00   0.0000000E+00   0.0000000E+00
   5.6277036E-01   2.2862951E+05   2.2862951E+05   -4.6666110E-03   7.9350324E-04   2.0559646E+02   2.2763545E+05   2.2862951E+05   0.0000000E+00   0.0000000E+00   0.0000000E+00   0.0000000E+00   0.0000000E+00
   5.8757766E-01   2.1376789E+05   2.1376789E+05   -3.9934123E-03   6.8069733E-04   1.7754873E+02   2.1283840E+05   2.1376789E+05   0.0000000E+00   0.0000000E+00   0.0000000E+00   0.0000000E+00   0.0000000E+00
   6.1483300E-01   1.9909460E+05   1.9909460E+05   -3.4060902E-03   5.7908630E-04   1.5203696E+02   1.9822887E+05   1.9909460E+05   0.0000000E+00   0.0000000E+00   0.0000000E+00   0.0000000E+00   0.0000000E+00
   6.4513854E-01   1.8455115E+05   1.8455115E+05   -2.8722077E-03   4.8760368E-04   1.2897412E+02   1.8374861E+05   1.8455115E+05   0.0000000E+00   0.0000000E+00   0.0000000E+00   0.0000000E+00   0.0000000E+00
   6.7933255E-01   1.7008470E+05   1.7008470E+05   -2.3910700E-03   4.0533350E-04   1.0813615E+02   1.6934504E+05   1.7008470E+05   0.0000000E+00   0.0000000E+00   0.0000000E+00   0.0000000E+00   0.0000000E+00
   7.1860640E-01   1.5555203E+05   1.5555203E+05   -1.9554076E-03   3.3132884E-04   8.9235657E+01   1.5487553E+05   1.5555203E+05   0.0000000E+00   0.0000000E+00   0.0000000E+00   0.0000000E+00   0.0000000E+00
   7.6467725E-01   1.4086441E+05   1.4086441E+05   -1.5656834E-03   2.6501418E-04   7.2152989E+01   1.4025176E+05   1.4086441E+05   0.0000000E+00   0.0000000E+00   0.0000000E+00   0.0000000E+00   0.0000000E+00
   8.2001011E-01   1.2592902E+05   1.2592902E+05   -1.2156562E-03   2.0604839E-04   5.6811730E+01   1.2538130E+05   1.2592902E+05   0.0000000E+00   0.0000000E+00   0.0000000E+00   0.0000000E+00   0.0000000E+00
   8.8797992E-01   1.1074539E+05   1.1074539E+05   -9.1525636E-04   1.5454556E-04   4.3291016E+01   1.1026369E+05   1.1074539E+05   0.0000000E+00   0.0000000E+00   0.0000000E+00   0.0000000E+00   0.0000000E+00
   9.7258139E-01   9.5536887E+04   9.5536887E+04   -6.5924935E-04   1.1115154E-04   3.1754832E+01   9.5121312E+04   9.5536887E+04   0.0000000E+00   0.0000000E+00   0.0000000E+00   0.0000000E+00   0.0000000E+00
   1.0770764E+00   8.0864857E+04   8.0864857E+04   -4.5565279E-04   7.6721440E-05   2.2473765E+01   8.0513087E+04   8.0864857E+04   0.0000000E+00   0.0000000E+00   0.0000000E+00   0.0000000E+00   0.0000000E+00
   1.2022367E+00   6.7486645E+04   6.7486645E+04   -3.0485437E-04   5.1398017E-05   1.5517767E+01   6.7193061E+04   6.7486645E+04   0.0000000E+00   0.0000000E+00   0.0000000E+00   0.0000000E+00   0.0000000E+00
   1.3469739E+00   5.5905260E+04   5.5905260E+04   -2.0173158E-04   3.3923230E-05   1.0622335E+01   5.5662050E+04   5.5905260E+04   0.0000000E+00   0.0000000E+00   0.0000000E+00   0.0000000E+00   0.0000000E+00
   1.5108961E+00   4.6164368E+04   4.6164368E+04   -1.3238713E-04   2.2266460E-05   7.2818058E+00   4.5963529E+04   4.6164368E+04   0.0000000E+00   0.0000000E+00   0.0000000E+00   0.0000000E+00   0.0000000E+00
   1.6951854E+00   3.8059463E+04   3.8059463E+04   -8.6883858E-05   1.4584605E-05   5.0181695E+00   3.7893881E+04   3.8059463E+04   0.0000000E+00   0.0000000E+00   0.0000000E+00   0.0000000E+00   0.0000000E+00
   1.9020220E+00   3.1340068E+04   3.1340068E+04   -5.6894690E-05   9.5409050E-06   3.4842078E+00   3.1203718E+04   3.1340068E+04   0.0000000E+00   0.0000000E+00   0.0000000E+00   0.0000000E+00   0.0000000E+00
   2.1341032E+00   2.5779025E+04   2.5779025E+04   -3.7200540E-05   6.2347393E-06   2.4403286E+00   2.5666868E+04   2.5779025E+04   0.0000000E+00   0.0000000E+00   0.0000000E+00   0.0000000E+00   0.0000000E+00
   2.3945031E+00   2.1183008E+04   2.1183008E+04   -2.4239953E-05   4.0701500E-06   1.7264564E+00   2.1090845E+04   2.1183008E+04   0.0000000E+00   0.0000000E+00   0.0000000E+00   0.0000000E+00   0.0000000E+00
   2.6866767E+00   1.7389421E+04   1.7389421E+04   -1.5836452E-05   2.6545516E-06   1.2346240E+00   1.7313763E+04   1.7389421E+04   0.0000000E+00   0.0000000E+00   0.0000000E+00   0.0000000E+00   0.0000000E+00
   3.0145009E+00   1.4261957E+04   1.4261957E+04   -1.0314676E-05   1.7297634E-06   8.9275997E-01   1.4199905E+04   1.4261957E+04   0.0000000E+00   0.0000000E+00   0.0000000E+00   0.0000000E+00   0.0000000E+00
   3.3823256E+00   1.1686619E+04   1.1686619E+04   -6.7397487E-06   1.1262144E-06   6.5355896E-01   1.1635772E+04   1.1686619E+04   0.0000000E+00   0.0000000E+00   0.0000000E+00   0.0000000E+00   0.0000000E+00
   3.7950317E+00   9.5682455E+03   9.5682455E+03   -4.3778303E-06   7.3268577E-07   4.8433450E-01   9.5266151E+03   9.5682455E+03   0.0000000E+00   0.0000000E+00   0.0000000E+00   0.0000000E+00   0.0000000E+00
   4.2580956E+00   7.8275557E+03   7.8275557E+03   -2.8404395E-06   4.7632454E-07   3.6313850E-01   7.7934987E+03   7.8275557E+03   0.0000000E+00   0.0000000E+00   0.0000000E+00   0.0000000E+00   0.0000000E+00
   4.7776619E+00   6.3986185E+03   6.3986185E+03   -1.8427156E-06   3.0945738E-07   2.7535492E-01   6.3707787E+03   6.3986185E+03   0.0000000E+00   0.0000000E+00   0.0000000E+00   0.0000000E+00   0.0000000E+00
   5.3606248E+00   5.2266963E+03   5.2266963E+03   -1.1970739E-06   2.0092859E-07   2.1084951E-01   5.2039553E+03   5.2266963E+03   0.0000000E+00   0.0000000E+00   0.0000000E+00   0.0000000E+00   0.0000000E+00
   6.0147200E+00   4.2664160E+03   4.2664160E+03   -7.7571579E-07   1.3039244E-07   1.6303672E-01   4.2478531E+03   4.2664160E+03   0.0000000E+00   0.0000000E+00   0.0000000E+00   0.0000000E+00   0.0000000E+00
   6.7486268E+00   3.4802230E+03   3.4802230E+03   -5.0333447E-07   8.4579910E-08   1.2716226E-01   3.4650807E+03   3.4802230E+03   0.0000000E+00   0.0000000E+00   0.0000000E+00   0.0000000E+00   0.0000000E+00
   7.5720838E+00   2.8370768E+03   2.8370768E+03   -3.2560838E-07   5.4843150E-08   9.9906491E-02   2.8247328E+03   2.8370768E+03   0.0000000E+00   0.0000000E+00   0.0000000E+00   0.0000000E+00   0.0000000E+00
   8.4960178E+00   2.3113552E+03   2.3113552E+03   -2.0985184E-07   3.5551752E-08   7.8941413E-02   2.3012986E+03   2.3113552E+03   0.0000000E+00   0.0000000E+00   0.0000000E+00   0.0000000E+00   0.0000000E+00
