#           k/h    CDM            baryon         photon         nu             mass_nu        total          no_nu          total_de       Weyl           v_CDM          v_b            v_b-v_c     
   1.0537954E-05   7.8535013E+06   7.8535013E+06   1.0469384E+07   1.0982105E+04   1.0383002E+06   7.8536017E+06   7.8535013E+06   0.0000000E+00   0.0000000E+00   0.0000000E+00   0.0000000E+00   0.0000000E+00
   1.1823779E-05   7.8534990E+06   7.8534990E+06   1.0468876E+07   1.0981771E+04   1.0382847E+06   7.8535992E+06   7.8534990E+06   0.0000000E+00   0.0000000E+00   0.0000000E+00   0.0000000E+00   0.0000000E+00
   1.3266498E-05   7.8534961E+06   7.8534961E+06   1.0468236E+07   1.0981351E+04   1.0382653E+06   7.8535961E+06   7.8534961E+06   0.0000000E+00   0.0000000E+00   0.0000000E+00   0.0000000E+00   0.0000000E+00
   1.4885255E-05   7.8534924E+06   7.8534924E+06   1.0467431E+07   1.0980822E+04   1.0382408E+06   7.8535922E+06   7.8534924E+06   0.0000000E+00   0.0000000E+00   0.0000000E+00   0.0000000E+00   0.0000000E+00
   1.6701531E-05   7.8534878E+06   7.8534878E+06   1.0466417E+07   1.0980157E+04   1.0382100E+06   7.8535872E+06   7.8534878E+06   0.0000000E+00   0.0000000E+00   0.0000000E+00   0.0000000E+00   0.0000000E+00
   1.8739426E-05   7.8534820E+06   7.8534820E+06   1.0465141E+07   1.0979319E+04   1.0381712E+06   7.8535810E+06   7.8534820E+06   0.0000000E+00   0.0000000E+00   0.0000000E+00   0.0000000E+00   0.0000000E+00
   2.1025982E-05   7.8534746E+06   7.8534746E+06   1.0463535E+07   1.0978264E+04   1.0381224E+06   7.8535732E+06   7.8534746E+06   0.0000000E+00   0.0000000E+00   0.0000000E+00   0.0000000E+00   0.0000000E+00
   2.3591540E-05   7.8534654E+06   7.8534654E+06   1.0461513E+07   1.0976936E+04   1.0380610E+06   7.8535633E+06   7.8534654E+06   0.0000000E+00   0.0000000E+00   0.0000000E+00   0.0000000E+00   0.0000000E+00
   2.6470143E-05   7.8534538E+06   7.8534538E+06   1.0458969E+07   1.0975265E+04   1.0379837E+06   7.8535509E+06   7.8534538E+06   0.0000000E+00   0.0000000E+00   0.0000000E+00   0.0000000E+00   0.0000000E+00
   2.9699989E-05   7.8534392E+06   7.8534392E+06   1.0455766E+07   1.0973161E+04   1.0378865E+06   7.8535352E+06   7.8534392E+06   0.0000000E+00   0.0000000E+00   0.0000000E+00   0.0000000E+00   0.0000000E+00
   3.3323936E-05   7.8534208E+06   7.8534208E+06   1.0451735E+07   1.0970514E+04   1.0377641E+06   7.8535156E+06   7.8534208E+06   0.0000000E+00   0.0000000E+00   0.0000000E+00   0.0000000E+00   0.0000000E+00
   3.7390071E-05   7.8533977E+06   7.8533977E+06   1.0446663E+07   1.0967182E+04   1.0376101E+06   7.8534908E+06   7.8533977E+06   0.0000000E+00   0.0000000E+00   0.0000000E+00   0.0000000E+00   0.0000000E+00
   4.1952349E-05   7.8533686E+06   7.8533686E+06   1.0440280E+07   1.0962989E+04   1.0374165E+06   7.8534596E+06   7.8533686E+06   0.0000000E+00   0.0000000E+00   0.0000000E+00   0.0000000E+00   0.0000000E+00
   4.7071310E-05   7.8533319E+06   7.8533319E+06   1.0432251E+07   1.0957713E+04   1.0371729E+06   7.8534204E+06   7.8533319E+06   0.0000000E+00   0.0000000E+00   0.0000000E+00   0.0000000E+00   0.0000000E+00
   5.2814879E-05   7.8532857E+06   7.8532857E+06   1.0422150E+07   1.0951074E+04   1.0368668E+06   7.8533710E+06   7.8532857E+06   0.0000000E+00   0.0000000E+00   0.0000000E+00   0.0000000E+00   0.0000000E+00
   5.9259269E-05   7.8532276E+06   7.8532276E+06   1.0409448E+07   1.0942724E+04   1.0364820E+06   7.8533088E+06   7.8532276E+06   0.0000000E+00   0.0000000E+00   0.0000000E+00   0.0000000E+00   0.0000000E+00
   6.6489993E-05   7.8531545E+06   7.8531545E+06   1.0393478E+07   1.0932222E+04   1.0359987E+06   7.8532305E+06   7.8531545E+06   0.0000000E+00   0.0000000E+00   0.0000000E+00   0.0000000E+00   0.0000000E+00
   7.4602999E-05   7.8530625E+06   7.8530625E+06   1.0373406E+07   1.0919017E+04   1.0353919E+06   7.8531321E+06   7.8530625E+06   0.0000000E+00   0.0000000E+00   0.0000000E+00   0.0000000E+00   0.0000000E+00
   8.3705942E-05   7.8529467E+06   7.8529467E+06   1.0348190E+07   1.0902419E+04   1.0346306E+06   7.8530081E+06   7.8529467E+06   0.0000000E+00   0.0000000E+00   0.0000000E+00   0.0000000E+00   0.0000000E+00
   9.3919611E-05   7.8528010E+06   7.8528010E+06   1.0316528E+07   1.0881565E+04   1.0336764E+06   7.8528522E+06   7.8528010E+06   0.0000000E+00   0.0000000E+00   0.0000000E+00   0.0000000E+00   0.0000000E+00
   1.0537954E-04   7.8526177E+06   7.8526177E+06   1.0276799E+07   1.0855377E+04   1.0324818E+06   7.8526560E+06   7.8526177E+06   0.0000000E+00   0.0000000E+00   0.0000000E+00   0.0000000E+00   0.0000000E+00
   1.1823779E-04   7.8523871E+06   7.8523871E+06   1.0226992E+07   1.0822511E+04   1.0309882E+06   7.8524092E+06   7.8523871E+06   0.0000000E+00   0.0000000E+00   0.0000000E+00   0.0000000E+00   0.0000000E+00
   1.3266498E-04   7.8520971E+06   7.8520971E+06   1.0164618E+07   1.0781298E+04   1.0291244E+06   7.8520989E+06   7.8520971E+06   0.0000000E+00   0.0000000E+00   0.0000000E+00   0.0000000E+00   0.0000000E+00
   1.4885255E-04   7.8517325E+06   7.8517325E+06   1.0086610E+07   1.0729672E+04   1.0268038E+06   7.8517088E+06   7.8517325E+06   0.0000000E+00   0.0000000E+00   0.0000000E+00   0.0000000E+00   0.0000000E+00
   1.6701531E-04   7.8512742E+06   7.8512742E+06   9.9892203E+06   1.0665085E+04   1.0239228E+06   7.8512184E+06   7.8512742E+06   0.0000000E+00   0.0000000E+00   0.0000000E+00   0.0000000E+00   0.0000000E+00
   1.8739426E-04   7.8506985E+06   7.8506985E+06   9.8678955E+06   1.0584413E+04   1.0203592E+06   7.8506024E+06   7.8506985E+06   0.0000000E+00   0.0000000E+00   0.0000000E+00   0.0000000E+00   0.0000000E+00
   2.1025982E-04   7.8499757E+06   7.8499757E+06   9.7171671E+06   1.0483858E+04   1.0159715E+06   7.8498290E+06   7.8499757E+06   0.0000000E+00   0.0000000E+00   0.0000000E+00   0.0000000E+00   0.0000000E+00
   2.3591540E-04   7.8490686E+06   7.8490686E+06   9.5305561E+06   1.0358841E+04   1.0106011E+06   7.8488585E+06   7.8490686E+06   0.0000000E+00   0.0000000E+00   0.0000000E+00   0.0000000E+00   0.0000000E+00
   2.6470143E-04   7.8479313E+06   7.8479313E+06   9.3005293E+06   1.0203919E+04   1.0040766E+06   7.8476419E+06   7.8479313E+06   0.0000000E+00   0.0000000E+00   0.0000000E+00   0.0000000E+00   0.0000000E+00
   2.9699989E-04   7.8465068E+06   7.8465068E+06   9.0185521E+06   1.0012722E+04   9.9622528E+05   7.8461182E+06   7.8465068E+06   0.0000000E+00   0.0000000E+00   0.0000000E+00   0.0000000E+00   0.0000000E+00
   3.3323936E-04   7.8447248E+06   7.8447248E+06   8.6753100E+06   9.7779763E+03   9.8689171E+05   7.8442125E+06   7.8447248E+06   0.0000000E+00   0.0000000E+00   0.0000000E+00   0.0000000E+00   0.0000000E+00
   3.7390071E-04   7.8424992E+06   7.8424992E+06   8.2612000E+06   9.4916418E+03   9.7596815E+05   7.8418328E+06   7.8424992E+06   0.0000000E+00   0.0000000E+00   0.0000000E+00   0.0000000E+00   0.0000000E+00
   4.1952349E-04   7.8397249E+06   7.8397249E+06   7.7672262E+06   9.1452539E+03   9.6343892E+05   7.8388672E+06   7.8397249E+06   0.0000000E+00   0.0000000E+00   0.0000000E+00   0.0000000E+00   0.0000000E+00
   4.7071310E-04   7.8362747E+06   7.8362747E+06   7.1864583E+06   8.7305703E+03   9.4943888E+05   7.8351804E+06   7.8362747E+06   0.0000000E+00   0.0000000E+00   0.0000000E+00   0.0000000E+00   0.0000000E+00
   5.2814879E-04   7.8319960E+06   7.8319960E+06   6.5161995E+06   8.2406414E+03   9.3432026E+05   7.8306104E+06   7.8319960E+06   0.0000000E+00   0.0000000E+00   0.0000000E+00   0.0000000E+00   0.0000000E+00
   5.9259269E-04   7.8267081E+06   7.8267081E+06   5.7609256E+06   7.6714178E+03   9.1870894E+05   7.8249656E+06   7.8267081E+06   0.0000000E+00   0.0000000E+00   0.0000000E+00   0.0000000E+00   0.0000000E+00
   6.6489993E-04   7.8201990E+06   7.8201990E+06   4.9358086E+06   7.0239428E+03   9.0351032E+05   7.8180228E+06   7.8201990E+06   0.0000000E+00   0.0000000E+00   0.0000000E+00   0.0000000E+00   0.0000000E+00
   7.4602999E-04   7.8122240E+06   7.8122240E+06   4.0701542E+06   6.3069987E+03   8.8979530E+05   7.8095249E+06   7.8122240E+06   0.0000000E+00   0.0000000E+00   0.0000000E+00   0.0000000E+00   0.0000000E+00
   8.3705942E-04   7.8025042E+06   7.8025042E+06   3.2092859E+06   5.5397272E+03   8.7847301E+05   7.7991820E+06   7.8025042E+06   0.0000000E+00   0.0000000E+00   0.0000000E+00   0.0000000E+00   0.0000000E+00
   9.3919611E-04   7.7907259E+06   7.7907259E+06   2.4124264E+06   4.7531904E+03   8.6967378E+05   7.7866710E+06   7.7907259E+06   0.0000000E+00   0.0000000E+00   0.0000000E+00   0.0000000E+00   0.0000000E+00
   1.0537954E-03   7.7765395E+06   7.7765395E+06   1.7435172E+06   3.9891961E+03   8.6189657E+05   7.7716376E+06   7.7765395E+06   0.0000000E+00   0.0000000E+00   0.0000000E+00   0.0000000E+00   0.0000000E+00
   1.1823779E-03   7.7595561E+06   7.7595561E+06   1.2530024E+06   3.2943900E+03   8.5130717E+05   7.7536949E+06   7.7595561E+06   0.0000000E+00   0.0000000E+00   0.0000000E+00   0.0000000E+00   0.0000000E+00
   1.3266498E-03   7.7393405E+06   7.7393405E+06   9.5339046E+05   2.7085430E+03   8.3208801E+05   7.7324196E+06   7.7393405E+06   0.0000000E+00   0.0000000E+00   0.0000000E+00   0.0000000E+00   0.0000000E+00
   1.4885255E-03   7.7154013E+06   7.7154013E+06   8.0085576E+05   2.2492729E+03   7.9901706E+05   7.7073439E+06   7.7154013E+06   0.0000000E+00   0.0000000E+00   0.0000000E+00   0.0000000E+00   0.0000000E+00
   1.6701531E-03   7.6871831E+06   7.6871831E+06   7.0458082E+05   1.9012163E+03   7.5237583E+05   7.6779463E+06   7.6871831E+06   0.0000000E+00   0.0000000E+00   0.0000000E+00   0.0000000E+00   0.0000000E+00
   1.8739426E-03   7.6540702E+06   7.6540702E+06   5.7932188E+05   1.6219832E+03   7.0170791E+05   7.6436519E+06   7.6540702E+06   0.0000000E+00   0.0000000E+00   0.0000000E+00   0.0000000E+00   0.0000000E+00
   2.1025982E-03   7.6154089E+06   7.6154089E+06   4.1570642E+05   1.3705147E+03   6.6099953E+05   7.6038447E+06   7.6154089E+06   0.0000000E+00   0.0000000E+00   0.0000000E+00   0.0000000E+00   0.0000000E+00
   2.3591540E-03   7.5705373E+06   7.5705373E+06   2.8624564E+05   1.1390617E+03   6.3300333E+05   7.5578856E+06   7.5705373E+06   0.0000000E+00   0.0000000E+00   0.0000000E+00   0.0000000E+00   0.0000000E+00
   2.6470143E-03   7.5187887E+06   7.5187887E+06   2.3702321E+05   9.4881429E+02   6.0169194E+05   7.5051079E+06   7.5187887E+06   0.0000000E+00   0.0000000E+00   0.0000000E+00   0.0000000E+00   0.0000000E+00
   2.9699989E-03   7.4594562E+06   7.4594562E+06   2.0471738E+05   8.0415539E+02   5.5776844E+05   7.4447854E+06   7.4594562E+06   0.0000000E+00   0.0000000E+00   0.0000000E+00   0.0000000E+00   0.0000000E+00
   3.3323936E-03   7.3917715E+06   7.3917715E+06   1.4513402E+05   6.7938025E+02   5.1910723E+05   7.3761289E+06   7.3917715E+06   0.0000000E+00   0.0000000E+00   0.0000000E+00   0.0000000E+00   0.0000000E+00
   3.7390071E-03   7.3149328E+06   7.3149328E+06   1.1886195E+05   5.6824650E+02   4.8513619E+05   7.2983326E+06   7.3149328E+06   0.0000000E+00   0.0000000E+00   0.0000000E+00   0.0000000E+00   0.0000000E+00
   4.1952349E-03   7.2281071E+06   7.2281071E+06   9.9192600E+04   4.7873874E+02   4.3935472E+05   7.2105789E+06   7.2281071E+06   0.0000000E+00   0.0000000E+00   0.0000000E+00   0.0000000E+00   0.0000000E+00
   4.7071310E-03   7.1304211E+06   7.1304211E+06   6.9064526E+04   3.9852059E+02   4.0385547E+05   7.1120209E+06   7.1304211E+06   0.0000000E+00   0.0000000E+00   0.0000000E+00   0.0000000E+00   0.0000000E+00
   5.2814879E-03   7.0210172E+06   7.0210172E+06   5.8640073E+04   3.3125479E+02   3.6324374E+05   7.0018378E+06   7.0210172E+06   0.0000000E+00   0.0000000E+00   0.0000000E+00   0.0000000E+00   0.0000000E+00
   5.9259269E-03   6.8990443E+06   6.8990443E+06   4.3491173E+04   2.7285743E+02   3.3013965E+05   6.8792028E+06   6.8990443E+06   0.0000000E+00   0.0000000E+00   0.0000000E+00   0.0000000E+00   0.0000000E+00
   6.6489993E-03   6.7636466E+06   6.7636466E+06   3.3506709E+04   2.2510366E+02   2.9173463E+05   6.7432361E+06   6.7636466E+06   0.0000000E+00   0.0000000E+00   0.0000000E+00   0.0000000E+00   0.0000000E+00
   7.4602999E-03   6.6139416E+06   6.6139416E+06   2.7686617E+04   1.8368955E+02   2.5808856E+05   6.5930751E+06   6.6139416E+06   0.0000000E+00   0.0000000E+00   0.0000000E+00   0.0000000E+00   0.0000000E+00
   8.3705942E-03   6.4490730E+06   6.4490730E+06   2.1559008E+04   1.4896297E+02   2.2822446E+05   6.4279117E+06   6.4490730E+06   0.0000000E+00   0.0000000E+00   0.0000000E+00   0.0000000E+00   0.0000000E+00
   9.3919611E-03   6.2681908E+06   6.2681908E+06   1.6296173E+04   1.2016041E+02   1.9884257E+05   6.2468645E+06   6.2681908E+06   0.0000000E+00   0.0000000E+00   0.0000000E+00   0.0000000E+00   0.0000000E+00
   1.0537954E-02   6.0704480E+06   6.0704480E+06   1.2568739E+04   9.6202111E+01   1.7197756E+05   6.0491177E+06   6.0704480E+06   0.0000000E+00   0.0000000E+00   0.0000000E+00   0.0000000E+00   0.0000000E+00
   1.1823779E-02   5.8550293E+06   5.8550293E+06   9.7881808E+03   7.6500959E+01   1.4672821E+05   5.8338495E+06   5.8550293E+06   0.0000000E+00   0.0000000E+00   0.0000000E+00   0.0000000E+00   0.0000000E+00
   1.3266498E-02   5.6211909E+06   5.6211909E+06   6.9844205E+03   6.0324345E+01   1.2455474E+05   5.6003282E+06   5.6211909E+06   0.0000000E+00   0.0000000E+00   0.0000000E+00   0.0000000E+00   0.0000000E+00
   1.4885255E-02   5.3683360E+06   5.3683360E+06   5.3907367E+03   4.7135535E+01   1.0556986E+05   5.3479496E+06   5.3683360E+06   0.0000000E+00   0.0000000E+00   0.0000000E+00   0.0000000E+00   0.0000000E+00
   1.6701531E-02   5.0961499E+06   5.0961499E+06   3.9364991E+03   3.6546838E+01   8.7717353E+04   5.0764034E+06   5.0961499E+06   0.0000000E+00   0.0000000E+00   0.0000000E+00   0.0000000E+00   0.0000000E+00
   1.8739426E-02   4.8048192E+06   4.8048192E+06   3.0645589E+03   2.8054278E+01   7.2550207E+04   4.7858698E+06   4.8048192E+06   0.0000000E+00   0.0000000E+00   0.0000000E+00   0.0000000E+00   0.0000000E+00
   2.1025981E-02   4.4953531E+06   4.4953531E+06   2.2743810E+03   2.1314906E+01   5.9531257E+04   4.4773487E+06   4.4953531E+06   0.0000000E+00   0.0000000E+00   0.0000000E+00   0.0000000E+00   0.0000000E+00
   2.3591515E-02   4.1700222E+06   4.1700222E+06   1.6361279E+03   1.6016338E+01   4.8348543E+04   4.1530955E+06   4.1700222E+06   0.0000000E+00   0.0000000E+00   0.0000000E+00   0.0000000E+00   0.0000000E+00
   2.6469777E-02   3.8329098E+06   3.8329098E+06   1.2389109E+03   1.1899888E+01   3.9008623E+04   3.8171705E+06   3.8329098E+06   0.0000000E+00   0.0000000E+00   0.0000000E+00   0.0000000E+00   0.0000000E+00
   2.9696307E-02   3.4906190E+06   3.4906190E+06   8.8295713E+02   8.7451069E+00   3.1173435E+04   3.4761419E+06   3.4906190E+06   0.0000000E+00   0.0000000E+00   0.0000000E+00   0.0000000E+00   0.0000000E+00
   3.3297505E-02   3.1533989E+06   3.1533989E+06   6.4899903E+02   6.3690798E+00   2.4651119E+04   3.1402089E+06   3.1533989E+06   0.0000000E+00   0.0000000E+00   0.0000000E+00   0.0000000E+00   0.0000000E+00
   3.7251094E-02   2.8367699E+06   2.8367699E+06   4.4028390E+02   4.6293581E+00   1.9653756E+04   2.8248197E+06   2.8367699E+06   0.0000000E+00   0.0000000E+00   0.0000000E+00   0.0000000E+00   0.0000000E+00
   4.1413906E-02   2.5606683E+06   2.5606683E+06   3.2032035E+02   3.4102752E+00   1.5768783E+04   2.5498192E+06   2.5606683E+06   0.0000000E+00   0.0000000E+00   0.0000000E+00   0.0000000E+00   0.0000000E+00
   4.5525600E-02   2.3396128E+06   2.3396128E+06   2.5680905E+02   2.5937091E+00   1.3066907E+04   2.3296564E+06   2.3396128E+06   0.0000000E+00   0.0000000E+00   0.0000000E+00   0.0000000E+00   0.0000000E+00
   4.9387658E-02   2.1714898E+06   2.1714898E+06   1.9043153E+02   2.0531960E+00   1.1221866E+04   2.1622179E+06   2.1714898E+06   0.0000000E+00   0.0000000E+00   0.0000000E+00   0.0000000E+00   0.0000000E+00
   5.2967249E-02   2.0430105E+06   2.0430105E+06   1.6270513E+02   1.6835266E+00   9.8839487E+03   2.0342650E+06   2.0430105E+06   0.0000000E+00   0.0000000E+00   0.0000000E+00   0.0000000E+00   0.0000000E+00
   5.6318195E-02   1.9408751E+06   1.9408751E+06   1.3727080E+02   1.4169170E+00   8.8678401E+03   1.9325499E+06   1.9408751E+06   0.0000000E+00   0.0000000E+00   0.0000000E+00   0.0000000E+00   0.0000000E+00
   5.9505773E-02   1.8554656E+06   1.8554656E+06   1.1556230E+02   1.2148011E+00   8.0745982E+03   1.8474937E+06   1.8554656E+06   0.0000000E+00   0.0000000E+00   0.0000000E+00   0.0000000E+00   0.0000000E+00
   6.2583763E-02   1.7803540E+06   1.7803540E+06   9.8581932E+01   1.0549592E+00   7.4062964E+03   1.7726940E+06   1.7803540E+06   0.0000000E+00   0.0000000E+00   0.0000000E+00   0.0000000E+00   0.0000000E+00
   6.5592900E-02   1.7112734E+06   1.7112734E+06   8.8589344E+01   9.2410401E-01   6.8410127E+03   1.7039018E+06   1.7112734E+06   0.0000000E+00   0.0000000E+00   0.0000000E+00   0.0000000E+00   0.0000000E+00
   6.8563812E-02   1.6453955E+06   1.6453955E+06   7.6619212E+01   8.1411743E-01   6.3635756E+03   1.6383003E+06   1.6453955E+06   0.0000000E+00   0.0000000E+00   0.0000000E+00   0.0000000E+00   0.0000000E+00
   7.1519949E-02   1.5808974E+06   1.5808974E+06   6.7273599E+01   7.1989432E-01   5.8948976E+03   1.5740738E+06   1.5808974E+06   0.0000000E+00   0.0000000E+00   0.0000000E+00   0.0000000E+00   0.0000000E+00
   7.4479741E-02   1.5167070E+06   1.5167070E+06   6.2403027E+01   6.3780986E-01   5.5037033E+03   1.5101550E+06   1.5167070E+06   0.0000000E+00   0.0000000E+00   0.0000000E+00   0.0000000E+00   0.0000000E+00
   7.7458096E-02   1.4523458E+06   1.4523458E+06   5.2016120E+01   5.6561544E-01   5.1327164E+03   1.4460671E+06   1.4523458E+06   0.0000000E+00   0.0000000E+00   0.0000000E+00   0.0000000E+00   0.0000000E+00
   8.0467419E-02   1.3878181E+06   1.3878181E+06   4.6288475E+01   5.0178385E-01   4.7534511E+03   1.3818142E+06   1.3878181E+06   0.0000000E+00   0.0000000E+00   0.0000000E+00   0.0000000E+00   0.0000000E+00
   8.3518315E-02   1.3235194E+06   1.3235194E+06   4.3105195E+01   4.4509372E-01   4.4257875E+03   1.3177901E+06   1.3235194E+06   0.0000000E+00   0.0000000E+00   0.0000000E+00   0.0000000E+00   0.0000000E+00
   8.6620078E-02   1.2601458E+06   1.2601458E+06   3.7973123E+01   3.9474632E-01   4.1299319E+03   1.2546876E+06   1.2601458E+06   0.0000000E+00   0.0000000E+00   0.0000000E+00   0.0000000E+00   0.0000000E+00
   8.9781043E-02   1.1985949E+06   1.1985949E+06   3.2732135E+01   3.5018469E-01   3.8448769E+03   1.1934005E+06   1.1985949E+06   0.0000000E+00   0.0000000E+00   0.0000000E+00   0.0000000E+00   0.0000000E+00
   9.3008836E-02   1.1398557E+06   1.1398557E+06   2.8602170E+01   3.1087298E-01   3.5783386E+03   1.1349134E+06   1.1398557E+06   0.0000000E+00   0.0000000E+00   0.0000000E+00   0.0000000E+00   0.0000000E+00
   9.6310557E-02   1.0848875E+06   1.0848875E+06   2.5375330E+01   2.7636998E-01   3.3379341E+03   1.0801812E+06   1.0848875E+06   0.0000000E+00   0.0000000E+00   0.0000000E+00   0.0000000E+00   0.0000000E+00
   9.9692920E-02   1.0344944E+06   1.0344944E+06   2.2859681E+01   2.4625089E-01   3.1232344E+03   1.0300048E+06   1.0344944E+06   0.0000000E+00   0.0000000E+00   0.0000000E+00   0.0000000E+00   0.0000000E+00
   1.0316235E-01   9.8920666E+05   9.8920666E+05   2.0834765E+01   2.2005838E-01   2.9300922E+03   9.8491188E+05   9.8920666E+05   0.0000000E+00   0.0000000E+00   0.0000000E+00   0.0000000E+00   0.0000000E+00
   1.0672508E-01   9.4918104E+05   9.4918104E+05   1.8646231E+01   1.9734967E-01   2.7586635E+03   9.4505847E+05   9.4918104E+05   0.0000000E+00   0.0000000E+00   0.0000000E+00   0.0000000E+00   0.0000000E+00
   1.1038719E-01   9.1413821E+05   9.1413821E+05   1.6614649E+01   1.7762855E-01   2.6123210E+03   9.1016642E+05   9.1413821E+05   0.0000000E+00   0.0000000E+00   0.0000000E+00   0.0000000E+00   0.0000000E+00
   1.1415464E-01   8.8335186E+05   8.8335186E+05   1.4571389E+01   1.6041351E-01   2.4869973E+03   8.7951255E+05   8.8335186E+05   0.0000000E+00   0.0000000E+00   0.0000000E+00   0.0000000E+00   0.0000000E+00
   1.1803337E-01   8.5570253E+05   8.5570253E+05   1.3911795E+01   1.4524377E-01   2.3742643E+03   8.5198222E+05   8.5570253E+05   0.0000000E+00   0.0000000E+00   0.0000000E+00   0.0000000E+00   0.0000000E+00
   1.2202924E-01   8.2980082E+05   8.2980082E+05   1.1966114E+01   1.3167583E-01   2.2705639E+03   8.2619205E+05   8.2980082E+05   0.0000000E+00   0.0000000E+00   0.0000000E+00   0.0000000E+00   0.0000000E+00
   1.2614813E-01   8.0417388E+05   8.0417388E+05   1.1057252E+01   1.1934831E-01   2.1653643E+03   8.0067559E+05   8.0417388E+05   0.0000000E+00   0.0000000E+00   0.0000000E+00   0.0000000E+00   0.0000000E+00
   1.3039588E-01   7.7749456E+05   7.7749456E+05   1.0234056E+01   1.0797170E-01   2.0672295E+03   7.7411144E+05   7.7749456E+05   0.0000000E+00   0.0000000E+00   0.0000000E+00   0.0000000E+00   0.0000000E+00
   1.3477839E-01   7.4881786E+05   7.4881786E+05   9.2591349E+00   9.7363432E-02   1.9668386E+03   7.4555872E+05   7.4881786E+05   0.0000000E+00   0.0000000E+00   0.0000000E+00   0.0000000E+00   0.0000000E+00
   1.3930154E-01   7.1777760E+05   7.1777760E+05   8.2150923E+00   8.7432058E-02   1.8621690E+03   7.1465283E+05   7.1777760E+05   0.0000000E+00   0.0000000E+00   0.0000000E+00   0.0000000E+00   0.0000000E+00
   1.4397127E-01   6.8469211E+05   6.8469211E+05   7.1210313E+00   7.8173574E-02   1.7578957E+03   6.8171073E+05   6.8469211E+05   0.0000000E+00   0.0000000E+00   0.0000000E+00   0.0000000E+00   0.0000000E+00
   1.4879354E-01   6.5053556E+05   6.5053556E+05   6.4838189E+00   6.9639208E-02   1.6547786E+03   6.4770232E+05   6.5053556E+05   0.0000000E+00   0.0000000E+00   0.0000000E+00   0.0000000E+00   0.0000000E+00
   1.5377436E-01   6.1675425E+05   6.1675425E+05   5.7940560E+00   6.1909815E-02   1.5511687E+03   6.1406762E+05   6.1675425E+05   0.0000000E+00   0.0000000E+00   0.0000000E+00   0.0000000E+00   0.0000000E+00
   1.5891980E-01   5.8494402E+05   5.8494402E+05   5.0388695E+00   5.5046541E-02   1.4583711E+03   5.8239549E+05   5.8494402E+05   0.0000000E+00   0.0000000E+00   0.0000000E+00   0.0000000E+00   0.0000000E+00
   1.6423597E-01   5.5644889E+05   5.5644889E+05   4.4588989E+00   4.9068373E-02   1.3724758E+03   5.5402409E+05   5.5644889E+05   0.0000000E+00   0.0000000E+00   0.0000000E+00   0.0000000E+00   0.0000000E+00
   1.6972907E-01   5.3198085E+05   5.3198085E+05   4.0110846E+00   4.3927114E-02   1.3004034E+03   5.2966230E+05   5.3198085E+05   0.0000000E+00   0.0000000E+00   0.0000000E+00   0.0000000E+00   0.0000000E+00
   1.7540537E-01   5.1137965E+05   5.1137965E+05   3.5852485E+00   3.9516712E-02   1.2406670E+03   5.0915054E+05   5.1137965E+05   0.0000000E+00   0.0000000E+00   0.0000000E+00   0.0000000E+00   0.0000000E+00
   1.8127124E-01   4.9361408E+05   4.9361408E+05   3.3285847E+00   3.5682570E-02   1.1891917E+03   4.9146211E+05   4.9361408E+05   0.0000000E+00   0.0000000E+00   0.0000000E+00   0.0000000E+00   0.0000000E+00
   1.8733317E-01   4.7706614E+05   4.7706614E+05   2.9766772E+00   3.2261946E-02   1.1386890E+03   4.7498603E+05   4.7706614E+05   0.0000000E+00   0.0000000E+00   0.0000000E+00   0.0000000E+00   0.0000000E+00
   1.9359780E-01   4.6004374E+05   4.6004374E+05   2.7240416E+00   2.9114366E-02   1.0912131E+03   4.5803759E+05   4.6004374E+05   0.0000000E+00   0.0000000E+00   0.0000000E+00   0.0000000E+00   0.0000000E+00
   2.0007191E-01   4.4136679E+05   4.4136679E+05   2.4058477E+00   2.6155796E-02   1.0399167E+03   4.3944185E+05   4.4136679E+05   0.0000000E+00   0.0000000E+00   0.0000000E+00   0.0000000E+00   0.0000000E+00
   2.0676253E-01   4.2080673E+05   4.2080673E+05   2.1336997E+00   2.3366310E-02   9.8513943E+02   4.1897126E+05   4.2080673E+05   0.0000000E+00   0.0000000E+00   0.0000000E+00   0.0000000E+00   0.0000000E+00
   2.1367691E-01   3.9917676E+05   3.9917676E+05   1.9283621E+00   2.0777211E-02   9.2923662E+02   3.9743545E+05   3.9917676E+05   0.0000000E+00   0.0000000E+00   0.0000000E+00   0.0000000E+00   0.0000000E+00
   2.2082260E-01   3.7798654E+05   3.7798654E+05   1.7086388E+00   1.8442271E-02   8.7369352E+02   3.7633750E+05   3.7798654E+05   0.0000000E+00   0.0000000E+00   0.0000000E+00   0.0000000E+00   0.0000000E+00
   2.2820753E-01   3.5876571E+05   3.5876571E+05   1.5351885E+00   1.6400872E-02   8.2546082E+02   3.5720038E+05   3.5876571E+05   0.0000000E+00   0.0000000E+00   0.0000000E+00   0.0000000E+00   0.0000000E+00
   2.3584002E-01   3.4234440E+05   3.4234440E+05   1.3603632E+00   1.4653805E-02   7.8357654E+02   3.4085059E+05   3.4234440E+05   0.0000000E+00   0.0000000E+00   0.0000000E+00   0.0000000E+00   0.0000000E+00
   2.4372892E-01   3.2845193E+05   3.2845193E+05   1.2165938E+00   1.3156343E-02   7.4813847E+02   3.2701861E+05   3.2845193E+05   0.0000000E+00   0.0000000E+00   0.0000000E+00   0.0000000E+00   0.0000000E+00
   2.5188366E-01   3.1587925E+05   3.1587925E+05   1.1085031E+00   1.1838390E-02   7.1594788E+02   3.1450069E+05   3.1587925E+05   0.0000000E+00   0.0000000E+00   0.0000000E+00   0.0000000E+00   0.0000000E+00
   2.6031438E-01   3.0316335E+05   3.0316335E+05   9.7798606E-01   1.0633842E-02   6.8437013E+02   3.0184019E+05   3.0316335E+05   0.0000000E+00   0.0000000E+00   0.0000000E+00   0.0000000E+00   0.0000000E+00
   2.6903201E-01   2.8942884E+05   2.8942884E+05   8.7206025E-01   9.5069323E-03   6.5052737E+02   2.8816554E+05   2.8942884E+05   0.0000000E+00   0.0000000E+00   0.0000000E+00   0.0000000E+00   0.0000000E+00
   2.7804846E-01   2.7487229E+05   2.7487229E+05   7.8146395E-01   8.4584926E-03   6.1549188E+02   2.7367245E+05   2.7487229E+05   0.0000000E+00   0.0000000E+00   0.0000000E+00   0.0000000E+00   0.0000000E+00
   2.8737676E-01   2.6054991E+05   2.6054991E+05   6.9696023E-01   7.5110289E-03   5.8117503E+02   2.5941251E+05   2.6054991E+05   0.0000000E+00   0.0000000E+00   0.0000000E+00   0.0000000E+00   0.0000000E+00
   2.9703121E-01   2.4758097E+05   2.4758097E+05   6.1306566E-01   6.6827937E-03   5.5035170E+02   2.4650013E+05   2.4758097E+05   0.0000000E+00   0.0000000E+00   0.0000000E+00   0.0000000E+00   0.0000000E+00
   3.0702767E-01   2.3632512E+05   2.3632512E+05   5.4866304E-01   5.9690749E-03   5.2358861E+02   2.3529335E+05   2.3632512E+05   0.0000000E+00   0.0000000E+00   0.0000000E+00   0.0000000E+00   0.0000000E+00
   3.1738376E-01   2.2616617E+05   2.2616617E+05   4.9678885E-01   5.3435986E-03   4.9952063E+02   2.2517871E+05   2.2616617E+05   0.0000000E+00   0.0000000E+00   0.0000000E+00   0.0000000E+00   0.0000000E+00
   3.2811919E-01   2.1609074E+05   2.1609074E+05   4.4091660E-01   4.7759100E-03   4.7587487E+02   2.1514722E+05   2.1609074E+05   0.0000000E+00   0.0000000E+00   0.0000000E+00   0.0000000E+00   0.0000000E+00
   3.3925612E-01   2.0557435E+05   2.0557435E+05   3.9145501E-01   4.2513043E-03   4.5139731E+02   2.0467671E+05   2.0557435E+05   0.0000000E+00   0.0000000E+00   0.0000000E+00   0.0000000E+00   0.0000000E+00
   3.5081960E-01   1.9497214E+05   1.9497214E+05   3.4946468E-01   3.7721793E-03   4.2709671E+02   1.9412076E+05   1.9497214E+05   0.0000000E+00   0.0000000E+00   0.0000000E+00   0.0000000E+00   0.0000000E+00
   3.6283813E-01   1.8504314E+05   1.8504314E+05   3.0951523E-01   3.3476978E-03   4.0431673E+02   1.8423508E+05   1.8504314E+05   0.0000000E+00   0.0000000E+00   0.0000000E+00   0.0000000E+00   0.0000000E+00
   3.7534429E-01   1.7610645E+05   1.7610645E+05   2.7539788E-01   2.9767816E-03   3.8384031E+02   1.7533739E+05   1.7610645E+05   0.0000000E+00   0.0000000E+00   0.0000000E+00   0.0000000E+00   0.0000000E+00
   3.8837561E-01   1.6774785E+05   1.6774785E+05   2.4405670E-01   2.6479051E-03   3.6488959E+02   1.6701526E+05   1.6774785E+05   0.0000000E+00   0.0000000E+00   0.0000000E+00   0.0000000E+00   0.0000000E+00
   4.0197555E-01   1.5939179E+05   1.5939179E+05   2.1742054E-01   2.3487856E-03   3.4598659E+02   1.5869567E+05   1.5939179E+05   0.0000000E+00   0.0000000E+00   0.0000000E+00   0.0000000E+00   0.0000000E+00
   4.1619488E-01   1.5100260E+05   1.5100260E+05   1.9172763E-01   2.0761429E-03   3.2708791E+02   1.5034310E+05   1.5100260E+05   0.0000000E+00   0.0000000E+00   0.0000000E+00   0.0000000E+00   0.0000000E+00
   4.3109333E-01   1.4300047E+05   1.4300047E+05   1.6956923E-01   1.8328752E-03   3.0916110E+02   1.4237590E+05   1.4300047E+05   0.0000000E+00   0.0000000E+00   0.0000000E+00   0.0000000E+00   0.0000000E+00
   4.4674183E-01   1.3556316E+05   1.3556316E+05   1.4967340E-01   1.6179070E-03   2.9255871E+02   1.3497105E+05   1.3556316E+05   0.0000000E+00   0.0000000E+00   0.0000000E+00   0.0000000E+00   0.0000000E+00
   4.6322541E-01   1.2839201E+05   1.2839201E+05   1.3168046E-01   1.4251759E-03   2.7660691E+02   1.2783122E+05   1.2839201E+05   0.0000000E+00   0.0000000E+00   0.0000000E+00   0.0000000E+00   0.0000000E+00
   4.8064713E-01   1.2126524E+05   1.2126524E+05   1.1544289E-01   1.2503274E-03   2.6084475E+02   1.2073556E+05   1.2126524E+05   0.0000000E+00   0.0000000E+00   0.0000000E+00   0.0000000E+00   0.0000000E+00
   4.9913337E-01   1.1435559E+05   1.1435559E+05   1.0104047E-01   1.0935365E-03   2.4557570E+02   1.1385608E+05   1.1435559E+05   0.0000000E+00   0.0000000E+00   0.0000000E+00   0.0000000E+00   0.0000000E+00
   5.1884122E-01   1.0776934E+05   1.0776934E+05   8.8077137E-02   9.5371667E-04   2.3110385E+02   1.0729858E+05   1.0776934E+05   0.0000000E+00   0.0000000E+00   0.0000000E+00   0.0000000E+00   0.0000000E+00
   5.3996884E-01   1.0132186E+05   1.0132186E+05   7.6484807E-02   8.2784899E-04   2.1697567E+02   1.0087926E+05   1.0132186E+05   0.0000000E+00   0.0000000E+00   0.0000000E+00   0.0000000E+00   0.0000000E+00
   5.6277036E-01   9.4971004E+04   9.4971004E+04   6.6008045E-02   7.1442428E-04   2.0309841E+02   9.4556135E+04   9.4971004E+04   0.0000000E+00   0.0000000E+00   0.0000000E+00   0.0000000E+00   0.0000000E+00
   5.8757766E-01   8.8797603E+04   8.8797603E+04   5.6596104E-02   6.1279017E-04   1.8964784E+02   8.8409694E+04   8.8797603E+04   0.0000000E+00   0.0000000E+00   0.0000000E+00   0.0000000E+00   0.0000000E+00
   6.1483300E-01   8.2702434E+04   8.2702434E+04   4.8152577E-02   5.2126664E-04   1.7640379E+02   8.2341144E+04   8.2702434E+04   0.0000000E+00   0.0000000E+00   0.0000000E+00   0.0000000E+00   0.0000000E+00
   6.4513854E-01   7.6661194E+04   7.6661194E+04   4.0536205E-02   4.3888133E-04   1.6332583E+02   7.6326289E+04   7.6661194E+04   0.0000000E+00   0.0000000E+00   0.0000000E+00   0.0000000E+00   0.0000000E+00
   6.7933255E-01   7.0651945E+04   7.0651945E+04   3.3690318E-02   3.6479264E-04   1.5034636E+02   7.0343287E+04   7.0651945E+04   0.0000000E+00   0.0000000E+00   0.0000000E+00   0.0000000E+00   0.0000000E+00
   7.1860640E-01   6.4615185E+04   6.4615185E+04   2.7535038E-02   2.9815720E-04   1.3733430E+02   6.4332894E+04   6.4615185E+04   0.0000000E+00   0.0000000E+00   0.0000000E+00   0.0000000E+00   0.0000000E+00
   7.6467725E-01   5.8514058E+04   5.8514058E+04   2.2020643E-02   2.3846507E-04   1.2422064E+02   5.8258417E+04   5.8514058E+04   0.0000000E+00   0.0000000E+00   0.0000000E+00   0.0000000E+00   0.0000000E+00
   8.2001011E-01   5.2310009E+04   5.2310009E+04   1.7118628E-02   1.8538854E-04   1.1092403E+02   5.2081469E+04   5.2310009E+04   0.0000000E+00   0.0000000E+00   0.0000000E+00   0.0000000E+00   0.0000000E+00
   8.8797992E-01   4.6002843E+04   4.6002843E+04   1.2837884E-02   1.3903804E-04   9.7438302E+01   4.5801855E+04   4.6002843E+04   0.0000000E+00   0.0000000E+00   0.0000000E+00   0.0000000E+00   0.0000000E+00
   9.7258139E-01   3.9685342E+04   3.9685342E+04   9.2318124E-03   9.9989140E-05   8.3970152E+01   3.9511953E+04   3.9685342E+04   0.0000000E+00   0.0000000E+00   0.0000000E+00   0.0000000E+00   0.0000000E+00
   1.0770764E+00   3.3590690E+04   3.3590690E+04   6.3713027E-03   6.9012939E-05   7.1000266E+01   3.3443926E+04   3.3590690E+04   0.0000000E+00   0.0000000E+00   0.0000000E+00   0.0000000E+00   0.0000000E+00
   1.2022367E+00   2.8033479E+04   2.8033479E+04   4.2671950E-03   4.6229457E-05   5.9203553E+01   2.7910994E+04   2.8033479E+04   0.0000000E+00   0.0000000E+00   0.0000000E+00   0.0000000E+00   0.0000000E+00
   1.3469739E+00   2.3222657E+04   2.3222657E+04   2.8168558E-03   3.0509730E-05   4.9008179E+01   2.3121190E+04   2.3222657E+04   0.0000000E+00   0.0000000E+00   0.0000000E+00   0.0000000E+00   0.0000000E+00
   1.5108961E+00   1.9176361E+04   1.9176361E+04   1.8484335E-03   2.0025180E-05   4.0443891E+01   1.9092573E+04   1.9176361E+04   0.0000000E+00   0.0000000E+00   0.0000000E+00   0.0000000E+00   0.0000000E+00
   1.6951854E+00   1.5809643E+04   1.5809643E+04   1.2105395E-03   1.3115929E-05   3.3328397E+01   1.5740565E+04   1.5809643E+04   0.0000000E+00   0.0000000E+00   0.0000000E+00   0.0000000E+00   0.0000000E+00
   1.9020220E+00   1.3018456E+04   1.3018456E+04   7.9179315E-04   8.5801457E-06   2.7433186E+01   1.2961573E+04   1.3018456E+04   0.0000000E+00   0.0000000E+00   0.0000000E+00   0.0000000E+00   0.0000000E+00
   2.1341032E+00   1.0708439E+04   1.0708439E+04   5.1733733E-04   5.6068106E-06   2.2557765E+01   1.0661650E+04   1.0708439E+04   0.0000000E+00   0.0000000E+00   0.0000000E+00   0.0000000E+00   0.0000000E+00
   2.3945031E+00   8.7992872E+03   8.7992872E+03   3.3768843E-04   3.6601287E-06   1.8532598E+01   8.7608393E+03   8.7992872E+03   0.0000000E+00   0.0000000E+00   0.0000000E+00   0.0000000E+00   0.0000000E+00
   2.6866767E+00   7.2234591E+03   7.2234591E+03   2.2007095E-04   2.3871880E-06   1.5210107E+01   7.1918966E+03   7.2234591E+03   0.0000000E+00   0.0000000E+00   0.0000000E+00   0.0000000E+00   0.0000000E+00
   3.0145009E+00   5.9243335E+03   5.9243335E+03   1.4345567E-04   1.5555523E-06   1.2472686E+01   5.8984474E+03   5.9243335E+03   0.0000000E+00   0.0000000E+00   0.0000000E+00   0.0000000E+00   0.0000000E+00
   3.3823256E+00   4.8545575E+03   4.8545575E+03   9.3372525E-05   1.0128055E-06   1.0219280E+01   4.8333457E+03   4.8545575E+03   0.0000000E+00   0.0000000E+00   0.0000000E+00   0.0000000E+00   0.0000000E+00
   3.7950317E+00   3.9746008E+03   3.9746008E+03   6.0747076E-05   6.5891811E-07   8.3662058E+00   3.9572339E+03   3.9746008E+03   0.0000000E+00   0.0000000E+00   0.0000000E+00   0.0000000E+00   0.0000000E+00
   4.2580956E+00   3.2515313E+03   3.2515313E+03   3.9459850E-05   4.2838503E-07   6.8436427E+00   3.2373239E+03   3.2515313E+03   0.0000000E+00   0.0000000E+00   0.0000000E+00   0.0000000E+00   0.0000000E+00
   4.7776619E+00   2.6579617E+03   2.6579617E+03   2.5622223E-05   2.7832726E-07   5.5939291E+00   2.6463478E+03   2.6579617E+03   0.0000000E+00   0.0000000E+00   0.0000000E+00   0.0000000E+00   0.0000000E+00
   5.3606248E+00   2.1711542E+03   2.1711542E+03   1.6620179E-05   1.8072854E-07   4.5691517E+00   2.1616674E+03   2.1711542E+03   0.0000000E+00   0.0000000E+00   0.0000000E+00   0.0000000E+00   0.0000000E+00
   6.0147200E+00   1.7722613E+03   1.7722613E+03   1.0779050E-05   1.1729278E-07   3.7295544E+00   1.7645174E+03   1.7722613E+03   0.0000000E+00   0.0000000E+00   0.0000000E+00   0.0000000E+00   0.0000000E+00
   6.7486268E+00   1.4456829E+03   1.4456829E+03   6.9847976E-06   7.6091596E-08   3.0421799E+00   1.4393660E+03   1.4456829E+03   0.0000000E+00   0.0000000E+00   0.0000000E+00   0.0000000E+00   0.0000000E+00
   7.5720838E+00   1.1785252E+03   1.1785252E+03   4.5225387E-06   4.9345781E-08   2.4799435E+00   1.1733757E+03   1.1785252E+03   0.0000000E+00   0.0000000E+00   0.0000000E+00   0.0000000E+00   0.0000000E+00
   8.4960178E+00   9.6014486E+02   9.6014486E+02   2.9269663E-06   3.1993569E-08   2.0203863E+00   9.5594951E+02   9.6014486E+02   0.0000000E+00   0.0000000E+00   0.0000000E+00   0.0000000E+00   0.0000000E+00
