#           k/h    CDM            baryon         photon         nu             mass_nu        total          no_nu          total_de       Weyl           v_CDM          v_b            v_b-v_c     
   1.0537954E-05   4.1506715E+06   4.1506715E+06   5.5336893E+06   1.1736070E+04   1.2578992E+05   4.1508730E+06   4.1506715E+06   0.0000000E+00   0.0000000E+00   0.0000000E+00   0.0000000E+00   0.0000000E+00
   1.1823779E-05   4.1506704E+06   4.1506704E+06   5.5335483E+06   1.1735886E+04   1.2578808E+05   4.1508718E+06   4.1506704E+06   0.0000000E+00   0.0000000E+00   0.0000000E+00   0.0000000E+00   0.0000000E+00
   1.3266498E-05   4.1506691E+06   4.1506691E+06   5.5333707E+06   1.1735654E+04   1.2578577E+05   4.1508703E+06   4.1506691E+06   0.0000000E+00   0.0000000E+00   0.0000000E+00   0.0000000E+00   0.0000000E+00
   1.4885255E-05   4.1506674E+06   4.1506674E+06   5.5331471E+06   1.1735363E+04   1.2578285E+05   4.1508685E+06   4.1506674E+06   0.0000000E+00   0.0000000E+00   0.0000000E+00   0.0000000E+00   0.0000000E+00
   1.6701531E-05   4.1506652E+06   4.1506652E+06   5.5328657E+06   1.1734996E+04   1.2577918E+05   4.1508661E+06   4.1506652E+06   0.0000000E+00   0.0000000E+00   0.0000000E+00   0.0000000E+00   0.0000000E+00
   1.8739426E-05   4.1506625E+06   4.1506625E+06   5.5325114E+06   1.1734534E+04   1.2577457E+05   4.1508632E+06   4.1506625E+06   0.0000000E+00   0.0000000E+00   0.0000000E+00   0.0000000E+00   0.0000000E+00
   2.1025982E-05   4.1506591E+06   4.1506591E+06   5.5320654E+06   1.1733952E+04   1.2576876E+05   4.1508595E+06   4.1506591E+06   0.0000000E+00   0.0000000E+00   0.0000000E+00   0.0000000E+00   0.0000000E+00
   2.3591540E-05   4.1506549E+06   4.1506549E+06   5.5315040E+06   1.1733220E+04   1.2576144E+05   4.1508548E+06   4.1506549E+06   0.0000000E+00   0.0000000E+00   0.0000000E+00   0.0000000E+00   0.0000000E+00
   2.6470143E-05   4.1506495E+06   4.1506495E+06   5.5307973E+06   1.1732299E+04   1.2575224E+05   4.1508489E+06   4.1506495E+06   0.0000000E+00   0.0000000E+00   0.0000000E+00   0.0000000E+00   0.0000000E+00
   2.9699989E-05   4.1506427E+06   4.1506427E+06   5.5299077E+06   1.1731139E+04   1.2574065E+05   4.1508415E+06   4.1506427E+06   0.0000000E+00   0.0000000E+00   0.0000000E+00   0.0000000E+00   0.0000000E+00
   3.3323936E-05   4.1506342E+06   4.1506342E+06   5.5287880E+06   1.1729679E+04   1.2572606E+05   4.1508322E+06   4.1506342E+06   0.0000000E+00   0.0000000E+00   0.0000000E+00   0.0000000E+00   0.0000000E+00
   3.7390071E-05   4.1506235E+06   4.1506235E+06   5.5273787E+06   1.1727841E+04   1.2570771E+05   4.1508205E+06   4.1506235E+06   0.0000000E+00   0.0000000E+00   0.0000000E+00   0.0000000E+00   0.0000000E+00
   4.1952349E-05   4.1506100E+06   4.1506100E+06   5.5256050E+06   1.1725527E+04   1.2568462E+05   4.1508057E+06   4.1506100E+06   0.0000000E+00   0.0000000E+00   0.0000000E+00   0.0000000E+00   0.0000000E+00
   4.7071310E-05   4.1505930E+06   4.1505930E+06   5.5233727E+06   1.1722616E+04   1.2565556E+05   4.1507871E+06   4.1505930E+06   0.0000000E+00   0.0000000E+00   0.0000000E+00   0.0000000E+00   0.0000000E+00
   5.2814879E-05   4.1505716E+06   4.1505716E+06   5.5205637E+06   1.1718951E+04   1.2561901E+05   4.1507637E+06   4.1505716E+06   0.0000000E+00   0.0000000E+00   0.0000000E+00   0.0000000E+00   0.0000000E+00
   5.9259269E-05   4.1505447E+06   4.1505447E+06   5.5170292E+06   1.1714340E+04   1.2557304E+05   4.1507343E+06   4.1505447E+06   0.0000000E+00   0.0000000E+00   0.0000000E+00   0.0000000E+00   0.0000000E+00
   6.6489993E-05   4.1505109E+06   4.1505109E+06   5.5125827E+06   1.1708537E+04   1.2551523E+05   4.1506972E+06   4.1505109E+06   0.0000000E+00   0.0000000E+00   0.0000000E+00   0.0000000E+00   0.0000000E+00
   7.4602999E-05   4.1504682E+06   4.1504682E+06   5.5069896E+06   1.1701237E+04   1.2544256E+05   4.1506505E+06   4.1504682E+06   0.0000000E+00   0.0000000E+00   0.0000000E+00   0.0000000E+00   0.0000000E+00
   8.3705942E-05   4.1504146E+06   4.1504146E+06   5.4999560E+06   1.1692053E+04   1.2535125E+05   4.1505918E+06   4.1504146E+06   0.0000000E+00   0.0000000E+00   0.0000000E+00   0.0000000E+00   0.0000000E+00
   9.3919611E-05   4.1503470E+06   4.1503470E+06   5.4911132E+06   1.1680504E+04   1.2523658E+05   4.1505179E+06   4.1503470E+06   0.0000000E+00   0.0000000E+00   0.0000000E+00   0.0000000E+00   0.0000000E+00
   1.0537954E-04   4.1502620E+06   4.1502620E+06   5.4799999E+06   1.1665982E+04   1.2509264E+05   4.1504249E+06   4.1502620E+06   0.0000000E+00   0.0000000E+00   0.0000000E+00   0.0000000E+00   0.0000000E+00
   1.1823779E-04   4.1501551E+06   4.1501551E+06   5.4660392E+06   1.1647729E+04   1.2491212E+05   4.1503079E+06   4.1501551E+06   0.0000000E+00   0.0000000E+00   0.0000000E+00   0.0000000E+00   0.0000000E+00
   1.3266498E-04   4.1500205E+06   4.1500205E+06   5.4485116E+06   1.1624795E+04   1.2468593E+05   4.1501607E+06   4.1500205E+06   0.0000000E+00   0.0000000E+00   0.0000000E+00   0.0000000E+00   0.0000000E+00
   1.4885255E-04   4.1498513E+06   4.1498513E+06   5.4265211E+06   1.1595996E+04   1.2440289E+05   4.1499755E+06   4.1498513E+06   0.0000000E+00   0.0000000E+00   0.0000000E+00   0.0000000E+00   0.0000000E+00
   1.6701531E-04   4.1496384E+06   4.1496384E+06   5.3989559E+06   1.1559854E+04   1.2404924E+05   4.1497426E+06   4.1496384E+06   0.0000000E+00   0.0000000E+00   0.0000000E+00   0.0000000E+00   0.0000000E+00
   1.8739426E-04   4.1493708E+06   4.1493708E+06   5.3644416E+06   1.1514535E+04   1.2360825E+05   4.1494498E+06   4.1493708E+06   0.0000000E+00   0.0000000E+00   0.0000000E+00   0.0000000E+00   0.0000000E+00
   2.1025982E-04   4.1490344E+06   4.1490344E+06   5.3212873E+06   1.1457766E+04   1.2305973E+05   4.1490819E+06   4.1490344E+06   0.0000000E+00   0.0000000E+00   0.0000000E+00   0.0000000E+00   0.0000000E+00
   2.3591540E-04   4.1486117E+06   4.1486117E+06   5.2674263E+06   1.1386748E+04   1.2237960E+05   4.1486196E+06   4.1486117E+06   0.0000000E+00   0.0000000E+00   0.0000000E+00   0.0000000E+00   0.0000000E+00
   2.6470143E-04   4.1480808E+06   4.1480808E+06   5.2003532E+06   1.1298048E+04   1.2153967E+05   4.1480392E+06   4.1480808E+06   0.0000000E+00   0.0000000E+00   0.0000000E+00   0.0000000E+00   0.0000000E+00
   2.9699989E-04   4.1474146E+06   4.1474146E+06   5.1170640E+06   1.1187492E+04   1.2050765E+05   4.1473109E+06   4.1474146E+06   0.0000000E+00   0.0000000E+00   0.0000000E+00   0.0000000E+00   0.0000000E+00
   3.3323936E-04   4.1465792E+06   4.1465792E+06   5.0140086E+06   1.1050053E+04   1.1924780E+05   4.1463980E+06   4.1465792E+06   0.0000000E+00   0.0000000E+00   0.0000000E+00   0.0000000E+00   0.0000000E+00
   3.7390071E-04   4.1455326E+06   4.1455326E+06   4.8870732E+06   1.0879753E+04   1.1772249E+05   4.1452546E+06   4.1455326E+06   0.0000000E+00   0.0000000E+00   0.0000000E+00   0.0000000E+00   0.0000000E+00
   4.1952349E-04   4.1442230E+06   4.1442230E+06   4.7316203E+06   1.0669604E+04   1.1589526E+05   4.1438246E+06   4.1442230E+06   0.0000000E+00   0.0000000E+00   0.0000000E+00   0.0000000E+00   0.0000000E+00
   4.7071310E-04   4.1425868E+06   4.1425868E+06   4.5426254E+06   1.0411628E+04   1.1373600E+05   4.1420391E+06   4.1425868E+06   0.0000000E+00   0.0000000E+00   0.0000000E+00   0.0000000E+00   0.0000000E+00
   5.2814879E-04   4.1405465E+06   4.1405465E+06   4.3149691E+06   1.0097017E+04   1.1122912E+05   4.1398143E+06   4.1405465E+06   0.0000000E+00   0.0000000E+00   0.0000000E+00   0.0000000E+00   0.0000000E+00
   5.9259269E-04   4.1380081E+06   4.1380081E+06   4.0439592E+06   9.7165117E+03   1.0838518E+05   4.1370490E+06   4.1380081E+06   0.0000000E+00   0.0000000E+00   0.0000000E+00   0.0000000E+00   0.0000000E+00
   6.6489993E-04   4.1348591E+06   4.1348591E+06   3.7261684E+06   9.2611175E+03   1.0525608E+05   4.1336224E+06   4.1348591E+06   0.0000000E+00   0.0000000E+00   0.0000000E+00   0.0000000E+00   0.0000000E+00
   7.4602999E-04   4.1309658E+06   4.1309658E+06   3.3606670E+06   8.7232857E+03   1.0195194E+05   4.1293925E+06   4.1309658E+06   0.0000000E+00   0.0000000E+00   0.0000000E+00   0.0000000E+00   0.0000000E+00
   8.3705942E-04   4.1261723E+06   4.1261723E+06   2.9506694E+06   8.0986851E+03   9.8654680E+04   4.1241944E+06   4.1261723E+06   0.0000000E+00   0.0000000E+00   0.0000000E+00   0.0000000E+00   0.0000000E+00
   9.3919611E-04   4.1202992E+06   4.1202992E+06   2.5054699E+06   7.3886089E+03   9.5617597E+04   4.1178409E+06   4.1202992E+06   0.0000000E+00   0.0000000E+00   0.0000000E+00   0.0000000E+00   0.0000000E+00
   1.0537954E-03   4.1131444E+06   4.1131444E+06   2.0422572E+06   6.6028693E+03   9.3133149E+04   4.1101241E+06   4.1131444E+06   0.0000000E+00   0.0000000E+00   0.0000000E+00   0.0000000E+00   0.0000000E+00
   1.1823779E-03   4.1044844E+06   4.1044844E+06   1.5869405E+06   5.7626463E+03   9.1445530E+04   4.1008189E+06   4.1044844E+06   0.0000000E+00   0.0000000E+00   0.0000000E+00   0.0000000E+00   0.0000000E+00
   1.3266498E-03   4.0940772E+06   4.0940772E+06   1.1725835E+06   4.9021524E+03   9.0591151E+04   4.0896883E+06   4.0940772E+06   0.0000000E+00   0.0000000E+00   0.0000000E+00   0.0000000E+00   0.0000000E+00
   1.4885255E-03   4.0816644E+06   4.0816644E+06   8.3376585E+05   4.0672862E+03   9.0186849E+04   4.0764876E+06   4.0816644E+06   0.0000000E+00   0.0000000E+00   0.0000000E+00   0.0000000E+00   0.0000000E+00
   1.6701531E-03   4.0669716E+06   4.0669716E+06   5.9596037E+05   3.3091387E+03   8.9273885E+04   4.0609665E+06   4.0669716E+06   0.0000000E+00   0.0000000E+00   0.0000000E+00   0.0000000E+00   0.0000000E+00
   1.8739426E-03   4.0497040E+06   4.0497040E+06   4.6194687E+05   2.6712743E+03   8.6453473E+04   4.0428643E+06   4.0497040E+06   0.0000000E+00   0.0000000E+00   0.0000000E+00   0.0000000E+00   0.0000000E+00
   2.1025982E-03   4.0295381E+06   4.0295381E+06   4.0274039E+05   2.1733634E+03   8.0595273E+04   4.0218973E+06   4.0295381E+06   0.0000000E+00   0.0000000E+00   0.0000000E+00   0.0000000E+00   0.0000000E+00
   2.3591540E-03   4.0061147E+06   4.0061147E+06   3.6536747E+05   1.7998910E+03   7.2068715E+04   3.9977425E+06   4.0061147E+06   0.0000000E+00   0.0000000E+00   0.0000000E+00   0.0000000E+00   0.0000000E+00
   2.6470143E-03   3.9790411E+06   3.9790411E+06   3.0472678E+05   1.5068818E+03   6.3490579E+04   3.9700278E+06   3.9790411E+06   0.0000000E+00   0.0000000E+00   0.0000000E+00   0.0000000E+00   0.0000000E+00
   2.9699989E-03   3.9479105E+06   3.9479105E+06   2.2172866E+05   1.2516184E+03   5.8112356E+04   3.9383420E+06   3.9479105E+06   0.0000000E+00   0.0000000E+00   0.0000000E+00   0.0000000E+00   0.0000000E+00
   3.3323936E-03   3.9123235E+06   3.9123235E+06   1.5975310E+05   1.0243139E+03   5.5753620E+04   3.9022590E+06   3.9123235E+06   0.0000000E+00   0.0000000E+00   0.0000000E+00   0.0000000E+00   0.0000000E+00
   3.7390071E-03   3.8718818E+06   3.8718818E+06   1.3867732E+05   8.4121106E+02   5.1830114E+04   3.8613503E+06   3.8718818E+06   0.0000000E+00   0.0000000E+00   0.0000000E+00   0.0000000E+00   0.0000000E+00
   4.1952349E-03   3.8261518E+06   3.8261518E+06   1.1774682E+05   6.9989214E+02   4.4955917E+04   3.8151726E+06   3.8261518E+06   0.0000000E+00   0.0000000E+00   0.0000000E+00   0.0000000E+00   0.0000000E+00
   4.7071310E-03   3.7746601E+06   3.7746601E+06   8.0227838E+04   5.7445772E+02   4.0601728E+04   3.7632692E+06   3.7746601E+06   0.0000000E+00   0.0000000E+00   0.0000000E+00   0.0000000E+00   0.0000000E+00
   5.2814879E-03   3.7169460E+06   3.7169460E+06   6.5342638E+04   4.6524217E+02   3.7541179E+04   3.7052038E+06   3.7169460E+06   0.0000000E+00   0.0000000E+00   0.0000000E+00   0.0000000E+00   0.0000000E+00
   5.9259269E-03   3.6525613E+06   3.6525613E+06   5.1815927E+04   3.7987582E+02   3.1966731E+04   3.6405443E+06   3.6525613E+06   0.0000000E+00   0.0000000E+00   0.0000000E+00   0.0000000E+00   0.0000000E+00
   6.6489993E-03   3.5810448E+06   3.5810448E+06   3.6219463E+04   3.0519296E+02   2.9619697E+04   3.5688280E+06   3.5810448E+06   0.0000000E+00   0.0000000E+00   0.0000000E+00   0.0000000E+00   0.0000000E+00
   7.4602999E-03   3.5019419E+06   3.5019419E+06   3.0472843E+04   2.4662823E+02   2.5010343E+04   3.4895827E+06   3.5019419E+06   0.0000000E+00   0.0000000E+00   0.0000000E+00   0.0000000E+00   0.0000000E+00
   8.3705942E-03   3.4147886E+06   3.4147886E+06   2.2735642E+04   1.9599365E+02   2.2691823E+04   3.4023652E+06   3.4147886E+06   0.0000000E+00   0.0000000E+00   0.0000000E+00   0.0000000E+00   0.0000000E+00
   9.3919611E-03   3.3191357E+06   3.3191357E+06   1.6905376E+04   1.5631345E+02   1.9045640E+04   3.3067432E+06   3.3191357E+06   0.0000000E+00   0.0000000E+00   0.0000000E+00   0.0000000E+00   0.0000000E+00
   1.0537954E-02   3.2145377E+06   3.2145377E+06   1.4491099E+04   1.2354157E+02   1.6102598E+04   3.2022422E+06   3.2145377E+06   0.0000000E+00   0.0000000E+00   0.0000000E+00   0.0000000E+00   0.0000000E+00
   1.1823779E-02   3.1005609E+06   3.1005609E+06   1.1204520E+04   9.6886589E+01   1.3946272E+04   3.0884548E+06   3.1005609E+06   0.0000000E+00   0.0000000E+00   0.0000000E+00   0.0000000E+00   0.0000000E+00
   1.3266498E-02   2.9768130E+06   2.9768130E+06   8.3013057E+03   7.5445839E+01   1.1926394E+04   2.9649736E+06   2.9768130E+06   0.0000000E+00   0.0000000E+00   0.0000000E+00   0.0000000E+00   0.0000000E+00
   1.4885255E-02   2.8429787E+06   2.8429787E+06   6.3514080E+03   5.8417830E+01   1.0011657E+04   2.8314898E+06   2.8429787E+06   0.0000000E+00   0.0000000E+00   0.0000000E+00   0.0000000E+00   0.0000000E+00
   1.6701531E-02   2.6988922E+06   2.6988922E+06   4.8190487E+03   4.4871630E+01   8.1899702E+03   2.6878333E+06   2.6988922E+06   0.0000000E+00   0.0000000E+00   0.0000000E+00   0.0000000E+00   0.0000000E+00
   1.8739426E-02   2.5446537E+06   2.5446537E+06   3.2710608E+03   3.4163873E+01   6.7728229E+03   2.5341001E+06   2.5446537E+06   0.0000000E+00   0.0000000E+00   0.0000000E+00   0.0000000E+00   0.0000000E+00
   2.1025981E-02   2.3807985E+06   2.3807985E+06   2.5971902E+03   2.5751315E+01   5.7151657E+03   2.3708219E+06   2.3807985E+06   0.0000000E+00   0.0000000E+00   0.0000000E+00   0.0000000E+00   0.0000000E+00
   2.3591515E-02   2.2085308E+06   2.2085308E+06   1.7911357E+03   1.9247000E+01   4.6073824E+03   2.1991936E+06   2.2085308E+06   0.0000000E+00   0.0000000E+00   0.0000000E+00   0.0000000E+00   0.0000000E+00
   2.6469777E-02   2.0300141E+06   2.0300141E+06   1.3457495E+03   1.4232502E+01   3.7127630E+03   2.0213667E+06   2.0300141E+06   0.0000000E+00   0.0000000E+00   0.0000000E+00   0.0000000E+00   0.0000000E+00
   2.9696307E-02   1.8487470E+06   1.8487470E+06   9.7185762E+02   1.0415554E+01   3.0083792E+03   1.8408214E+06   1.8487470E+06   0.0000000E+00   0.0000000E+00   0.0000000E+00   0.0000000E+00   0.0000000E+00
   3.3297505E-02   1.6701591E+06   1.6701591E+06   6.8525387E+02   7.5538399E+00   2.4645950E+03   1.6629602E+06   1.6701591E+06   0.0000000E+00   0.0000000E+00   0.0000000E+00   0.0000000E+00   0.0000000E+00
   3.7251094E-02   1.5024716E+06   1.5024716E+06   5.2489769E+02   5.4730390E+00   1.9699347E+03   1.4959668E+06   1.5024716E+06   0.0000000E+00   0.0000000E+00   0.0000000E+00   0.0000000E+00   0.0000000E+00
   4.1413906E-02   1.3562448E+06   1.3562448E+06   3.7352250E+02   4.0154095E+00   1.6598794E+03   1.3503521E+06   1.3562448E+06   0.0000000E+00   0.0000000E+00   0.0000000E+00   0.0000000E+00   0.0000000E+00
   4.5525600E-02   1.2391695E+06   1.2391695E+06   2.6902804E+02   3.0441219E+00   1.3735261E+03   1.2337709E+06   1.2391695E+06   0.0000000E+00   0.0000000E+00   0.0000000E+00   0.0000000E+00   0.0000000E+00
   4.9387658E-02   1.1501275E+06   1.1501275E+06   2.2892239E+02   2.4001977E+00   1.2182858E+03   1.1451067E+06   1.1501275E+06   0.0000000E+00   0.0000000E+00   0.0000000E+00   0.0000000E+00   0.0000000E+00
   5.2967249E-02   1.0820814E+06   1.0820814E+06   1.8292399E+02   1.9617512E+00   1.0686696E+03   1.0773503E+06   1.0820814E+06   0.0000000E+00   0.0000000E+00   0.0000000E+00   0.0000000E+00   0.0000000E+00
   5.6318195E-02   1.0279873E+06   1.0279873E+06   1.4793145E+02   1.6457282E+00   9.7846287E+02   1.0234873E+06   1.0279873E+06   0.0000000E+00   0.0000000E+00   0.0000000E+00   0.0000000E+00   0.0000000E+00
   5.9505773E-02   9.8275172E+05   9.8275172E+05   1.2568149E+02   1.4069209E+00   9.0844550E+02   9.7844553E+05   9.8275172E+05   0.0000000E+00   0.0000000E+00   0.0000000E+00   0.0000000E+00   0.0000000E+00
   6.2583763E-02   9.4296996E+05   9.4296996E+05   1.0891825E+02   1.2190361E+00   8.4540452E+02   9.3883467E+05   9.4296996E+05   0.0000000E+00   0.0000000E+00   0.0000000E+00   0.0000000E+00   0.0000000E+00
   6.5592900E-02   9.0638232E+05   9.0638232E+05   9.5615658E+01   1.0658587E+00   7.8916049E+02   9.0240466E+05   9.0638232E+05   0.0000000E+00   0.0000000E+00   0.0000000E+00   0.0000000E+00   0.0000000E+00
   6.8563812E-02   8.7149076E+05   8.7149076E+05   8.5385845E+01   9.3781106E-01   7.3757245E+02   8.6766384E+05   8.7149076E+05   0.0000000E+00   0.0000000E+00   0.0000000E+00   0.0000000E+00   0.0000000E+00
   7.1519949E-02   8.3732981E+05   8.3732981E+05   7.7398989E+01   8.2844777E-01   6.9321993E+02   8.3365090E+05   8.3732981E+05   0.0000000E+00   0.0000000E+00   0.0000000E+00   0.0000000E+00   0.0000000E+00
   7.4479741E-02   8.0333176E+05   8.0333176E+05   7.0175178E+01   7.3375558E-01   6.5409119E+02   7.9980050E+05   8.0333176E+05   0.0000000E+00   0.0000000E+00   0.0000000E+00   0.0000000E+00   0.0000000E+00
   7.7458096E-02   7.6924311E+05   7.6924311E+05   6.2735225E+01   6.5073646E-01   6.1912882E+02   7.6586020E+05   7.6924311E+05   0.0000000E+00   0.0000000E+00   0.0000000E+00   0.0000000E+00   0.0000000E+00
   8.0467419E-02   7.3506618E+05   7.3506618E+05   5.5224761E+01   5.7751783E-01   5.8433031E+02   7.3183227E+05   7.3506618E+05   0.0000000E+00   0.0000000E+00   0.0000000E+00   0.0000000E+00   0.0000000E+00
   8.3518315E-02   7.0101046E+05   7.0101046E+05   4.8264363E+01   5.1258762E-01   5.5024591E+02   6.9792524E+05   7.0101046E+05   0.0000000E+00   0.0000000E+00   0.0000000E+00   0.0000000E+00   0.0000000E+00
   8.6620078E-02   6.6744461E+05   6.6744461E+05   4.2251420E+01   4.5503579E-01   5.1652031E+02   6.6450613E+05   6.6744461E+05   0.0000000E+00   0.0000000E+00   0.0000000E+00   0.0000000E+00   0.0000000E+00
   8.9781043E-02   6.3484413E+05   6.3484413E+05   3.7287304E+01   4.0404614E-01   4.8505003E+02   6.3204831E+05   6.3484413E+05   0.0000000E+00   0.0000000E+00   0.0000000E+00   0.0000000E+00   0.0000000E+00
   9.3008836E-02   6.0373282E+05   6.0373282E+05   3.3328398E+01   3.5903491E-01   4.5501357E+02   6.0107325E+05   6.0373282E+05   0.0000000E+00   0.0000000E+00   0.0000000E+00   0.0000000E+00   0.0000000E+00
   9.6310557E-02   5.7461876E+05   5.7461876E+05   3.0026881E+01   3.1938317E-01   4.2641504E+02   5.7208676E+05   5.7461876E+05   0.0000000E+00   0.0000000E+00   0.0000000E+00   0.0000000E+00   0.0000000E+00
   9.9692920E-02   5.4792794E+05   5.4792794E+05   2.6485632E+01   2.8465282E-01   3.9896645E+02   5.4551295E+05   5.4792794E+05   0.0000000E+00   0.0000000E+00   0.0000000E+00   0.0000000E+00   0.0000000E+00
   1.0316235E-01   5.2394114E+05   5.2394114E+05   2.2447877E+01   2.5434798E-01   3.7714480E+02   5.2163134E+05   5.2394114E+05   0.0000000E+00   0.0000000E+00   0.0000000E+00   0.0000000E+00   0.0000000E+00
   1.0672508E-01   5.0274144E+05   5.0274144E+05   2.0209304E+01   2.2788856E-01   3.6318605E+02   5.0052461E+05   5.0274144E+05   0.0000000E+00   0.0000000E+00   0.0000000E+00   0.0000000E+00   0.0000000E+00
   1.1038719E-01   4.8418087E+05   4.8418087E+05   1.9349921E+01   2.0488600E-01   3.4375845E+02   4.8204546E+05   4.8418087E+05   0.0000000E+00   0.0000000E+00   0.0000000E+00   0.0000000E+00   0.0000000E+00
   1.1415464E-01   4.6787477E+05   4.6787477E+05   1.6195265E+01   1.8473340E-01   3.2873514E+02   4.6581088E+05   4.6787477E+05   0.0000000E+00   0.0000000E+00   0.0000000E+00   0.0000000E+00   0.0000000E+00
   1.1803337E-01   4.5323019E+05   4.5323019E+05   1.5753826E+01   1.6696341E-01   3.1740459E+02   4.5123055E+05   4.5323019E+05   0.0000000E+00   0.0000000E+00   0.0000000E+00   0.0000000E+00   0.0000000E+00
   1.2202924E-01   4.3951124E+05   4.3951124E+05   1.3342601E+01   1.5109923E-01   3.0493412E+02   4.3757180E+05   4.3951124E+05   0.0000000E+00   0.0000000E+00   0.0000000E+00   0.0000000E+00   0.0000000E+00
   1.2614813E-01   4.2593781E+05   4.2593781E+05   1.2695457E+01   1.3676502E-01   2.9131554E+02   4.2405797E+05   4.2593781E+05   0.0000000E+00   0.0000000E+00   0.0000000E+00   0.0000000E+00   0.0000000E+00
   1.3039588E-01   4.1180697E+05   4.1180697E+05   1.1664976E+01   1.2359870E-01   2.8184790E+02   4.0998923E+05   4.1180697E+05   0.0000000E+00   0.0000000E+00   0.0000000E+00   0.0000000E+00   0.0000000E+00
   1.3477839E-01   3.9661820E+05   3.9661820E+05   1.0253517E+01   1.1140949E-01   2.7036426E+02   3.9486726E+05   3.9661820E+05   0.0000000E+00   0.0000000E+00   0.0000000E+00   0.0000000E+00   0.0000000E+00
   1.3930154E-01   3.8017753E+05   3.8017753E+05   9.0626700E+00   1.0007769E-01   2.5712954E+02   3.7849896E+05   3.8017753E+05   0.0000000E+00   0.0000000E+00   0.0000000E+00   0.0000000E+00   0.0000000E+00
   1.4397127E-01   3.6265359E+05   3.6265359E+05   8.0704748E+00   8.9558966E-02   2.4351513E+02   3.6105219E+05   3.6265359E+05   0.0000000E+00   0.0000000E+00   0.0000000E+00   0.0000000E+00   0.0000000E+00
   1.4879354E-01   3.4456233E+05   3.4456233E+05   7.1958425E+00   7.9886034E-02   2.3004061E+02   3.4304064E+05   3.4456233E+05   0.0000000E+00   0.0000000E+00   0.0000000E+00   0.0000000E+00   0.0000000E+00
   1.5377436E-01   3.2666981E+05   3.2666981E+05   6.5397620E+00   7.1113348E-02   2.1714229E+02   3.2522698E+05   3.2666981E+05   0.0000000E+00   0.0000000E+00   0.0000000E+00   0.0000000E+00   0.0000000E+00
   1.5891980E-01   3.0982127E+05   3.0982127E+05   5.8732676E+00   6.3301239E-02   2.0351507E+02   3.0845273E+05   3.0982127E+05   0.0000000E+00   0.0000000E+00   0.0000000E+00   0.0000000E+00   0.0000000E+00
   1.6423597E-01   2.9472860E+05   2.9472860E+05   4.9721435E+00   5.6447683E-02   1.9340311E+02   2.9342660E+05   2.9472860E+05   0.0000000E+00   0.0000000E+00   0.0000000E+00   0.0000000E+00   0.0000000E+00
   1.6972907E-01   2.8176891E+05   2.8176891E+05   4.6870364E+00   5.0517494E-02   1.8355803E+02   2.8052404E+05   2.8176891E+05   0.0000000E+00   0.0000000E+00   0.0000000E+00   0.0000000E+00   0.0000000E+00
   1.7540537E-01   2.7085731E+05   2.7085731E+05   4.1114667E+00   4.5393715E-02   1.7660703E+02   2.6966055E+05   2.7085731E+05   0.0000000E+00   0.0000000E+00   0.0000000E+00   0.0000000E+00   0.0000000E+00
   1.8127124E-01   2.6144763E+05   2.6144763E+05   3.6317720E+00   4.0929223E-02   1.6923002E+02   2.6029236E+05   2.6144763E+05   0.0000000E+00   0.0000000E+00   0.0000000E+00   0.0000000E+00   0.0000000E+00
   1.8733317E-01   2.5268287E+05   2.5268287E+05   3.2964112E+00   3.6948949E-02   1.6266729E+02   2.5156624E+05   2.5268287E+05   0.0000000E+00   0.0000000E+00   0.0000000E+00   0.0000000E+00   0.0000000E+00
   1.9359780E-01   2.4366681E+05   2.4366681E+05   2.9810087E+00   3.3309724E-02   1.5647636E+02   2.4258995E+05   2.4366681E+05   0.0000000E+00   0.0000000E+00   0.0000000E+00   0.0000000E+00   0.0000000E+00
   2.0007191E-01   2.3377440E+05   2.3377440E+05   2.7088126E+00   2.9917053E-02   1.4986241E+02   2.3274119E+05   2.3377440E+05   0.0000000E+00   0.0000000E+00   0.0000000E+00   0.0000000E+00   0.0000000E+00
   2.0676253E-01   2.2288459E+05   2.2288459E+05   2.4628120E+00   2.6741897E-02   1.4237867E+02   2.2189945E+05   2.2288459E+05   0.0000000E+00   0.0000000E+00   0.0000000E+00   0.0000000E+00   0.0000000E+00
   2.1367691E-01   2.1142808E+05   2.1142808E+05   2.1641017E+00   2.3804882E-02   1.3418727E+02   2.1049352E+05   2.1142808E+05   0.0000000E+00   0.0000000E+00   0.0000000E+00   0.0000000E+00   0.0000000E+00
   2.2082260E-01   2.0020449E+05   2.0020449E+05   1.9391851E+00   2.1151414E-02   1.2723508E+02   1.9931949E+05   2.0020449E+05   0.0000000E+00   0.0000000E+00   0.0000000E+00   0.0000000E+00   0.0000000E+00
   2.2820753E-01   1.9002400E+05   1.9002400E+05   1.6826092E+00   1.8821219E-02   1.2031755E+02   1.8918396E+05   1.9002400E+05   0.0000000E+00   0.0000000E+00   0.0000000E+00   0.0000000E+00   0.0000000E+00
   2.3584002E-01   1.8132629E+05   1.8132629E+05   1.5015592E+00   1.6812093E-02   1.1440905E+02   1.8052467E+05   1.8132629E+05   0.0000000E+00   0.0000000E+00   0.0000000E+00   0.0000000E+00   0.0000000E+00
   2.4372892E-01   1.7396801E+05   1.7396801E+05   1.3552793E+00   1.5079921E-02   1.0958748E+02   1.7319888E+05   1.7396801E+05   0.0000000E+00   0.0000000E+00   0.0000000E+00   0.0000000E+00   0.0000000E+00
   2.5188366E-01   1.6730876E+05   1.6730876E+05   1.2463617E+00   1.3554646E-02   1.0510806E+02   1.6656904E+05   1.6730876E+05   0.0000000E+00   0.0000000E+00   0.0000000E+00   0.0000000E+00   0.0000000E+00
   2.6031438E-01   1.6057367E+05   1.6057367E+05   1.1059700E+00   1.2167262E-02   1.0052477E+02   1.5986370E+05   1.6057367E+05   0.0000000E+00   0.0000000E+00   0.0000000E+00   0.0000000E+00   0.0000000E+00
   2.6903201E-01   1.5329905E+05   1.5329905E+05   9.9452291E-01   1.0878055E-02   9.5947699E+01   1.5262122E+05   1.5329905E+05   0.0000000E+00   0.0000000E+00   0.0000000E+00   0.0000000E+00   0.0000000E+00
   2.7804846E-01   1.4558903E+05   1.4558903E+05   8.7205622E-01   9.6850194E-03   9.0889975E+01   1.4494527E+05   1.4558903E+05   0.0000000E+00   0.0000000E+00   0.0000000E+00   0.0000000E+00   0.0000000E+00
   2.8737676E-01   1.3800304E+05   1.3800304E+05   7.7466422E-01   8.6063070E-03   8.6014743E+01   1.3739280E+05   1.3800304E+05   0.0000000E+00   0.0000000E+00   0.0000000E+00   0.0000000E+00   0.0000000E+00
   2.9703121E-01   1.3113391E+05   1.3113391E+05   6.9773516E-01   7.6589813E-03   8.1612373E+01   1.3055403E+05   1.3113391E+05   0.0000000E+00   0.0000000E+00   0.0000000E+00   0.0000000E+00   0.0000000E+00
   3.0702767E-01   1.2517213E+05   1.2517213E+05   6.2000176E-01   6.8381571E-03   7.7674443E+01   1.2461860E+05   1.2517213E+05   0.0000000E+00   0.0000000E+00   0.0000000E+00   0.0000000E+00   0.0000000E+00
   3.1738376E-01   1.1979134E+05   1.1979134E+05   5.5889778E-01   6.1173047E-03   7.4285893E+01   1.1926158E+05   1.1979134E+05   0.0000000E+00   0.0000000E+00   0.0000000E+00   0.0000000E+00   0.0000000E+00
   3.2811919E-01   1.1445479E+05   1.1445479E+05   4.9745518E-01   5.4654657E-03   7.0881707E+01   1.1394861E+05   1.1445479E+05   0.0000000E+00   0.0000000E+00   0.0000000E+00   0.0000000E+00   0.0000000E+00
   3.3925612E-01   1.0888467E+05   1.0888467E+05   4.4463405E-01   4.8657176E-03   6.7355949E+01   1.0840312E+05   1.0888467E+05   0.0000000E+00   0.0000000E+00   0.0000000E+00   0.0000000E+00   0.0000000E+00
   3.5081960E-01   1.0326910E+05   1.0326910E+05   3.9157196E-01   4.3195783E-03   6.3734027E+01   1.0281238E+05   1.0326910E+05   0.0000000E+00   0.0000000E+00   0.0000000E+00   0.0000000E+00   0.0000000E+00
   3.6283813E-01   9.8010107E+04   9.8010107E+04   3.4945365E-01   3.8339051E-03   6.0431424E+01   9.7576631E+04   9.8010107E+04   0.0000000E+00   0.0000000E+00   0.0000000E+00   0.0000000E+00   0.0000000E+00
   3.7534429E-01   9.3276694E+04   9.3276694E+04   3.1003927E-01   3.4083145E-03   5.7465802E+01   9.2864145E+04   9.3276694E+04   0.0000000E+00   0.0000000E+00   0.0000000E+00   0.0000000E+00   0.0000000E+00
   3.8837561E-01   8.8849471E+04   8.8849471E+04   2.7479891E-01   3.0308659E-03   5.4663278E+01   8.8456496E+04   8.8849471E+04   0.0000000E+00   0.0000000E+00   0.0000000E+00   0.0000000E+00   0.0000000E+00
   4.0197555E-01   8.4423598E+04   8.4423598E+04   2.4475233E-01   2.6882289E-03   5.1897927E+01   8.4050190E+04   8.4423598E+04   0.0000000E+00   0.0000000E+00   0.0000000E+00   0.0000000E+00   0.0000000E+00
   4.1619488E-01   7.9980174E+04   7.9980174E+04   2.1564644E-01   2.3769321E-03   4.9117677E+01   7.9626414E+04   7.9980174E+04   0.0000000E+00   0.0000000E+00   0.0000000E+00   0.0000000E+00   0.0000000E+00
   4.3109333E-01   7.5741764E+04   7.5741764E+04   1.9093139E-01   2.0984117E-03   4.6472013E+01   7.5406746E+04   7.5741764E+04   0.0000000E+00   0.0000000E+00   0.0000000E+00   0.0000000E+00   0.0000000E+00
   4.4674183E-01   7.1802509E+04   7.1802509E+04   1.6850970E-01   1.8519622E-03   4.4029499E+01   7.1484909E+04   7.1802509E+04   0.0000000E+00   0.0000000E+00   0.0000000E+00   0.0000000E+00   0.0000000E+00
   4.6322541E-01   6.8004238E+04   6.8004238E+04   1.4801902E-01   1.6311565E-03   4.1650584E+01   6.7703434E+04   6.8004238E+04   0.0000000E+00   0.0000000E+00   0.0000000E+00   0.0000000E+00   0.0000000E+00
   4.8064713E-01   6.4229468E+04   6.4229468E+04   1.3010737E-01   1.4310172E-03   3.9343201E+01   6.3945358E+04   6.4229468E+04   0.0000000E+00   0.0000000E+00   0.0000000E+00   0.0000000E+00   0.0000000E+00
   4.9913337E-01   6.0569698E+04   6.0569698E+04   1.1369087E-01   1.2516645E-03   3.7060384E+01   6.0301772E+04   6.0569698E+04   0.0000000E+00   0.0000000E+00   0.0000000E+00   0.0000000E+00   0.0000000E+00
   5.1884122E-01   5.7081217E+04   5.7081217E+04   9.9161807E-02   1.0914687E-03   3.4896495E+01   5.6828720E+04   5.7081217E+04   0.0000000E+00   0.0000000E+00   0.0000000E+00   0.0000000E+00   0.0000000E+00
   5.3996884E-01   5.3666239E+04   5.3666239E+04   8.6133594E-02   9.4747582E-04   3.2777663E+01   5.3428845E+04   5.3666239E+04   0.0000000E+00   0.0000000E+00   0.0000000E+00   0.0000000E+00   0.0000000E+00
   5.6277036E-01   5.0302440E+04   5.0302440E+04   7.4269347E-02   8.1757778E-04   3.0721876E+01   5.0079923E+04   5.0302440E+04   0.0000000E+00   0.0000000E+00   0.0000000E+00   0.0000000E+00   0.0000000E+00
   5.8757766E-01   4.7032631E+04   4.7032631E+04   6.3697594E-02   7.0122155E-04   2.8709148E+01   4.6824576E+04   4.7032631E+04   0.0000000E+00   0.0000000E+00   0.0000000E+00   0.0000000E+00   0.0000000E+00
   6.1483300E-01   4.3804259E+04   4.3804259E+04   5.4204239E-02   5.9651389E-04   2.6707615E+01   4.3610483E+04   4.3804259E+04   0.0000000E+00   0.0000000E+00   0.0000000E+00   0.0000000E+00   0.0000000E+00
   6.4513854E-01   4.0604451E+04   4.0604451E+04   4.5623256E-02   5.0223187E-04   2.4742068E+01   4.0424828E+04   4.0604451E+04   0.0000000E+00   0.0000000E+00   0.0000000E+00   0.0000000E+00   0.0000000E+00
   6.7933255E-01   3.7421587E+04   3.7421587E+04   3.7923978E-02   4.1742649E-04   2.2795546E+01   3.7256042E+04   3.7421587E+04   0.0000000E+00   0.0000000E+00   0.0000000E+00   0.0000000E+00   0.0000000E+00
   7.1860640E-01   3.4224150E+04   3.4224150E+04   3.0997887E-02   3.4119509E-04   2.0831663E+01   3.4072749E+04   3.4224150E+04   0.0000000E+00   0.0000000E+00   0.0000000E+00   0.0000000E+00   0.0000000E+00
   7.6467725E-01   3.0992622E+04   3.0992622E+04   2.4789130E-02   2.7285466E-04   1.8863088E+01   3.0855515E+04   3.0992622E+04   0.0000000E+00   0.0000000E+00   0.0000000E+00   0.0000000E+00   0.0000000E+00
   8.2001011E-01   2.7706580E+04   2.7706580E+04   1.9271393E-02   2.1212180E-04   1.6849881E+01   2.7584009E+04   2.7706580E+04   0.0000000E+00   0.0000000E+00   0.0000000E+00   0.0000000E+00   0.0000000E+00
   8.8797992E-01   2.4365920E+04   2.4365920E+04   1.4452245E-02   1.5909029E-04   1.4809472E+01   2.4258126E+04   2.4365920E+04   0.0000000E+00   0.0000000E+00   0.0000000E+00   0.0000000E+00   0.0000000E+00
   9.7258139E-01   2.1019786E+04   2.1019786E+04   1.0392717E-02   1.1439836E-04   1.2775443E+01   2.0926795E+04   2.1019786E+04   0.0000000E+00   0.0000000E+00   0.0000000E+00   0.0000000E+00   0.0000000E+00
   1.0770764E+00   1.7791686E+04   1.7791686E+04   7.1725114E-03   7.8956523E-05   1.0806403E+01   1.7712976E+04   1.7791686E+04   0.0000000E+00   0.0000000E+00   0.0000000E+00   0.0000000E+00   0.0000000E+00
   1.2022367E+00   1.4848248E+04   1.4848248E+04   4.8043770E-03   5.2891423E-05   9.0134950E+00   1.4782559E+04   1.4848248E+04   0.0000000E+00   0.0000000E+00   0.0000000E+00   0.0000000E+00   0.0000000E+00
   1.3469739E+00   1.2300144E+04   1.2300144E+04   3.1705049E-03   3.4904009E-05   7.4651875E+00   1.2245727E+04   1.2300144E+04   0.0000000E+00   0.0000000E+00   0.0000000E+00   0.0000000E+00   0.0000000E+00
   1.5108961E+00   1.0156979E+04   1.0156979E+04   2.0807870E-03   2.2909394E-05   6.1612924E+00   1.0112043E+04   1.0156979E+04   0.0000000E+00   0.0000000E+00   0.0000000E+00   0.0000000E+00   0.0000000E+00
   1.6951854E+00   8.3737593E+03   8.3737593E+03   1.3624566E-03   1.5004038E-05   5.0791777E+00   8.3367128E+03   8.3737593E+03   0.0000000E+00   0.0000000E+00   0.0000000E+00   0.0000000E+00   0.0000000E+00
   1.9020220E+00   6.8953761E+03   6.8953761E+03   8.9157887E-04   9.8143281E-06   4.1821566E+00   6.8648700E+03   6.8953761E+03   0.0000000E+00   0.0000000E+00   0.0000000E+00   0.0000000E+00   0.0000000E+00
   2.1341032E+00   5.6718504E+03   5.6718504E+03   5.8243375E-04   6.4130115E-06   3.4389125E+00   5.6467574E+03   5.6718504E+03   0.0000000E+00   0.0000000E+00   0.0000000E+00   0.0000000E+00   0.0000000E+00
   2.3945031E+00   4.6606471E+03   4.6606471E+03   3.8014584E-04   4.1861109E-06   2.8254180E+00   4.6400277E+03   4.6606471E+03   0.0000000E+00   0.0000000E+00   0.0000000E+00   0.0000000E+00   0.0000000E+00
   2.6866767E+00   3.8259925E+03   3.8259925E+03   2.4787913E-04   2.7299494E-06   2.3190474E+00   3.8090657E+03   3.8259925E+03   0.0000000E+00   0.0000000E+00   0.0000000E+00   0.0000000E+00   0.0000000E+00
   3.0145009E+00   3.1378964E+03   3.1378964E+03   1.6148394E-04   1.7786278E-06   1.9023335E+00   3.1240138E+03   3.1378964E+03   0.0000000E+00   0.0000000E+00   0.0000000E+00   0.0000000E+00   0.0000000E+00
   3.3823256E+00   2.5712779E+03   2.5712779E+03   1.0510012E-04   1.1578606E-06   1.5585019E+00   2.5599021E+03   2.5712779E+03   0.0000000E+00   0.0000000E+00   0.0000000E+00   0.0000000E+00   0.0000000E+00
   3.7950317E+00   2.1051993E+03   2.1051993E+03   6.8365704E-05   7.5316301E-07   1.2757433E+00   2.0958855E+03   2.1051993E+03   0.0000000E+00   0.0000000E+00   0.0000000E+00   0.0000000E+00   0.0000000E+00
   4.2580956E+00   1.7222177E+03   1.7222177E+03   4.4420851E-05   4.8952034E-07   1.0437400E+00   1.7145983E+03   1.7222177E+03   0.0000000E+00   0.0000000E+00   0.0000000E+00   0.0000000E+00   0.0000000E+00
   4.7776619E+00   1.4078272E+03   1.4078272E+03   2.8842961E-05   3.1794594E-07   8.5324386E-01   1.4015987E+03   1.4078272E+03   0.0000000E+00   0.0000000E+00   0.0000000E+00   0.0000000E+00   0.0000000E+00
   5.3606248E+00   1.1499844E+03   1.1499844E+03   1.8732286E-05   2.0636820E-07   6.9691376E-01   1.1448967E+03   1.1499844E+03   0.0000000E+00   0.0000000E+00   0.0000000E+00   0.0000000E+00   0.0000000E+00
   6.0147200E+00   9.3870658E+02   9.3870658E+02   1.2134017E-05   1.3386425E-07   5.6891261E-01   9.3455358E+02   9.3870658E+02   0.0000000E+00   0.0000000E+00   0.0000000E+00   0.0000000E+00   0.0000000E+00
   6.7486268E+00   7.6573097E+02   7.6573097E+02   7.8600176E-06   8.6785320E-08   4.6409869E-01   7.6234324E+02   7.6573097E+02   0.0000000E+00   0.0000000E+00   0.0000000E+00   0.0000000E+00   0.0000000E+00
   7.5720838E+00   6.2422815E+02   6.2422815E+02   5.0912264E-06   5.6236456E-08   3.7827121E-01   6.2146645E+02   6.2422815E+02   0.0000000E+00   0.0000000E+00   0.0000000E+00   0.0000000E+00   0.0000000E+00
   8.4960178E+00   5.0856081E+02   5.0856081E+02   3.2948583E-06   3.6424098E-08   3.0821185E-01   5.0631084E+02   5.0856081E+02   0.0000000E+00   0.0000000E+00   0.0000000E+00   0.0000000E+00   0.0000000E+00
