#           k/h    CDM            baryon         photon         nu             mass_nu        total          no_nu          total_de       Weyl           v_CDM          v_b            v_b-v_c     
   1.0537954E-05   6.6450811E+06   6.6450811E+06   8.8587172E+06   1.1125753E+04   6.0022181E+05   6.6452036E+06   6.6450811E+06   0.0000000E+00   0.0000000E+00   0.0000000E+00   0.0000000E+00   0.0000000E+00
   1.1823779E-05   6.6450792E+06   6.6450792E+06   8.8583546E+06   1.1125470E+04   6.0021308E+05   6.6452016E+06   6.6450792E+06   0.0000000E+00   0.0000000E+00   0.0000000E+00   0.0000000E+00   0.0000000E+00
   1.3266498E-05   6.6450768E+06   6.6450768E+06   8.8578981E+06   1.1125114E+04   6.0020208E+05   6.6451990E+06   6.6450768E+06   0.0000000E+00   0.0000000E+00   0.0000000E+00   0.0000000E+00   0.0000000E+00
   1.4885255E-05   6.6450738E+06   6.6450738E+06   8.8573235E+06   1.1124665E+04   6.0018825E+05   6.6451958E+06   6.6450738E+06   0.0000000E+00   0.0000000E+00   0.0000000E+00   0.0000000E+00   0.0000000E+00
   1.6701531E-05   6.6450700E+06   6.6450700E+06   8.8566000E+06   1.1124100E+04   6.0017083E+05   6.6451917E+06   6.6450700E+06   0.0000000E+00   0.0000000E+00   0.0000000E+00   0.0000000E+00   0.0000000E+00
   1.8739426E-05   6.6450653E+06   6.6450653E+06   8.8556894E+06   1.1123389E+04   6.0014891E+05   6.6451866E+06   6.6450653E+06   0.0000000E+00   0.0000000E+00   0.0000000E+00   0.0000000E+00   0.0000000E+00
   2.1025982E-05   6.6450593E+06   6.6450593E+06   8.8545431E+06   1.1122493E+04   6.0012131E+05   6.6451801E+06   6.6450593E+06   0.0000000E+00   0.0000000E+00   0.0000000E+00   0.0000000E+00   0.0000000E+00
   2.3591540E-05   6.6450517E+06   6.6450517E+06   8.8531002E+06   1.1121367E+04   6.0008658E+05   6.6451720E+06   6.6450517E+06   0.0000000E+00   0.0000000E+00   0.0000000E+00   0.0000000E+00   0.0000000E+00
   2.6470143E-05   6.6450422E+06   6.6450422E+06   8.8512840E+06   1.1119948E+04   6.0004287E+05   6.6451618E+06   6.6450422E+06   0.0000000E+00   0.0000000E+00   0.0000000E+00   0.0000000E+00   0.0000000E+00
   2.9699989E-05   6.6450303E+06   6.6450303E+06   8.8489981E+06   1.1118162E+04   5.9998786E+05   6.6451489E+06   6.6450303E+06   0.0000000E+00   0.0000000E+00   0.0000000E+00   0.0000000E+00   0.0000000E+00
   3.3323936E-05   6.6450152E+06   6.6450152E+06   8.8461210E+06   1.1115915E+04   5.9991864E+05   6.6451327E+06   6.6450152E+06   0.0000000E+00   0.0000000E+00   0.0000000E+00   0.0000000E+00   0.0000000E+00
   3.7390071E-05   6.6449963E+06   6.6449963E+06   8.8425003E+06   1.1113086E+04   5.9983155E+05   6.6451123E+06   6.6449963E+06   0.0000000E+00   0.0000000E+00   0.0000000E+00   0.0000000E+00   0.0000000E+00
   4.1952349E-05   6.6449724E+06   6.6449724E+06   8.8379442E+06   1.1109526E+04   5.9972199E+05   6.6450866E+06   6.6449724E+06   0.0000000E+00   0.0000000E+00   0.0000000E+00   0.0000000E+00   0.0000000E+00
   4.7071310E-05   6.6449424E+06   6.6449424E+06   8.8322115E+06   1.1105047E+04   5.9958419E+05   6.6450543E+06   6.6449424E+06   0.0000000E+00   0.0000000E+00   0.0000000E+00   0.0000000E+00   0.0000000E+00
   5.2814879E-05   6.6449046E+06   6.6449046E+06   8.8249995E+06   1.1099410E+04   5.9941091E+05   6.6450136E+06   6.6449046E+06   0.0000000E+00   0.0000000E+00   0.0000000E+00   0.0000000E+00   0.0000000E+00
   5.9259269E-05   6.6448571E+06   6.6448571E+06   8.8159281E+06   1.1092318E+04   5.9919309E+05   6.6449624E+06   6.6448571E+06   0.0000000E+00   0.0000000E+00   0.0000000E+00   0.0000000E+00   0.0000000E+00
   6.6489993E-05   6.6447972E+06   6.6447972E+06   8.8045206E+06   1.1083398E+04   5.9891938E+05   6.6448980E+06   6.6447972E+06   0.0000000E+00   0.0000000E+00   0.0000000E+00   0.0000000E+00   0.0000000E+00
   7.4602999E-05   6.6447219E+06   6.6447219E+06   8.7901794E+06   1.1072180E+04   5.9857561E+05   6.6448169E+06   6.6447219E+06   0.0000000E+00   0.0000000E+00   0.0000000E+00   0.0000000E+00   0.0000000E+00
   8.3705942E-05   6.6446271E+06   6.6446271E+06   8.7721567E+06   1.1058075E+04   5.9814411E+05   6.6447149E+06   6.6446271E+06   0.0000000E+00   0.0000000E+00   0.0000000E+00   0.0000000E+00   0.0000000E+00
   9.3919611E-05   6.6445078E+06   6.6445078E+06   8.7495176E+06   1.1040348E+04   5.9760289E+05   6.6445864E+06   6.6445078E+06   0.0000000E+00   0.0000000E+00   0.0000000E+00   0.0000000E+00   0.0000000E+00
   1.0537954E-04   6.6443577E+06   6.6443577E+06   8.7210960E+06   1.1018077E+04   5.9692473E+05   6.6444248E+06   6.6443577E+06   0.0000000E+00   0.0000000E+00   0.0000000E+00   0.0000000E+00   0.0000000E+00
   1.1823779E-04   6.6441689E+06   6.6441689E+06   8.6854407E+06   1.0990114E+04   5.9607601E+05   6.6442216E+06   6.6441689E+06   0.0000000E+00   0.0000000E+00   0.0000000E+00   0.0000000E+00   0.0000000E+00
   1.3266498E-04   6.6439314E+06   6.6439314E+06   8.6407515E+06   1.0955026E+04   5.9501546E+05   6.6439659E+06   6.6439314E+06   0.0000000E+00   0.0000000E+00   0.0000000E+00   0.0000000E+00   0.0000000E+00
   1.4885255E-04   6.6436327E+06   6.6436327E+06   8.5848038E+06   1.0911036E+04   5.9369279E+05   6.6436445E+06   6.6436327E+06   0.0000000E+00   0.0000000E+00   0.0000000E+00   0.0000000E+00   0.0000000E+00
   1.6701531E-04   6.6432573E+06   6.6432573E+06   8.5148624E+06   1.0855945E+04   5.9204725E+05   6.6432404E+06   6.6432573E+06   0.0000000E+00   0.0000000E+00   0.0000000E+00   0.0000000E+00   0.0000000E+00
   1.8739426E-04   6.6427855E+06   6.6427855E+06   8.4275869E+06   1.0787046E+04   5.9000638E+05   6.6427326E+06   6.6427855E+06   0.0000000E+00   0.0000000E+00   0.0000000E+00   0.0000000E+00   0.0000000E+00
   2.1025982E-04   6.6421929E+06   6.6421929E+06   8.3189320E+06   1.0701025E+04   5.8748513E+05   6.6420949E+06   6.6421929E+06   0.0000000E+00   0.0000000E+00   0.0000000E+00   0.0000000E+00   0.0000000E+00
   2.3591540E-04   6.6414489E+06   6.6414489E+06   8.1840533E+06   1.0593857E+04   5.8438587E+05   6.6412944E+06   6.6414489E+06   0.0000000E+00   0.0000000E+00   0.0000000E+00   0.0000000E+00   0.0000000E+00
   2.6470143E-04   6.6405157E+06   6.6405157E+06   8.0172361E+06   1.0460709E+04   5.8060012E+05   6.6402903E+06   6.6405157E+06   0.0000000E+00   0.0000000E+00   0.0000000E+00   0.0000000E+00   0.0000000E+00
   2.9699989E-04   6.6393462E+06   6.6393462E+06   7.8118745E+06   1.0295845E+04   5.7601285E+05   6.6390322E+06   6.6393462E+06   0.0000000E+00   0.0000000E+00   0.0000000E+00   0.0000000E+00   0.0000000E+00
   3.3323936E-04   6.6378820E+06   6.6378820E+06   7.5605460E+06   1.0092593E+04   5.7051115E+05   6.6374574E+06   6.6378820E+06   0.0000000E+00   0.0000000E+00   0.0000000E+00   0.0000000E+00   0.0000000E+00
   3.7390071E-04   6.6360516E+06   6.6360516E+06   7.2552489E+06   9.8433777E+03   5.6399893E+05   6.6354892E+06   6.6360516E+06   0.0000000E+00   0.0000000E+00   0.0000000E+00   0.0000000E+00   0.0000000E+00
   4.1952349E-04   6.6337672E+06   6.6337672E+06   6.8878947E+06   9.5399001E+03   5.5641989E+05   6.6330337E+06   6.6337672E+06   0.0000000E+00   0.0000000E+00   0.0000000E+00   0.0000000E+00   0.0000000E+00
   4.7071310E-04   6.6309223E+06   6.6309223E+06   6.4511762E+06   9.1735466E+03   5.4779024E+05   6.6299771E+06   6.6309223E+06   0.0000000E+00   0.0000000E+00   0.0000000E+00   0.0000000E+00   0.0000000E+00
   5.2814879E-04   6.6273884E+06   6.6273884E+06   5.9399487E+06   8.7361266E+03   5.3824047E+05   6.6261822E+06   6.6273884E+06   0.0000000E+00   0.0000000E+00   0.0000000E+00   0.0000000E+00   0.0000000E+00
   5.9259269E-04   6.6230123E+06   6.6230123E+06   5.3532373E+06   8.2210705E+03   5.2806058E+05   6.6214862E+06   6.6230123E+06   0.0000000E+00   0.0000000E+00   0.0000000E+00   0.0000000E+00   0.0000000E+00
   6.6489993E-04   6.6176134E+06   6.6176134E+06   4.6968862E+06   7.6251900E+03   5.1773267E+05   6.6156979E+06   6.6176134E+06   0.0000000E+00   0.0000000E+00   0.0000000E+00   0.0000000E+00   0.0000000E+00
   7.4602999E-04   6.6109816E+06   6.6109816E+06   3.9866115E+06   6.9510216E+03   5.0791921E+05   6.6085961E+06   6.6109816E+06   0.0000000E+00   0.0000000E+00   0.0000000E+00   0.0000000E+00   0.0000000E+00
   8.3705942E-04   6.6028765E+06   6.6028765E+06   3.2507396E+06   6.2095583E+03   4.9935462E+05   6.5999298E+06   6.6028765E+06   0.0000000E+00   0.0000000E+00   0.0000000E+00   0.0000000E+00   0.0000000E+00
   9.3919611E-04   6.5930268E+06   6.5930268E+06   2.5311808E+06   5.4227732E+03   4.9257581E+05   6.5894188E+06   6.5930268E+06   0.0000000E+00   0.0000000E+00   0.0000000E+00   0.0000000E+00   0.0000000E+00
   1.0537954E-03   6.5811308E+06   6.5811308E+06   1.8803593E+06   4.6247466E+03   4.8745287E+05   6.5767565E+06   6.5811308E+06   0.0000000E+00   0.0000000E+00   0.0000000E+00   0.0000000E+00   0.0000000E+00
   1.1823779E-03   6.5668558E+06   6.5668558E+06   1.3515222E+06   3.8595756E+03   4.8260066E+05   6.5616115E+06   6.5668558E+06   0.0000000E+00   0.0000000E+00   0.0000000E+00   0.0000000E+00   0.0000000E+00
   1.3266498E-03   6.5498355E+06   6.5498355E+06   9.8139285E+05   3.1741207E+03   4.7501801E+05   6.5436275E+06   6.5498355E+06   0.0000000E+00   0.0000000E+00   0.0000000E+00   0.0000000E+00   0.0000000E+00
   1.4885255E-03   6.5296627E+06   6.5296627E+06   7.6921725E+05   2.6050295E+03   4.6065418E+05   6.5224187E+06   6.5296627E+06   0.0000000E+00   0.0000000E+00   0.0000000E+00   0.0000000E+00   0.0000000E+00
   1.6701531E-03   6.5058808E+06   6.5058808E+06   6.6501027E+05   2.1634694E+03   4.3664556E+05   6.4975606E+06   6.5058808E+06   0.0000000E+00   0.0000000E+00   0.0000000E+00   0.0000000E+00   0.0000000E+00
   1.8739426E-03   6.4779774E+06   6.4779774E+06   5.8622868E+05   1.8270144E+03   4.0483062E+05   6.4685809E+06   6.4779774E+06   0.0000000E+00   0.0000000E+00   0.0000000E+00   0.0000000E+00   0.0000000E+00
   2.1025982E-03   6.4453927E+06   6.4453927E+06   4.7064370E+05   1.5508592E+03   3.7332053E+05   6.4349591E+06   6.4453927E+06   0.0000000E+00   0.0000000E+00   0.0000000E+00   0.0000000E+00   0.0000000E+00
   2.3591540E-03   6.4075444E+06   6.4075444E+06   3.3085743E+05   1.2996790E+03   3.5096314E+05   6.3961397E+06   6.4075444E+06   0.0000000E+00   0.0000000E+00   0.0000000E+00   0.0000000E+00   0.0000000E+00
   2.6470143E-03   6.3638521E+06   6.3638521E+06   2.3515399E+05   1.0743518E+03   3.3597618E+05   6.3515472E+06   6.3638521E+06   0.0000000E+00   0.0000000E+00   0.0000000E+00   0.0000000E+00   0.0000000E+00
   2.9699989E-03   6.3137291E+06   6.3137291E+06   2.0144421E+05   8.9520531E+02   3.1573261E+05   6.3005770E+06   6.3137291E+06   0.0000000E+00   0.0000000E+00   0.0000000E+00   0.0000000E+00   0.0000000E+00
   3.3323936E-03   6.2565412E+06   6.2565412E+06   1.6386043E+05   7.5615880E+02   2.8881249E+05   6.2425702E+06   6.2565412E+06   0.0000000E+00   0.0000000E+00   0.0000000E+00   0.0000000E+00   0.0000000E+00
   3.7390071E-03   6.1915997E+06   6.1915997E+06   1.1247832E+05   6.3135297E+02   2.6884076E+05   6.1768271E+06   6.1915997E+06   0.0000000E+00   0.0000000E+00   0.0000000E+00   0.0000000E+00   0.0000000E+00
   4.1952349E-03   6.1181974E+06   6.1181974E+06   9.8551264E+04   5.2400713E+02   2.4817519E+05   6.1026520E+06   6.1181974E+06   0.0000000E+00   0.0000000E+00   0.0000000E+00   0.0000000E+00   0.0000000E+00
   4.7071310E-03   6.0356056E+06   6.0356056E+06   7.6992911E+04   4.3755723E+02   2.2147585E+05   6.0193398E+06   6.0356056E+06   0.0000000E+00   0.0000000E+00   0.0000000E+00   0.0000000E+00   0.0000000E+00
   5.2814879E-03   5.9430849E+06   5.9430849E+06   5.8802549E+04   3.6010938E+02   2.0253431E+05   5.9261820E+06   5.9430849E+06   0.0000000E+00   0.0000000E+00   0.0000000E+00   0.0000000E+00   0.0000000E+00
   5.9259269E-03   5.8399191E+06   5.8399191E+06   4.5638529E+04   2.9683489E+02   1.7918103E+05   5.8224860E+06   5.8399191E+06   0.0000000E+00   0.0000000E+00   0.0000000E+00   0.0000000E+00   0.0000000E+00
   6.6489993E-03   5.7253800E+06   5.7253800E+06   3.6469989E+04   2.4242586E+02   1.6166750E+05   5.7075063E+06   5.7253800E+06   0.0000000E+00   0.0000000E+00   0.0000000E+00   0.0000000E+00   0.0000000E+00
   7.4602999E-03   5.5987257E+06   5.5987257E+06   2.6186360E+04   1.9730764E+02   1.4197731E+05   5.5805019E+06   5.5987257E+06   0.0000000E+00   0.0000000E+00   0.0000000E+00   0.0000000E+00   0.0000000E+00
   8.3705942E-03   5.4592260E+06   5.4592260E+06   2.1333399E+04   1.5954361E+02   1.2333787E+05   5.4407954E+06   5.4592260E+06   0.0000000E+00   0.0000000E+00   0.0000000E+00   0.0000000E+00   0.0000000E+00
   9.3919611E-03   5.3061624E+06   5.3061624E+06   1.7047053E+04   1.2819774E+02   1.0742032E+05   5.2876382E+06   5.3061624E+06   0.0000000E+00   0.0000000E+00   0.0000000E+00   0.0000000E+00   0.0000000E+00
   1.0537954E-02   5.1388184E+06   5.1388184E+06   1.3377414E+04   1.0216432E+02   9.2837491E+04   5.1203354E+06   5.1388184E+06   0.0000000E+00   0.0000000E+00   0.0000000E+00   0.0000000E+00   0.0000000E+00
   1.1823779E-02   4.9565034E+06   4.9565034E+06   1.0044427E+04   8.0941309E+01   7.9202401E+04   4.9381932E+06   4.9565034E+06   0.0000000E+00   0.0000000E+00   0.0000000E+00   0.0000000E+00   0.0000000E+00
   1.3266498E-02   4.7585880E+06   4.7585880E+06   7.2589683E+03   6.3593458E+01   6.7253907E+04   4.7405901E+06   4.7585880E+06   0.0000000E+00   0.0000000E+00   0.0000000E+00   0.0000000E+00   0.0000000E+00
   1.4885255E-02   4.5445674E+06   4.5445674E+06   5.4030174E+03   4.9543816E+01   5.7102974E+04   4.5270145E+06   4.5445674E+06   0.0000000E+00   0.0000000E+00   0.0000000E+00   0.0000000E+00   0.0000000E+00
   1.6701531E-02   4.3141752E+06   4.3141752E+06   4.3551673E+03   3.8315060E+01   4.7229835E+04   4.2972046E+06   4.3141752E+06   0.0000000E+00   0.0000000E+00   0.0000000E+00   0.0000000E+00   0.0000000E+00
   1.8739426E-02   4.0675702E+06   4.0675702E+06   3.2239521E+03   2.9320919E+01   3.9465548E+04   4.0513113E+06   4.0675702E+06   0.0000000E+00   0.0000000E+00   0.0000000E+00   0.0000000E+00   0.0000000E+00
   2.1025981E-02   3.8056069E+06   3.8056069E+06   2.3284114E+03   2.2227214E+01   3.2399828E+04   3.7901821E+06   3.8056069E+06   0.0000000E+00   0.0000000E+00   0.0000000E+00   0.0000000E+00   0.0000000E+00
   2.3591515E-02   3.5302083E+06   3.5302083E+06   1.7702695E+03   1.6674405E+01   2.6298569E+04   3.5157261E+06   3.5302083E+06   0.0000000E+00   0.0000000E+00   0.0000000E+00   0.0000000E+00   0.0000000E+00
   2.6469777E-02   3.2448316E+06   3.2448316E+06   1.2481496E+03   1.2369939E+01   2.1061407E+04   3.2313810E+06   3.2448316E+06   0.0000000E+00   0.0000000E+00   0.0000000E+00   0.0000000E+00   0.0000000E+00
   2.9696307E-02   2.9550673E+06   2.9550673E+06   9.4189511E+02   9.0755380E+00   1.6951301E+04   2.9427086E+06   2.9550673E+06   0.0000000E+00   0.0000000E+00   0.0000000E+00   0.0000000E+00   0.0000000E+00
   3.3297505E-02   2.6695927E+06   2.6695927E+06   6.7743690E+02   6.6015697E+00   1.3514485E+04   2.6583432E+06   2.6695927E+06   0.0000000E+00   0.0000000E+00   0.0000000E+00   0.0000000E+00   0.0000000E+00
   3.7251094E-02   2.4015476E+06   2.4015476E+06   4.6894043E+02   4.7930643E+00   1.0747012E+04   2.3913638E+06   2.4015476E+06   0.0000000E+00   0.0000000E+00   0.0000000E+00   0.0000000E+00   0.0000000E+00
   4.1413906E-02   2.1678099E+06   2.1678099E+06   3.3917490E+02   3.5259652E+00   8.7950272E+03   2.1585706E+06   2.1678099E+06   0.0000000E+00   0.0000000E+00   0.0000000E+00   0.0000000E+00   0.0000000E+00
   4.5525600E-02   1.9806715E+06   1.9806715E+06   2.6772259E+02   2.6793911E+00   7.2747076E+03   1.9721968E+06   1.9806715E+06   0.0000000E+00   0.0000000E+00   0.0000000E+00   0.0000000E+00   0.0000000E+00
   4.9387658E-02   1.8383437E+06   1.8383437E+06   2.0279314E+02   2.1191805E+00   6.2536005E+03   1.8304549E+06   1.8383437E+06   0.0000000E+00   0.0000000E+00   0.0000000E+00   0.0000000E+00   0.0000000E+00
   5.2967249E-02   1.7295769E+06   1.7295769E+06   1.6729259E+02   1.7358728E+00   5.5334743E+03   1.7221382E+06   1.7295769E+06   0.0000000E+00   0.0000000E+00   0.0000000E+00   0.0000000E+00   0.0000000E+00
   5.6318195E-02   1.6431118E+06   1.6431118E+06   1.4478523E+02   1.4598865E+00   5.0083361E+03   1.6360325E+06   1.6431118E+06   0.0000000E+00   0.0000000E+00   0.0000000E+00   0.0000000E+00   0.0000000E+00
   5.9505773E-02   1.5708064E+06   1.5708064E+06   1.1899564E+02   1.2506376E+00   4.5988874E+03   1.5640288E+06   1.5708064E+06   0.0000000E+00   0.0000000E+00   0.0000000E+00   0.0000000E+00   0.0000000E+00
   6.2583763E-02   1.5072188E+06   1.5072188E+06   1.0425140E+02   1.0854606E+00   4.2148201E+03   1.5007076E+06   1.5072188E+06   0.0000000E+00   0.0000000E+00   0.0000000E+00   0.0000000E+00   0.0000000E+00
   6.5592900E-02   1.4487369E+06   1.4487369E+06   9.1667190E+01   9.5036516E-01   3.9406986E+03   1.4424718E+06   1.4487369E+06   0.0000000E+00   0.0000000E+00   0.0000000E+00   0.0000000E+00   0.0000000E+00
   6.8563812E-02   1.3929662E+06   1.3929662E+06   8.0367178E+01   8.3705051E-01   3.6428007E+03   1.3869367E+06   1.3929662E+06   0.0000000E+00   0.0000000E+00   0.0000000E+00   0.0000000E+00   0.0000000E+00
   7.1519949E-02   1.3383634E+06   1.3383634E+06   7.0494126E+01   7.3984821E-01   3.4270422E+03   1.3325656E+06   1.3383634E+06   0.0000000E+00   0.0000000E+00   0.0000000E+00   0.0000000E+00   0.0000000E+00
   7.4479741E-02   1.2840212E+06   1.2840212E+06   6.3591392E+01   6.5547080E-01   3.1767350E+03   1.2784547E+06   1.2840212E+06   0.0000000E+00   0.0000000E+00   0.0000000E+00   0.0000000E+00   0.0000000E+00
   7.7458096E-02   1.2295342E+06   1.2295342E+06   5.4492389E+01   5.8123240E-01   2.9892663E+03   1.2242005E+06   1.2295342E+06   0.0000000E+00   0.0000000E+00   0.0000000E+00   0.0000000E+00   0.0000000E+00
   8.0467419E-02   1.1749063E+06   1.1749063E+06   5.0307733E+01   5.1565528E-01   2.7712536E+03   1.1698064E+06   1.1749063E+06   0.0000000E+00   0.0000000E+00   0.0000000E+00   0.0000000E+00   0.0000000E+00
   8.3518315E-02   1.1204722E+06   1.1204722E+06   4.2730052E+01   4.5738701E-01   2.6040912E+03   1.1156060E+06   1.1204722E+06   0.0000000E+00   0.0000000E+00   0.0000000E+00   0.0000000E+00   0.0000000E+00
   8.6620078E-02   1.0668212E+06   1.0668212E+06   3.8733249E+01   4.0575561E-01   2.4117470E+03   1.0621856E+06   1.0668212E+06   0.0000000E+00   0.0000000E+00   0.0000000E+00   0.0000000E+00   0.0000000E+00
   8.9781043E-02   1.0147133E+06   1.0147133E+06   3.4769878E+01   3.5998130E-01   2.2648822E+03   1.0103020E+06   1.0147133E+06   0.0000000E+00   0.0000000E+00   0.0000000E+00   0.0000000E+00   0.0000000E+00
   9.3008836E-02   9.6498571E+05   9.6498571E+05   2.9280776E+01   3.1961125E-01   2.1098950E+03   9.6078880E+05   9.6498571E+05   0.0000000E+00   0.0000000E+00   0.0000000E+00   0.0000000E+00   0.0000000E+00
   9.6310557E-02   9.1845050E+05   9.1845050E+05   2.6771480E+01   2.8418174E-01   1.9666352E+03   9.1445436E+05   9.1845050E+05   0.0000000E+00   0.0000000E+00   0.0000000E+00   0.0000000E+00   0.0000000E+00
   9.9692920E-02   8.7578856E+05   8.7578856E+05   2.4566906E+01   2.5319624E-01   1.8481536E+03   8.7197661E+05   8.7578856E+05   0.0000000E+00   0.0000000E+00   0.0000000E+00   0.0000000E+00   0.0000000E+00
   1.0316235E-01   8.3744869E+05   8.3744869E+05   2.1983358E+01   2.2624550E-01   1.7442710E+03   8.3380234E+05   8.3744869E+05   0.0000000E+00   0.0000000E+00   0.0000000E+00   0.0000000E+00   0.0000000E+00
   1.0672508E-01   8.0356365E+05   8.0356365E+05   1.9630167E+01   2.0285090E-01   1.6506513E+03   8.0006368E+05   8.0356365E+05   0.0000000E+00   0.0000000E+00   0.0000000E+00   0.0000000E+00   0.0000000E+00
   1.1038719E-01   7.7389695E+05   7.7389695E+05   1.7742905E+01   1.8253363E-01   1.5666702E+03   7.7052516E+05   7.7389695E+05   0.0000000E+00   0.0000000E+00   0.0000000E+00   0.0000000E+00   0.0000000E+00
   1.1415464E-01   7.4783372E+05   7.4783372E+05   1.6007412E+01   1.6478983E-01   1.4900207E+03   7.4457455E+05   7.4783372E+05   0.0000000E+00   0.0000000E+00   0.0000000E+00   0.0000000E+00   0.0000000E+00
   1.1803337E-01   7.2442624E+05   7.2442624E+05   1.3966060E+01   1.4915314E-01   1.4234206E+03   7.2126822E+05   7.2442624E+05   0.0000000E+00   0.0000000E+00   0.0000000E+00   0.0000000E+00   0.0000000E+00
   1.2202924E-01   7.0249826E+05   7.0249826E+05   1.2595183E+01   1.3516475E-01   1.3695867E+03   6.9943505E+05   7.0249826E+05   0.0000000E+00   0.0000000E+00   0.0000000E+00   0.0000000E+00   0.0000000E+00
   1.2614813E-01   6.8080289E+05   6.8080289E+05   1.1836163E+01   1.2246883E-01   1.3084447E+03   6.7783357E+05   6.8080289E+05   0.0000000E+00   0.0000000E+00   0.0000000E+00   0.0000000E+00   0.0000000E+00
   1.3039588E-01   6.5821658E+05   6.5821658E+05   1.0289571E+01   1.1076964E-01   1.2545328E+03   6.5534513E+05   6.5821658E+05   0.0000000E+00   0.0000000E+00   0.0000000E+00   0.0000000E+00   0.0000000E+00
   1.3477839E-01   6.3393932E+05   6.3393932E+05   9.4591233E+00   9.9881325E-02   1.1913520E+03   6.3117319E+05   6.3393932E+05   0.0000000E+00   0.0000000E+00   0.0000000E+00   0.0000000E+00   0.0000000E+00
   1.3930154E-01   6.0766108E+05   6.0766108E+05   8.7114328E+00   8.9693712E-02   1.1333779E+03   6.0500909E+05   6.0766108E+05   0.0000000E+00   0.0000000E+00   0.0000000E+00   0.0000000E+00   0.0000000E+00
   1.4397127E-01   5.7965139E+05   5.7965139E+05   7.7004579E+00   8.0207162E-02   1.0725967E+03   5.7712116E+05   5.7965139E+05   0.0000000E+00   0.0000000E+00   0.0000000E+00   0.0000000E+00   0.0000000E+00
   1.4879354E-01   5.5073494E+05   5.5073494E+05   6.8362751E+00   7.1468524E-02   1.0100441E+03   5.4833051E+05   5.5073494E+05   0.0000000E+00   0.0000000E+00   0.0000000E+00   0.0000000E+00   0.0000000E+00
   1.5377436E-01   5.2213615E+05   5.2213615E+05   6.1302039E+00   6.3551073E-02   9.4836227E+02   5.1985620E+05   5.2213615E+05   0.0000000E+00   0.0000000E+00   0.0000000E+00   0.0000000E+00   0.0000000E+00
   1.5891980E-01   4.9520605E+05   4.9520605E+05   5.3137772E+00   5.6516785E-02   8.9032808E+02   4.9304335E+05   4.9520605E+05   0.0000000E+00   0.0000000E+00   0.0000000E+00   0.0000000E+00   0.0000000E+00
   1.6423597E-01   4.7108246E+05   4.7108246E+05   4.6937912E+00   5.0381048E-02   8.4318305E+02   4.6902482E+05   4.7108246E+05   0.0000000E+00   0.0000000E+00   0.0000000E+00   0.0000000E+00   0.0000000E+00
   1.6972907E-01   4.5036816E+05   4.5036816E+05   4.2180459E+00   4.5100340E-02   7.9807807E+02   4.4840072E+05   4.5036816E+05   0.0000000E+00   0.0000000E+00   0.0000000E+00   0.0000000E+00   0.0000000E+00
   1.7540537E-01   4.3292746E+05   4.3292746E+05   3.8874535E+00   4.0561116E-02   7.6285365E+02   4.3103597E+05   4.3292746E+05   0.0000000E+00   0.0000000E+00   0.0000000E+00   0.0000000E+00   0.0000000E+00
   1.8127124E-01   4.1788738E+05   4.1788738E+05   3.4949546E+00   3.6614874E-02   7.3234904E+02   4.1606137E+05   4.1788738E+05   0.0000000E+00   0.0000000E+00   0.0000000E+00   0.0000000E+00   0.0000000E+00
   1.8733317E-01   4.0387812E+05   4.0387812E+05   3.1642294E+00   3.3093641E-02   7.0328374E+02   4.0211312E+05   4.0387812E+05   0.0000000E+00   0.0000000E+00   0.0000000E+00   0.0000000E+00   0.0000000E+00
   1.9359780E-01   3.8946719E+05   3.8946719E+05   2.8585794E+00   2.9859001E-02   6.7338153E+02   3.8776498E+05   3.8946719E+05   0.0000000E+00   0.0000000E+00   0.0000000E+00   0.0000000E+00   0.0000000E+00
   2.0007191E-01   3.7365553E+05   3.7365553E+05   2.4865359E+00   2.6823889E-02   6.4257637E+02   3.7202226E+05   3.7365553E+05   0.0000000E+00   0.0000000E+00   0.0000000E+00   0.0000000E+00   0.0000000E+00
   2.0676253E-01   3.5624966E+05   3.5624966E+05   2.2951266E+00   2.3965024E-02   6.0961803E+02   3.5469232E+05   3.5624966E+05   0.0000000E+00   0.0000000E+00   0.0000000E+00   0.0000000E+00   0.0000000E+00
   2.1367691E-01   3.3793801E+05   3.3793801E+05   2.0114248E+00   2.1313616E-02   5.7596031E+02   3.3646059E+05   3.3793801E+05   0.0000000E+00   0.0000000E+00   0.0000000E+00   0.0000000E+00   0.0000000E+00
   2.2082260E-01   3.1999865E+05   3.1999865E+05   1.7787673E+00   1.8922228E-02   5.4277730E+02   3.1859953E+05   3.1999865E+05   0.0000000E+00   0.0000000E+00   0.0000000E+00   0.0000000E+00   0.0000000E+00
   2.2820753E-01   3.0372655E+05   3.0372655E+05   1.5964767E+00   1.6829677E-02   5.1276531E+02   3.0239847E+05   3.0372655E+05   0.0000000E+00   0.0000000E+00   0.0000000E+00   0.0000000E+00   0.0000000E+00
   2.3584002E-01   2.8982448E+05   2.8982448E+05   1.4159857E+00   1.5035883E-02   4.8669525E+02   2.8855710E+05   2.8982448E+05   0.0000000E+00   0.0000000E+00   0.0000000E+00   0.0000000E+00   0.0000000E+00
   2.4372892E-01   2.7806329E+05   2.7806329E+05   1.2674105E+00   1.3496554E-02   4.6569082E+02   2.7684725E+05   2.7806329E+05   0.0000000E+00   0.0000000E+00   0.0000000E+00   0.0000000E+00   0.0000000E+00
   2.5188366E-01   2.6741942E+05   2.6741942E+05   1.1282236E+00   1.2141912E-02   4.4598387E+02   2.6624985E+05   2.6741942E+05   0.0000000E+00   0.0000000E+00   0.0000000E+00   0.0000000E+00   0.0000000E+00
   2.6031438E-01   2.5665431E+05   2.5665431E+05   1.0168559E+00   1.0904894E-02   4.2653902E+02   2.5553175E+05   2.5665431E+05   0.0000000E+00   0.0000000E+00   0.0000000E+00   0.0000000E+00   0.0000000E+00
   2.6903201E-01   2.4502685E+05   2.4502685E+05   9.2088014E-01   9.7492693E-03   4.0593388E+02   2.4395509E+05   2.4502685E+05   0.0000000E+00   0.0000000E+00   0.0000000E+00   0.0000000E+00   0.0000000E+00
   2.7804846E-01   2.3270346E+05   2.3270346E+05   8.1217341E-01   8.6752485E-03   3.8404467E+02   2.3168555E+05   2.3270346E+05   0.0000000E+00   0.0000000E+00   0.0000000E+00   0.0000000E+00   0.0000000E+00
   2.8737676E-01   2.2057832E+05   2.2057832E+05   7.2892409E-01   7.7046028E-03   3.6303850E+02   2.1961339E+05   2.2057832E+05   0.0000000E+00   0.0000000E+00   0.0000000E+00   0.0000000E+00   0.0000000E+00
   2.9703121E-01   2.0959898E+05   2.0959898E+05   6.4810455E-01   6.8551239E-03   3.4400090E+02   2.0868203E+05   2.0959898E+05   0.0000000E+00   0.0000000E+00   0.0000000E+00   0.0000000E+00   0.0000000E+00
   3.0702767E-01   2.0006992E+05   2.0006992E+05   5.7205220E-01   6.1226481E-03   3.2750365E+02   1.9919462E+05   2.0006992E+05   0.0000000E+00   0.0000000E+00   0.0000000E+00   0.0000000E+00   0.0000000E+00
   3.1738376E-01   1.9146948E+05   1.9146948E+05   5.1731227E-01   5.4802362E-03   3.1267776E+02   1.9063177E+05   1.9146948E+05   0.0000000E+00   0.0000000E+00   0.0000000E+00   0.0000000E+00   0.0000000E+00
   3.2811919E-01   1.8293975E+05   1.8293975E+05   4.6255071E-01   4.8975111E-03   2.9810506E+02   1.8213932E+05   1.8293975E+05   0.0000000E+00   0.0000000E+00   0.0000000E+00   0.0000000E+00   0.0000000E+00
   3.3925612E-01   1.7403671E+05   1.7403671E+05   4.1039299E-01   4.3595425E-03   2.8290085E+02   1.7327521E+05   1.7403671E+05   0.0000000E+00   0.0000000E+00   0.0000000E+00   0.0000000E+00   0.0000000E+00
   3.5081960E-01   1.6506101E+05   1.6506101E+05   3.6375589E-01   3.8688730E-03   2.6779489E+02   1.6433875E+05   1.6506101E+05   0.0000000E+00   0.0000000E+00   0.0000000E+00   0.0000000E+00   0.0000000E+00
   3.6283813E-01   1.5665524E+05   1.5665524E+05   3.2280062E-01   3.4334501E-03   2.5366566E+02   1.5596975E+05   1.5665524E+05   0.0000000E+00   0.0000000E+00   0.0000000E+00   0.0000000E+00   0.0000000E+00
   3.7534429E-01   1.4908955E+05   1.4908955E+05   2.8668847E-01   3.0530394E-03   2.4089025E+02   1.4843714E+05   1.4908955E+05   0.0000000E+00   0.0000000E+00   0.0000000E+00   0.0000000E+00   0.0000000E+00
   3.8837561E-01   1.4201326E+05   1.4201326E+05   2.5570628E-01   2.7155076E-03   2.2912674E+02   1.4139180E+05   1.4201326E+05   0.0000000E+00   0.0000000E+00   0.0000000E+00   0.0000000E+00   0.0000000E+00
   4.0197555E-01   1.3493913E+05   1.3493913E+05   2.2581472E-01   2.4084726E-03   2.1732377E+02   1.3434861E+05   1.3493913E+05   0.0000000E+00   0.0000000E+00   0.0000000E+00   0.0000000E+00   0.0000000E+00
   4.1619488E-01   1.2783694E+05   1.2783694E+05   1.9988291E-01   2.1292987E-03   2.0555161E+02   1.2727749E+05   1.2783694E+05   0.0000000E+00   0.0000000E+00   0.0000000E+00   0.0000000E+00   0.0000000E+00
   4.3109333E-01   1.2106244E+05   1.2106244E+05   1.7613525E-01   1.8797621E-03   1.9437621E+02   1.2053262E+05   1.2106244E+05   0.0000000E+00   0.0000000E+00   0.0000000E+00   0.0000000E+00   0.0000000E+00
   4.4674183E-01   1.1476610E+05   1.1476610E+05   1.5556379E-01   1.6590434E-03   1.8401076E+02   1.1426382E+05   1.1476610E+05   0.0000000E+00   0.0000000E+00   0.0000000E+00   0.0000000E+00   0.0000000E+00
   4.6322541E-01   1.0869510E+05   1.0869510E+05   1.3707734E-01   1.4613811E-03   1.7403497E+02   1.0821938E+05   1.0869510E+05   0.0000000E+00   0.0000000E+00   0.0000000E+00   0.0000000E+00   0.0000000E+00
   4.8064713E-01   1.0266167E+05   1.0266167E+05   1.2038025E-01   1.2821763E-03   1.6416759E+02   1.0221234E+05   1.0266167E+05   0.0000000E+00   0.0000000E+00   0.0000000E+00   0.0000000E+00   0.0000000E+00
   4.9913337E-01   9.6812045E+04   9.6812045E+04   1.0523971E-01   1.1213129E-03   1.5462963E+02   9.6388313E+04   9.6812045E+04   0.0000000E+00   0.0000000E+00   0.0000000E+00   0.0000000E+00   0.0000000E+00
   5.1884122E-01   9.1236203E+04   9.1236203E+04   9.1739048E-02   9.7792072E-04   1.4554578E+02   9.0836868E+04   9.1236203E+04   0.0000000E+00   0.0000000E+00   0.0000000E+00   0.0000000E+00   0.0000000E+00
   5.3996884E-01   8.5777845E+04   8.5777845E+04   7.9675802E-02   8.4891247E-04   1.3668024E+02   8.5402394E+04   8.5777845E+04   0.0000000E+00   0.0000000E+00   0.0000000E+00   0.0000000E+00   0.0000000E+00
   5.6277036E-01   8.0401290E+04   8.0401290E+04   6.8747713E-02   7.3259059E-04   1.2798625E+02   8.0049366E+04   8.0401290E+04   0.0000000E+00   0.0000000E+00   0.0000000E+00   0.0000000E+00   0.0000000E+00
   5.8757766E-01   7.5174965E+04   7.5174965E+04   5.8966479E-02   6.2834570E-04   1.1954873E+02   7.4845911E+04   7.5174965E+04   0.0000000E+00   0.0000000E+00   0.0000000E+00   0.0000000E+00   0.0000000E+00
   6.1483300E-01   7.0014870E+04   7.0014870E+04   5.0144177E-02   5.3450528E-04   1.1122289E+02   6.9708397E+04   7.0014870E+04   0.0000000E+00   0.0000000E+00   0.0000000E+00   0.0000000E+00   0.0000000E+00
   6.4513854E-01   6.4900431E+04   6.4900431E+04   4.2223557E-02   4.5003402E-04   1.0300251E+02   6.4616341E+04   6.4900431E+04   0.0000000E+00   0.0000000E+00   0.0000000E+00   0.0000000E+00   0.0000000E+00
   6.7933255E-01   5.9813075E+04   5.9813075E+04   3.5094824E-02   3.7405811E-04   9.4835066E+01   5.9551249E+04   5.9813075E+04   0.0000000E+00   0.0000000E+00   0.0000000E+00   0.0000000E+00   0.0000000E+00
   7.1860640E-01   5.4702427E+04   5.4702427E+04   2.8684052E-02   3.0574236E-04   8.6643692E+01   5.4462969E+04   5.4702427E+04   0.0000000E+00   0.0000000E+00   0.0000000E+00   0.0000000E+00   0.0000000E+00
   7.6467725E-01   4.9537288E+04   4.9537288E+04   2.2938840E-02   2.4452015E-04   7.8393794E+01   4.9320437E+04   4.9537288E+04   0.0000000E+00   0.0000000E+00   0.0000000E+00   0.0000000E+00   0.0000000E+00
   8.2001011E-01   4.4285017E+04   4.4285017E+04   1.7832344E-02   1.9008874E-04   7.0028547E+01   4.4091155E+04   4.4285017E+04   0.0000000E+00   0.0000000E+00   0.0000000E+00   0.0000000E+00   0.0000000E+00
   8.8797992E-01   3.8945447E+04   3.8945447E+04   1.3373290E-02   1.4256055E-04   6.1528708E+01   3.8774957E+04   3.8945447E+04   0.0000000E+00   0.0000000E+00   0.0000000E+00   0.0000000E+00   0.0000000E+00
   9.7258139E-01   3.3597129E+04   3.3597129E+04   9.6168260E-03   1.0252239E-04   5.3033113E+01   3.3450050E+04   3.3597129E+04   0.0000000E+00   0.0000000E+00   0.0000000E+00   0.0000000E+00   0.0000000E+00
   1.0770764E+00   2.8437470E+04   2.8437470E+04   6.6370387E-03   7.0760627E-05   4.4849626E+01   2.8312977E+04   2.8437470E+04   0.0000000E+00   0.0000000E+00   0.0000000E+00   0.0000000E+00   0.0000000E+00
   1.2022367E+00   2.3732804E+04   2.3732804E+04   4.4456996E-03   4.7401189E-05   3.7405411E+01   2.3628905E+04   2.3732804E+04   0.0000000E+00   0.0000000E+00   0.0000000E+00   0.0000000E+00   0.0000000E+00
   1.3469739E+00   1.9660021E+04   1.9660021E+04   2.9336444E-03   3.1282544E-05   3.0967938E+01   1.9573951E+04   1.9660021E+04   0.0000000E+00   0.0000000E+00   0.0000000E+00   0.0000000E+00   0.0000000E+00
   1.5108961E+00   1.6234476E+04   1.6234476E+04   1.9256998E-03   2.0532317E-05   2.5559406E+01   1.6163403E+04   1.6234476E+04   0.0000000E+00   0.0000000E+00   0.0000000E+00   0.0000000E+00   0.0000000E+00
   1.6951854E+00   1.3384254E+04   1.3384254E+04   1.2610684E-03   1.3448131E-05   2.1065415E+01   1.3325659E+04   1.3384254E+04   0.0000000E+00   0.0000000E+00   0.0000000E+00   0.0000000E+00   0.0000000E+00
   1.9020220E+00   1.1021269E+04   1.1021269E+04   8.2483491E-04   8.7971436E-06   1.7340564E+01   1.0973018E+04   1.1021269E+04   0.0000000E+00   0.0000000E+00   0.0000000E+00   0.0000000E+00   0.0000000E+00
   2.1341032E+00   9.0656372E+03   9.0656372E+03   5.3892398E-04   5.7485323E-06   1.4260066E+01   9.0259480E+03   9.0656372E+03   0.0000000E+00   0.0000000E+00   0.0000000E+00   0.0000000E+00   0.0000000E+00
   2.3945031E+00   7.4493725E+03   7.4493725E+03   3.5175862E-04   3.7526595E-06   1.1715536E+01   7.4167592E+03   7.4493725E+03   0.0000000E+00   0.0000000E+00   0.0000000E+00   0.0000000E+00   0.0000000E+00
   2.6866767E+00   6.1152958E+03   6.1152958E+03   2.2935963E-04   2.4474452E-06   9.6164516E+00   6.0885230E+03   6.1152958E+03   0.0000000E+00   0.0000000E+00   0.0000000E+00   0.0000000E+00   0.0000000E+00
   3.0145009E+00   5.0154720E+03   5.0154720E+03   1.4943564E-04   1.5947977E-06   7.8858188E+00   4.9935142E+03   5.0154720E+03   0.0000000E+00   0.0000000E+00   0.0000000E+00   0.0000000E+00   0.0000000E+00
   3.3823256E+00   4.1098128E+03   4.1098128E+03   9.7249485E-05   1.0383271E-06   6.4610228E+00   4.0918200E+03   4.1098128E+03   0.0000000E+00   0.0000000E+00   0.0000000E+00   0.0000000E+00   0.0000000E+00
   3.7950317E+00   3.3648523E+03   3.3648523E+03   6.3258547E-05   6.7549988E-07   5.2895952E+00   3.3501209E+03   3.3648523E+03   0.0000000E+00   0.0000000E+00   0.0000000E+00   0.0000000E+00   0.0000000E+00
   4.2580956E+00   2.7527106E+03   2.7527106E+03   4.1112104E-05   4.3914813E-07   4.3269377E+00   2.7406592E+03   2.7527106E+03   0.0000000E+00   0.0000000E+00   0.0000000E+00   0.0000000E+00   0.0000000E+00
   4.7776619E+00   2.2502019E+03   2.2502019E+03   2.6691364E-05   2.8530369E-07   3.5369865E+00   2.2403504E+03   2.2502019E+03   0.0000000E+00   0.0000000E+00   0.0000000E+00   0.0000000E+00   0.0000000E+00
   5.3606248E+00   1.8380767E+03   1.8380767E+03   1.7317436E-05   1.8524653E-07   2.8889799E+00   1.8300295E+03   1.8380767E+03   0.0000000E+00   0.0000000E+00   0.0000000E+00   0.0000000E+00   0.0000000E+00
   6.0147200E+00   1.5003789E+03   1.5003789E+03   1.1229244E-05   1.2021551E-07   2.3581905E+00   1.4938102E+03   1.5003789E+03   0.0000000E+00   0.0000000E+00   0.0000000E+00   0.0000000E+00   0.0000000E+00
   6.7486268E+00   1.2239018E+03   1.2239018E+03   7.2752253E-06   7.7978393E-08   1.9236079E+00   1.2185435E+03   1.2239018E+03   0.0000000E+00   0.0000000E+00   0.0000000E+00   0.0000000E+00   0.0000000E+00
   7.5720838E+00   9.9772944E+02   9.9772944E+02   4.7116974E-06   5.0563130E-08   1.5680672E+00   9.9336134E+02   9.9772944E+02   0.0000000E+00   0.0000000E+00   0.0000000E+00   0.0000000E+00   0.0000000E+00
   8.4960178E+00   8.1285142E+02   8.1285142E+02   3.0493108E-06   3.2777604E-08   1.2774508E+00   8.0929272E+02   8.1285142E+02   0.0000000E+00   0.0000000E+00   0.0000000E+00   0.0000000E+00   0.0000000E+00
