#           k/h    CDM            baryon         photon         nu             mass_nu        total          no_nu          total_de       Weyl           v_CDM          v_b            v_b-v_c     
   1.0537954E-05   1.9408899E+07   1.9408899E+07   2.5865414E+07   1.2809038E+04   2.9779063E+07   1.9408905E+07   1.9408899E+07   0.0000000E+00   0.0000000E+00   0.0000000E+00   0.0000000E+00   0.0000000E+00
   1.1823779E-05   1.9408892E+07   1.9408892E+07   2.5862010E+07   1.2807954E+04   2.9777827E+07   1.9408898E+07   1.9408892E+07   0.0000000E+00   0.0000000E+00   0.0000000E+00   0.0000000E+00   0.0000000E+00
   1.3266498E-05   1.9408883E+07   1.9408883E+07   2.5857724E+07   1.2806588E+04   2.9776272E+07   1.9408889E+07   1.9408883E+07   0.0000000E+00   0.0000000E+00   0.0000000E+00   0.0000000E+00   0.0000000E+00
   1.4885255E-05   1.9408872E+07   1.9408872E+07   2.5852330E+07   1.2804869E+04   2.9774314E+07   1.9408878E+07   1.9408872E+07   0.0000000E+00   0.0000000E+00   0.0000000E+00   0.0000000E+00   0.0000000E+00
   1.6701531E-05   1.9408859E+07   1.9408859E+07   2.5845541E+07   1.2802705E+04   2.9771850E+07   1.9408864E+07   1.9408859E+07   0.0000000E+00   0.0000000E+00   0.0000000E+00   0.0000000E+00   0.0000000E+00
   1.8739426E-05   1.9408841E+07   1.9408841E+07   2.5836995E+07   1.2799982E+04   2.9768748E+07   1.9408846E+07   1.9408841E+07   0.0000000E+00   0.0000000E+00   0.0000000E+00   0.0000000E+00   0.0000000E+00
   2.1025982E-05   1.9408820E+07   1.9408820E+07   2.5826241E+07   1.2796555E+04   2.9764846E+07   1.9408823E+07   1.9408820E+07   0.0000000E+00   0.0000000E+00   0.0000000E+00   0.0000000E+00   0.0000000E+00
   2.3591540E-05   1.9408792E+07   1.9408792E+07   2.5812709E+07   1.2792241E+04   2.9759937E+07   1.9408795E+07   1.9408792E+07   0.0000000E+00   0.0000000E+00   0.0000000E+00   0.0000000E+00   0.0000000E+00
   2.6470143E-05   1.9408758E+07   1.9408758E+07   2.5795682E+07   1.2786813E+04   2.9753762E+07   1.9408759E+07   1.9408758E+07   0.0000000E+00   0.0000000E+00   0.0000000E+00   0.0000000E+00   0.0000000E+00
   2.9699989E-05   1.9408714E+07   1.9408714E+07   2.5774261E+07   1.2779983E+04   2.9745995E+07   1.9408714E+07   1.9408714E+07   0.0000000E+00   0.0000000E+00   0.0000000E+00   0.0000000E+00   0.0000000E+00
   3.3323936E-05   1.9408660E+07   1.9408660E+07   2.5747316E+07   1.2771391E+04   2.9736230E+07   1.9408657E+07   1.9408660E+07   0.0000000E+00   0.0000000E+00   0.0000000E+00   0.0000000E+00   0.0000000E+00
   3.7390071E-05   1.9408591E+07   1.9408591E+07   2.5713432E+07   1.2760583E+04   2.9723955E+07   1.9408585E+07   1.9408591E+07   0.0000000E+00   0.0000000E+00   0.0000000E+00   0.0000000E+00   0.0000000E+00
   4.1952349E-05   1.9408504E+07   1.9408504E+07   2.5670834E+07   1.2746990E+04   2.9708533E+07   1.9408495E+07   1.9408504E+07   0.0000000E+00   0.0000000E+00   0.0000000E+00   0.0000000E+00   0.0000000E+00
   4.7071310E-05   1.9408395E+07   1.9408395E+07   2.5617298E+07   1.2729901E+04   2.9689167E+07   1.9408382E+07   1.9408395E+07   0.0000000E+00   0.0000000E+00   0.0000000E+00   0.0000000E+00   0.0000000E+00
   5.2814879E-05   1.9408258E+07   1.9408258E+07   2.5550047E+07   1.2708423E+04   2.9664863E+07   1.9408240E+07   1.9408258E+07   0.0000000E+00   0.0000000E+00   0.0000000E+00   0.0000000E+00   0.0000000E+00
   5.9259269E-05   1.9408086E+07   1.9408086E+07   2.5465614E+07   1.2681441E+04   2.9634388E+07   1.9408060E+07   1.9408086E+07   0.0000000E+00   0.0000000E+00   0.0000000E+00   0.0000000E+00   0.0000000E+00
   6.6489993E-05   1.9407869E+07   1.9407869E+07   2.5359687E+07   1.2647564E+04   2.9596214E+07   1.9407835E+07   1.9407869E+07   0.0000000E+00   0.0000000E+00   0.0000000E+00   0.0000000E+00   0.0000000E+00
   7.4602999E-05   1.9407595E+07   1.9407595E+07   2.5226910E+07   1.2605057E+04   2.9548459E+07   1.9407551E+07   1.9407595E+07   0.0000000E+00   0.0000000E+00   0.0000000E+00   0.0000000E+00   0.0000000E+00
   8.3705942E-05   1.9407252E+07   1.9407252E+07   2.5060669E+07   1.2551769E+04   2.9488816E+07   1.9407194E+07   1.9407252E+07   0.0000000E+00   0.0000000E+00   0.0000000E+00   0.0000000E+00   0.0000000E+00
   9.3919611E-05   1.9406820E+07   1.9406820E+07   2.4852822E+07   1.2485039E+04   2.9414481E+07   1.9406745E+07   1.9406820E+07   0.0000000E+00   0.0000000E+00   0.0000000E+00   0.0000000E+00   0.0000000E+00
   1.0537954E-04   1.9406277E+07   1.9406277E+07   2.4593426E+07   1.2401592E+04   2.9322078E+07   1.9406181E+07   1.9406277E+07   0.0000000E+00   0.0000000E+00   0.0000000E+00   0.0000000E+00   0.0000000E+00
   1.1823779E-04   1.9405595E+07   1.9405595E+07   2.4270426E+07   1.2297420E+04   2.9207596E+07   1.9405472E+07   1.9405595E+07   0.0000000E+00   0.0000000E+00   0.0000000E+00   0.0000000E+00   0.0000000E+00
   1.3266498E-04   1.9404739E+07   1.9404739E+07   2.3869377E+07   1.2167661E+04   2.9066356E+07   1.9404582E+07   1.9404739E+07   0.0000000E+00   0.0000000E+00   0.0000000E+00   0.0000000E+00   0.0000000E+00
   1.4885255E-04   1.9403664E+07   1.9403664E+07   2.3373213E+07   1.2006476E+04   2.8893029E+07   1.9403465E+07   1.9403664E+07   0.0000000E+00   0.0000000E+00   0.0000000E+00   0.0000000E+00   0.0000000E+00
   1.6701531E-04   1.9402316E+07   1.9402316E+07   2.2762177E+07   1.1806950E+04   2.8681765E+07   1.9402063E+07   1.9402316E+07   0.0000000E+00   0.0000000E+00   0.0000000E+00   0.0000000E+00   0.0000000E+00
   1.8739426E-04   1.9400627E+07   1.9400627E+07   2.2014011E+07   1.1561046E+04   2.8426475E+07   1.9400307E+07   1.9400627E+07   0.0000000E+00   0.0000000E+00   0.0000000E+00   0.0000000E+00   0.0000000E+00
   2.1025982E-04   1.9398513E+07   1.9398513E+07   2.1104634E+07   1.1259660E+04   2.8121372E+07   1.9398109E+07   1.9398513E+07   0.0000000E+00   0.0000000E+00   0.0000000E+00   0.0000000E+00   0.0000000E+00
   2.3591540E-04   1.9395871E+07   1.9395871E+07   2.0009555E+07   1.0892855E+04   2.7761867E+07   1.9395363E+07   1.9395871E+07   0.0000000E+00   0.0000000E+00   0.0000000E+00   0.0000000E+00   0.0000000E+00
   2.6470143E-04   1.9392575E+07   1.9392575E+07   1.8706398E+07   1.0450373E+04   2.7345937E+07   1.9391936E+07   1.9392575E+07   0.0000000E+00   0.0000000E+00   0.0000000E+00   0.0000000E+00   0.0000000E+00
   2.9699989E-04   1.9388473E+07   1.9388473E+07   1.7178937E+07   9.9225583E+03   2.6876034E+07   1.9387670E+07   1.9388473E+07   0.0000000E+00   0.0000000E+00   0.0000000E+00   0.0000000E+00   0.0000000E+00
   3.3323936E-04   1.9383379E+07   1.9383379E+07   1.5423007E+07   9.3018498E+03   2.6361473E+07   1.9382372E+07   1.9383379E+07   0.0000000E+00   0.0000000E+00   0.0000000E+00   0.0000000E+00   0.0000000E+00
   3.7390071E-04   1.9377074E+07   1.9377074E+07   1.3454360E+07   8.5849675E+03   2.5820925E+07   1.9375812E+07   1.9377074E+07   0.0000000E+00   0.0000000E+00   0.0000000E+00   0.0000000E+00   0.0000000E+00
   4.1952349E-04   1.9369295E+07   1.9369295E+07   1.1317837E+07   7.7758138E+03   2.5284119E+07   1.9367718E+07   1.9369295E+07   0.0000000E+00   0.0000000E+00   0.0000000E+00   0.0000000E+00   0.0000000E+00
   4.7071310E-04   1.9359737E+07   1.9359737E+07   9.0958303E+06   6.8888498E+03   2.4791015E+07   1.9357772E+07   1.9359737E+07   0.0000000E+00   0.0000000E+00   0.0000000E+00   0.0000000E+00   0.0000000E+00
   5.2814879E-04   1.9348043E+07   1.9348043E+07   6.9118965E+06   5.9522008E+03   2.4385896E+07   1.9345600E+07   1.9348043E+07   0.0000000E+00   0.0000000E+00   0.0000000E+00   0.0000000E+00   0.0000000E+00
   5.9259269E-04   1.9333800E+07   1.9333800E+07   4.9228831E+06   5.0090096E+03   2.4103744E+07   1.9330774E+07   1.9333800E+07   0.0000000E+00   0.0000000E+00   0.0000000E+00   0.0000000E+00   0.0000000E+00
   6.6489993E-04   1.9316530E+07   1.9316530E+07   3.2918957E+06   4.1147627E+03   2.3948577E+07   1.9312798E+07   1.9316530E+07   0.0000000E+00   0.0000000E+00   0.0000000E+00   0.0000000E+00   0.0000000E+00
   7.4602999E-04   1.9295676E+07   1.9295676E+07   2.1384943E+06   3.3281402E+03   2.3870384E+07   1.9291097E+07   1.9295676E+07   0.0000000E+00   0.0000000E+00   0.0000000E+00   0.0000000E+00   0.0000000E+00
   8.3705942E-04   1.9270582E+07   1.9270582E+07   1.4767138E+06   2.6946269E+03   2.3759060E+07   1.9264998E+07   1.9270582E+07   0.0000000E+00   0.0000000E+00   0.0000000E+00   0.0000000E+00   0.0000000E+00
   9.3919611E-04   1.9240471E+07   1.9240471E+07   1.1765645E+06   2.2270650E+03   2.3482269E+07   1.9233711E+07   1.9240471E+07   0.0000000E+00   0.0000000E+00   0.0000000E+00   0.0000000E+00   0.0000000E+00
   1.0537954E-03   1.9204426E+07   1.9204426E+07   1.0043018E+06   1.8948681E+03   2.2976542E+07   1.9196314E+07   1.9204426E+07   0.0000000E+00   0.0000000E+00   0.0000000E+00   0.0000000E+00   0.0000000E+00
   1.1823779E-03   1.9161394E+07   1.9161394E+07   7.6728318E+05   1.6373340E+03   2.2332861E+07   1.9151757E+07   1.9161394E+07   0.0000000E+00   0.0000000E+00   0.0000000E+00   0.0000000E+00   0.0000000E+00
   1.3266498E-03   1.9110210E+07   1.9110210E+07   4.7214469E+05   1.4036120E+03   2.1739976E+07   1.9098892E+07   1.9110210E+07   0.0000000E+00   0.0000000E+00   0.0000000E+00   0.0000000E+00   0.0000000E+00
   1.4885255E-03   1.9049635E+07   1.9049635E+07   2.8637101E+05   1.1884690E+03   2.1239931E+07   1.9036505E+07   1.9049635E+07   0.0000000E+00   0.0000000E+00   0.0000000E+00   0.0000000E+00   0.0000000E+00
   1.6701531E-03   1.8978353E+07   1.8978353E+07   2.5442563E+05   1.0156554E+03   2.0620867E+07   1.8963316E+07   1.8978353E+07   0.0000000E+00   0.0000000E+00   0.0000000E+00   0.0000000E+00   0.0000000E+00
   1.8739426E-03   1.8894940E+07   1.8894940E+07   1.9748868E+05   8.8220123E+02   1.9817749E+07   1.8877936E+07   1.8894940E+07   0.0000000E+00   0.0000000E+00   0.0000000E+00   0.0000000E+00   0.0000000E+00
   2.1025982E-03   1.8797874E+07   1.8797874E+07   8.8666020E+04   7.6096319E+02   1.9116160E+07   1.8778864E+07   1.8797874E+07   0.0000000E+00   0.0000000E+00   0.0000000E+00   0.0000000E+00   0.0000000E+00
   2.3591540E-03   1.8685569E+07   1.8685569E+07   7.8776264E+04   6.5631583E+02   1.8424038E+07   1.8664516E+07   1.8685569E+07   0.0000000E+00   0.0000000E+00   0.0000000E+00   0.0000000E+00   0.0000000E+00
   2.6470143E-03   1.8556348E+07   1.8556348E+07   5.4963838E+04   5.7306619E+02   1.7552444E+07   1.8533202E+07   1.8556348E+07   0.0000000E+00   0.0000000E+00   0.0000000E+00   0.0000000E+00   0.0000000E+00
   2.9699989E-03   1.8408421E+07   1.8408421E+07   3.0698750E+04   4.9697306E+02   1.6757524E+07   1.8383118E+07   1.8408421E+07   0.0000000E+00   0.0000000E+00   0.0000000E+00   0.0000000E+00   0.0000000E+00
   3.3323936E-03   1.8239906E+07   1.8239906E+07   1.9998219E+04   4.3252558E+02   1.5827030E+07   1.8212388E+07   1.8239906E+07   0.0000000E+00   0.0000000E+00   0.0000000E+00   0.0000000E+00   0.0000000E+00
   3.7390071E-03   1.8048818E+07   1.8048818E+07   1.6941219E+04   3.7419116E+02   1.4922856E+07   1.8019044E+07   1.8048818E+07   0.0000000E+00   0.0000000E+00   0.0000000E+00   0.0000000E+00   0.0000000E+00
   4.1952349E-03   1.7833088E+07   1.7833088E+07   3.3597446E+03   3.2339732E+02   1.3939571E+07   1.7801049E+07   1.7833088E+07   0.0000000E+00   0.0000000E+00   0.0000000E+00   0.0000000E+00   0.0000000E+00
   4.7071310E-03   1.7590605E+07   1.7590605E+07   3.9818922E+03   2.7810390E+02   1.2930837E+07   1.7556352E+07   1.7590605E+07   0.0000000E+00   0.0000000E+00   0.0000000E+00   0.0000000E+00   0.0000000E+00
   5.2814879E-03   1.7319290E+07   1.7319290E+07   3.0158910E+03   2.3771309E+02   1.1939002E+07   1.7282949E+07   1.7319290E+07   0.0000000E+00   0.0000000E+00   0.0000000E+00   0.0000000E+00   0.0000000E+00
   5.9259269E-03   1.7017073E+07   1.7017073E+07   2.0854855E+03   2.0239694E+02   1.0941646E+07   1.6978767E+07   1.7017073E+07   0.0000000E+00   0.0000000E+00   0.0000000E+00   0.0000000E+00   0.0000000E+00
   6.6489993E-03   1.6681813E+07   1.6681813E+07   6.1506811E+02   1.7114556E+02   9.9422571E+06   1.6641688E+07   1.6681813E+07   0.0000000E+00   0.0000000E+00   0.0000000E+00   0.0000000E+00   0.0000000E+00
   7.4602999E-03   1.6311363E+07   1.6311363E+07   -1.1288769E+03   1.4371906E+02   8.9715327E+06   1.6269663E+07   1.6311363E+07   0.0000000E+00   0.0000000E+00   0.0000000E+00   0.0000000E+00   0.0000000E+00
   8.3705942E-03   1.5903649E+07   1.5903649E+07   -9.7256626E+02   1.1986575E+02   8.0351014E+06   1.5860625E+07   1.5903649E+07   0.0000000E+00   0.0000000E+00   0.0000000E+00   0.0000000E+00   0.0000000E+00
   9.3919611E-03   1.5456558E+07   1.5456558E+07   -6.6922247E+02   9.9233767E+01   7.1168985E+06   1.5412505E+07   1.5456558E+07   0.0000000E+00   0.0000000E+00   0.0000000E+00   0.0000000E+00   0.0000000E+00
   1.0537954E-02   1.4968019E+07   1.4968019E+07   -4.4581437E+02   8.1471534E+01   6.2609967E+06   1.4923271E+07   1.4968019E+07   0.0000000E+00   0.0000000E+00   0.0000000E+00   0.0000000E+00   0.0000000E+00
   1.1823779E-02   1.4436023E+07   1.4436023E+07   -5.7883173E+02   6.6310918E+01   5.4510163E+06   1.4390938E+07   1.4436023E+07   0.0000000E+00   0.0000000E+00   0.0000000E+00   0.0000000E+00   0.0000000E+00
   1.3266498E-02   1.3858742E+07   1.3858742E+07   -4.2047159E+02   5.3501960E+01   4.6955625E+06   1.3813706E+07   1.3858742E+07   0.0000000E+00   0.0000000E+00   0.0000000E+00   0.0000000E+00   0.0000000E+00
   1.4885255E-02   1.3234699E+07   1.3234699E+07   -5.1242257E+02   4.2752037E+01   4.0009744E+06   1.3190119E+07   1.3234699E+07   0.0000000E+00   0.0000000E+00   0.0000000E+00   0.0000000E+00   0.0000000E+00
   1.6701531E-02   1.2563119E+07   1.2563119E+07   -3.1486450E+02   3.3808132E+01   3.3745222E+06   1.2519410E+07   1.2563119E+07   0.0000000E+00   0.0000000E+00   0.0000000E+00   0.0000000E+00   0.0000000E+00
   1.8739426E-02   1.1844457E+07   1.1844457E+07   -2.7408985E+02   2.6447339E+01   2.8103538E+06   1.1802034E+07   1.1844457E+07   0.0000000E+00   0.0000000E+00   0.0000000E+00   0.0000000E+00   0.0000000E+00
   2.1025981E-02   1.1081195E+07   1.1081195E+07   -2.6738578E+02   2.0450090E+01   2.3106354E+06   1.1040463E+07   1.1081195E+07   0.0000000E+00   0.0000000E+00   0.0000000E+00   0.0000000E+00   0.0000000E+00
   2.3591515E-02   1.0278922E+07   1.0278922E+07   -2.0427031E+02   1.5620771E+01   1.8739940E+06   1.0240258E+07   1.0278922E+07   0.0000000E+00   0.0000000E+00   0.0000000E+00   0.0000000E+00   0.0000000E+00
   2.6469777E-02   9.4476939E+06   9.4476939E+06   -1.5586418E+02   1.1780745E+01   1.4997320E+06   9.4114262E+06   9.4476939E+06   0.0000000E+00   0.0000000E+00   0.0000000E+00   0.0000000E+00   0.0000000E+00
   2.9696307E-02   8.6037777E+06   8.6037777E+06   -1.2756399E+02   8.7763164E+00   1.1826674E+06   8.5701527E+06   8.6037777E+06   0.0000000E+00   0.0000000E+00   0.0000000E+00   0.0000000E+00   0.0000000E+00
   3.3297505E-02   7.7724258E+06   7.7724258E+06   -7.5453814E+01   6.4714046E+00   9.2270971E+05   7.7415712E+06   7.7724258E+06   0.0000000E+00   0.0000000E+00   0.0000000E+00   0.0000000E+00   0.0000000E+00
   3.7251094E-02   6.9918821E+06   6.9918821E+06   -6.6313269E+01   4.7573488E+00   7.1555752E+05   6.9637517E+06   6.9918821E+06   0.0000000E+00   0.0000000E+00   0.0000000E+00   0.0000000E+00   0.0000000E+00
   4.1413906E-02   6.3112738E+06   6.3112738E+06   -3.8295716E+01   3.5402622E+00   5.5947295E+05   6.2855992E+06   6.3112738E+06   0.0000000E+00   0.0000000E+00   0.0000000E+00   0.0000000E+00   0.0000000E+00
   4.5525600E-02   5.7663738E+06   5.7663738E+06   -2.6390689E+01   2.7166750E+00   4.4820300E+05   5.7427106E+06   5.7663738E+06   0.0000000E+00   0.0000000E+00   0.0000000E+00   0.0000000E+00   0.0000000E+00
   4.9387658E-02   5.3519602E+06   5.3519602E+06   -3.0849299E+01   2.1669328E+00   3.7104822E+05   5.3298503E+06   5.3519602E+06   0.0000000E+00   0.0000000E+00   0.0000000E+00   0.0000000E+00   0.0000000E+00
   5.2967249E-02   5.0352706E+06   5.0352706E+06   -1.8813302E+01   1.7880800E+00   3.1573815E+05   5.0143607E+06   5.0352706E+06   0.0000000E+00   0.0000000E+00   0.0000000E+00   0.0000000E+00   0.0000000E+00
   5.6318195E-02   4.7835191E+06   4.7835191E+06   -1.7030750E+01   1.5131742E+00   2.7454006E+05   4.7635715E+06   4.7835191E+06   0.0000000E+00   0.0000000E+00   0.0000000E+00   0.0000000E+00   0.0000000E+00
   5.9505773E-02   4.5729975E+06   4.5729975E+06   -1.6409352E+01   1.3033818E+00   2.4233580E+05   4.5538618E+06   4.5729975E+06   0.0000000E+00   0.0000000E+00   0.0000000E+00   0.0000000E+00   0.0000000E+00
   6.2583763E-02   4.3878606E+06   4.3878606E+06   -1.5752191E+01   1.1363720E+00   2.1583035E+05   4.3694455E+06   4.3878606E+06   0.0000000E+00   0.0000000E+00   0.0000000E+00   0.0000000E+00   0.0000000E+00
   6.5592900E-02   4.2175913E+06   4.2175913E+06   -1.1128592E+01   9.9881953E-01   1.9367280E+05   4.1998454E+06   4.2175913E+06   0.0000000E+00   0.0000000E+00   0.0000000E+00   0.0000000E+00   0.0000000E+00
   6.8563812E-02   4.0552179E+06   4.0552179E+06   -1.2453029E+01   8.8254615E-01   1.7423016E+05   4.0381165E+06   4.0552179E+06   0.0000000E+00   0.0000000E+00   0.0000000E+00   0.0000000E+00   0.0000000E+00
   7.1519949E-02   3.8962470E+06   3.8962470E+06   -1.0160584E+01   7.8221849E-01   1.5745108E+05   3.8797827E+06   3.8962470E+06   0.0000000E+00   0.0000000E+00   0.0000000E+00   0.0000000E+00   0.0000000E+00
   7.4479741E-02   3.7380364E+06   3.7380364E+06   -7.4145502E+00   6.9444455E-01   1.4195273E+05   3.7222116E+06   3.7380364E+06   0.0000000E+00   0.0000000E+00   0.0000000E+00   0.0000000E+00   0.0000000E+00
   7.7458096E-02   3.5794061E+06   3.5794061E+06   -9.6248637E+00   6.1686144E-01   1.2827622E+05   3.5642276E+06   3.5794061E+06   0.0000000E+00   0.0000000E+00   0.0000000E+00   0.0000000E+00   0.0000000E+00
   8.0467419E-02   3.4203669E+06   3.4203669E+06   -5.5332424E+00   5.4790819E-01   1.1575611E+05   3.4058404E+06   3.4203669E+06   0.0000000E+00   0.0000000E+00   0.0000000E+00   0.0000000E+00   0.0000000E+00
   8.3518315E-02   3.2618931E+06   3.2618931E+06   -7.4067150E+00   4.8650716E-01   1.0434858E+05   3.2480200E+06   3.2618931E+06   0.0000000E+00   0.0000000E+00   0.0000000E+00   0.0000000E+00   0.0000000E+00
   8.6620078E-02   3.1057000E+06   3.1057000E+06   -4.7074378E+00   4.3185802E-01   9.4001498E+04   3.0924738E+06   3.1057000E+06   0.0000000E+00   0.0000000E+00   0.0000000E+00   0.0000000E+00   0.0000000E+00
   8.9781043E-02   2.9540001E+06   2.9540001E+06   -4.9112720E+00   3.8338079E-01   8.4785541E+04   2.9414045E+06   2.9540001E+06   0.0000000E+00   0.0000000E+00   0.0000000E+00   0.0000000E+00   0.0000000E+00
   9.3008836E-02   2.8092304E+06   2.8092304E+06   -4.7679909E+00   3.4058344E-01   7.6389727E+04   2.7972385E+06   2.8092304E+06   0.0000000E+00   0.0000000E+00   0.0000000E+00   0.0000000E+00   0.0000000E+00
   9.6310557E-02   2.6737551E+06   2.6737551E+06   -4.0476739E+00   3.0302291E-01   6.8950945E+04   2.6623292E+06   2.6737551E+06   0.0000000E+00   0.0000000E+00   0.0000000E+00   0.0000000E+00   0.0000000E+00
   9.9692920E-02   2.5495561E+06   2.5495561E+06   -3.5211336E+00   2.7024395E-01   6.2409671E+04   2.5386500E+06   2.5495561E+06   0.0000000E+00   0.0000000E+00   0.0000000E+00   0.0000000E+00   0.0000000E+00
   1.0316235E-01   2.4379398E+06   2.4379398E+06   -3.0059668E+00   2.4178415E-01   5.6672624E+04   2.4275013E+06   2.4379398E+06   0.0000000E+00   0.0000000E+00   0.0000000E+00   0.0000000E+00   0.0000000E+00
   1.0672508E-01   2.3392926E+06   2.3392926E+06   -2.6205507E+00   2.1713249E-01   5.1628688E+04   2.3292676E+06   2.3392926E+06   0.0000000E+00   0.0000000E+00   0.0000000E+00   0.0000000E+00   0.0000000E+00
   1.1038719E-01   2.2529260E+06   2.2529260E+06   -2.7513806E+00   1.9575682E-01   4.7262418E+04   2.2432630E+06   2.2529260E+06   0.0000000E+00   0.0000000E+00   0.0000000E+00   0.0000000E+00   0.0000000E+00
   1.1415464E-01   2.1770500E+06   2.1770500E+06   -2.0536599E+00   1.7711400E-01   4.3399785E+04   2.1677051E+06   2.1770500E+06   0.0000000E+00   0.0000000E+00   0.0000000E+00   0.0000000E+00   0.0000000E+00
   1.1803337E-01   2.1089055E+06   2.1089055E+06   -2.0036505E+00   1.6066557E-01   4.0010722E+04   2.0998463E+06   2.1089055E+06   0.0000000E+00   0.0000000E+00   0.0000000E+00   0.0000000E+00   0.0000000E+00
   1.2202924E-01   2.0450683E+06   2.0450683E+06   -1.9456025E+00   1.4592599E-01   3.6903622E+04   2.0362772E+06   2.0450683E+06   0.0000000E+00   0.0000000E+00   0.0000000E+00   0.0000000E+00   0.0000000E+00
   1.2614813E-01   1.9819085E+06   1.9819085E+06   -1.6519686E+00   1.3247815E-01   3.4026905E+04   1.9733831E+06   1.9819085E+06   0.0000000E+00   0.0000000E+00   0.0000000E+00   0.0000000E+00   0.0000000E+00
   1.3039588E-01   1.9161552E+06   1.9161552E+06   -1.3874645E+00   1.2000969E-01   3.1273562E+04   1.9079075E+06   1.9161552E+06   0.0000000E+00   0.0000000E+00   0.0000000E+00   0.0000000E+00   0.0000000E+00
   1.3477839E-01   1.8454795E+06   1.8454795E+06   -1.5307316E+00   1.0831859E-01   2.8689191E+04   1.8375313E+06   1.8454795E+06   0.0000000E+00   0.0000000E+00   0.0000000E+00   0.0000000E+00   0.0000000E+00
   1.3930154E-01   1.7689789E+06   1.7689789E+06   -1.2732900E+00   9.7320307E-02   2.6164310E+04   1.7613558E+06   1.7689789E+06   0.0000000E+00   0.0000000E+00   0.0000000E+00   0.0000000E+00   0.0000000E+00
   1.4397127E-01   1.6874379E+06   1.6874379E+06   -1.1595663E+00   8.7027468E-02   2.3771524E+04   1.6801624E+06   1.6874379E+06   0.0000000E+00   0.0000000E+00   0.0000000E+00   0.0000000E+00   0.0000000E+00
   1.4879354E-01   1.6032575E+06   1.6032575E+06   -1.0881844E+00   7.7520091E-02   2.1528534E+04   1.5963414E+06   1.6032575E+06   0.0000000E+00   0.0000000E+00   0.0000000E+00   0.0000000E+00   0.0000000E+00
   1.5377436E-01   1.5200020E+06   1.5200020E+06   -7.8683961E-01   6.8903606E-02   1.9452487E+04   1.5134419E+06   1.5200020E+06   0.0000000E+00   0.0000000E+00   0.0000000E+00   0.0000000E+00   0.0000000E+00
   1.5891980E-01   1.4416043E+06   1.4416043E+06   -8.7818338E-01   6.1262201E-02   1.7590144E+04   1.4353798E+06   1.4416043E+06   0.0000000E+00   0.0000000E+00   0.0000000E+00   0.0000000E+00   0.0000000E+00
   1.6423597E-01   1.3713769E+06   1.3713769E+06   -7.9935188E-01   5.4623085E-02   1.5946937E+04   1.3654531E+06   1.3713769E+06   0.0000000E+00   0.0000000E+00   0.0000000E+00   0.0000000E+00   0.0000000E+00
   1.6972907E-01   1.3110745E+06   1.3110745E+06   -6.8235295E-01   4.8936064E-02   1.4553793E+04   1.3054088E+06   1.3110745E+06   0.0000000E+00   0.0000000E+00   0.0000000E+00   0.0000000E+00   0.0000000E+00
   1.7540537E-01   1.2603020E+06   1.2603020E+06   -5.2507729E-01   4.4072409E-02   1.3336737E+04   1.2548537E+06   1.2603020E+06   0.0000000E+00   0.0000000E+00   0.0000000E+00   0.0000000E+00   0.0000000E+00
   1.8127124E-01   1.2165181E+06   1.2165181E+06   -4.9632795E-01   3.9850986E-02   1.2296202E+04   1.2112571E+06   1.2165181E+06   0.0000000E+00   0.0000000E+00   0.0000000E+00   0.0000000E+00   0.0000000E+00
   1.8733317E-01   1.1757350E+06   1.1757350E+06   -4.3435237E-01   3.6078357E-02   1.1347780E+04   1.1706486E+06   1.1757350E+06   0.0000000E+00   0.0000000E+00   0.0000000E+00   0.0000000E+00   0.0000000E+00
   1.9359780E-01   1.1337827E+06   1.1337827E+06   -4.2471926E-01   3.2592304E-02   1.0446641E+04   1.1288762E+06   1.1337827E+06   0.0000000E+00   0.0000000E+00   0.0000000E+00   0.0000000E+00   0.0000000E+00
   2.0007191E-01   1.0877528E+06   1.0877528E+06   -3.6065318E-01   2.9296843E-02   9.5912732E+03   1.0830441E+06   1.0877528E+06   0.0000000E+00   0.0000000E+00   0.0000000E+00   0.0000000E+00   0.0000000E+00
   2.0676253E-01   1.0370820E+06   1.0370820E+06   -3.3682283E-01   2.6174107E-02   8.7461626E+03   1.0325913E+06   1.0370820E+06   0.0000000E+00   0.0000000E+00   0.0000000E+00   0.0000000E+00   0.0000000E+00
   2.1367691E-01   9.8377444E+05   9.8377444E+05   -2.8888747E-01   2.3268071E-02   7.9354366E+03   9.7951343E+05   9.8377444E+05   0.0000000E+00   0.0000000E+00   0.0000000E+00   0.0000000E+00   0.0000000E+00
   2.2082260E-01   9.3155070E+05   9.3155070E+05   -2.6971940E-01   2.0647381E-02   7.1942689E+03   9.2751484E+05   9.3155070E+05   0.0000000E+00   0.0000000E+00   0.0000000E+00   0.0000000E+00   0.0000000E+00
   2.2820753E-01   8.8418059E+05   8.8418059E+05   -2.3840273E-01   1.8362199E-02   6.5424800E+03   8.8034901E+05   8.8418059E+05   0.0000000E+00   0.0000000E+00   0.0000000E+00   0.0000000E+00   0.0000000E+00
   2.3584002E-01   8.4370995E+05   8.4370995E+05   -2.0422690E-01   1.6413836E-02   5.9828320E+03   8.4005291E+05   8.4370995E+05   0.0000000E+00   0.0000000E+00   0.0000000E+00   0.0000000E+00   0.0000000E+00
   2.4372892E-01   8.0947167E+05   8.0947167E+05   -1.9390444E-01   1.4749104E-02   5.5084860E+03   8.0596227E+05   8.0947167E+05   0.0000000E+00   0.0000000E+00   0.0000000E+00   0.0000000E+00   0.0000000E+00
   2.5188366E-01   7.7848606E+05   7.7848606E+05   -1.7039145E-01   1.3284047E-02   5.0846533E+03   7.7511029E+05   7.7848606E+05   0.0000000E+00   0.0000000E+00   0.0000000E+00   0.0000000E+00   0.0000000E+00
   2.6031438E-01   7.4714752E+05   7.4714752E+05   -1.5734368E-01   1.1940446E-02   4.6841244E+03   7.4390702E+05   7.4714752E+05   0.0000000E+00   0.0000000E+00   0.0000000E+00   0.0000000E+00   0.0000000E+00
   2.6903201E-01   7.1329862E+05   7.1329862E+05   -1.4331805E-01   1.0677420E-02   4.2978525E+03   7.1020435E+05   7.1329862E+05   0.0000000E+00   0.0000000E+00   0.0000000E+00   0.0000000E+00   0.0000000E+00
   2.7804846E-01   6.7742381E+05   6.7742381E+05   -1.2050286E-01   9.4985968E-03   3.9280434E+03   6.7448466E+05   6.7742381E+05   0.0000000E+00   0.0000000E+00   0.0000000E+00   0.0000000E+00   0.0000000E+00
   2.8737676E-01   6.4212613E+05   6.4212613E+05   -1.1166276E-01   8.4334125E-03   3.5838260E+03   6.3933967E+05   6.4212613E+05   0.0000000E+00   0.0000000E+00   0.0000000E+00   0.0000000E+00   0.0000000E+00
   2.9703121E-01   6.1016403E+05   6.1016403E+05   -9.5582039E-02   7.5042422E-03   3.2787399E+03   6.0751586E+05   6.1016403E+05   0.0000000E+00   0.0000000E+00   0.0000000E+00   0.0000000E+00   0.0000000E+00
   3.0702767E-01   5.8242386E+05   5.8242386E+05   -8.5808731E-02   6.7058206E-03   3.0168129E+03   5.7989571E+05   5.8242386E+05   0.0000000E+00   0.0000000E+00   0.0000000E+00   0.0000000E+00   0.0000000E+00
   3.1738376E-01   5.5738702E+05   5.5738702E+05   -7.9988122E-02   6.0066835E-03   2.7848731E+03   5.5496722E+05   5.5738702E+05   0.0000000E+00   0.0000000E+00   0.0000000E+00   0.0000000E+00   0.0000000E+00
   3.2811919E-01   5.3255603E+05   5.3255603E+05   -7.0584930E-02   5.3708976E-03   2.5686058E+03   5.3024373E+05   5.3255603E+05   0.0000000E+00   0.0000000E+00   0.0000000E+00   0.0000000E+00   0.0000000E+00
   3.3925612E-01   5.0663830E+05   5.0663830E+05   -6.2494544E-02   4.7812070E-03   2.3611657E+03   5.0443826E+05   5.0663830E+05   0.0000000E+00   0.0000000E+00   0.0000000E+00   0.0000000E+00   0.0000000E+00
   3.5081960E-01   4.8050907E+05   4.8050907E+05   -5.5037566E-02   4.2421369E-03   2.1653524E+03   4.7842226E+05   4.8050907E+05   0.0000000E+00   0.0000000E+00   0.0000000E+00   0.0000000E+00   0.0000000E+00
   3.6283813E-01   4.5603900E+05   4.5603900E+05   -4.8360189E-02   3.7650278E-03   1.9879265E+03   4.5405823E+05   4.5603900E+05   0.0000000E+00   0.0000000E+00   0.0000000E+00   0.0000000E+00   0.0000000E+00
   3.7534429E-01   4.3401446E+05   4.3401446E+05   -4.4440174E-02   3.3490191E-03   1.8316711E+03   4.3212916E+05   4.3401446E+05   0.0000000E+00   0.0000000E+00   0.0000000E+00   0.0000000E+00   0.0000000E+00
   3.8837561E-01   4.1341464E+05   4.1341464E+05   -3.8598226E-02   2.9800991E-03   1.6911788E+03   4.1161864E+05   4.1341464E+05   0.0000000E+00   0.0000000E+00   0.0000000E+00   0.0000000E+00   0.0000000E+00
   4.0197555E-01   3.9282109E+05   3.9282109E+05   -3.4643335E-02   2.6438675E-03   1.5577603E+03   3.9111440E+05   3.9282109E+05   0.0000000E+00   0.0000000E+00   0.0000000E+00   0.0000000E+00   0.0000000E+00
   4.1619488E-01   3.7214589E+05   3.7214589E+05   -3.0695774E-02   2.3370460E-03   1.4323931E+03   3.7052889E+05   3.7214589E+05   0.0000000E+00   0.0000000E+00   0.0000000E+00   0.0000000E+00   0.0000000E+00
   4.3109333E-01   3.5242462E+05   3.5242462E+05   -2.7042124E-02   2.0633442E-03   1.3172595E+03   3.5089318E+05   3.5242462E+05   0.0000000E+00   0.0000000E+00   0.0000000E+00   0.0000000E+00   0.0000000E+00
   4.4674183E-01   3.3409533E+05   3.3409533E+05   -2.3766599E-02   1.8216759E-03   1.2130401E+03   3.3264342E+05   3.3409533E+05   0.0000000E+00   0.0000000E+00   0.0000000E+00   0.0000000E+00   0.0000000E+00
   4.6322541E-01   3.1642203E+05   3.1642203E+05   -2.1023710E-02   1.6049512E-03   1.1169661E+03   3.1504682E+05   3.1642203E+05   0.0000000E+00   0.0000000E+00   0.0000000E+00   0.0000000E+00   0.0000000E+00
   4.8064713E-01   2.9885808E+05   2.9885808E+05   -1.8488016E-02   1.4082767E-03   1.0262852E+03   2.9755912E+05   2.9885808E+05   0.0000000E+00   0.0000000E+00   0.0000000E+00   0.0000000E+00   0.0000000E+00
   4.9913337E-01   2.8182924E+05   2.8182924E+05   -1.6136523E-02   1.2316987E-03   9.4197262E+02   2.8060420E+05   2.8182924E+05   0.0000000E+00   0.0000000E+00   0.0000000E+00   0.0000000E+00   0.0000000E+00
   5.1884122E-01   2.6559740E+05   2.6559740E+05   -1.4089444E-02   1.0744074E-03   8.6449019E+02   2.6444284E+05   2.6559740E+05   0.0000000E+00   0.0000000E+00   0.0000000E+00   0.0000000E+00   0.0000000E+00
   5.3996884E-01   2.4970757E+05   2.4970757E+05   -1.2243497E-02   9.3275409E-04   7.9173902E+02   2.4862202E+05   2.4970757E+05   0.0000000E+00   0.0000000E+00   0.0000000E+00   0.0000000E+00   0.0000000E+00
   5.6277036E-01   2.3405588E+05   2.3405588E+05   -1.0571201E-02   8.0501537E-04   7.2331407E+02   2.3303831E+05   2.3405588E+05   0.0000000E+00   0.0000000E+00   0.0000000E+00   0.0000000E+00   0.0000000E+00
   5.8757766E-01   2.1884153E+05   2.1884153E+05   -9.0694301E-03   6.9057268E-04   6.5924551E+02   2.1789005E+05   2.1884153E+05   0.0000000E+00   0.0000000E+00   0.0000000E+00   0.0000000E+00   0.0000000E+00
   6.1483300E-01   2.0381998E+05   2.0381998E+05   -7.7087874E-03   5.8748650E-04   5.9874801E+02   2.0293376E+05   2.0381998E+05   0.0000000E+00   0.0000000E+00   0.0000000E+00   0.0000000E+00   0.0000000E+00
   6.4513854E-01   1.8893135E+05   1.8893135E+05   -6.4996048E-03   4.9467802E-04   5.4115120E+02   1.8810982E+05   1.8893135E+05   0.0000000E+00   0.0000000E+00   0.0000000E+00   0.0000000E+00   0.0000000E+00
   6.7933255E-01   1.7412155E+05   1.7412155E+05   -5.4041846E-03   4.1122109E-04   4.8629214E+02   1.7336438E+05   1.7412155E+05   0.0000000E+00   0.0000000E+00   0.0000000E+00   0.0000000E+00   0.0000000E+00
   7.1860640E-01   1.5924396E+05   1.5924396E+05   -4.4201203E-03   3.3614349E-04   4.3359567E+02   1.5855145E+05   1.5924396E+05   0.0000000E+00   0.0000000E+00   0.0000000E+00   0.0000000E+00   0.0000000E+00
   7.6467725E-01   1.4420774E+05   1.4420774E+05   -3.5381703E-03   2.6886754E-04   3.8262819E+02   1.4358058E+05   1.4420774E+05   0.0000000E+00   0.0000000E+00   0.0000000E+00   0.0000000E+00   0.0000000E+00
   8.2001011E-01   1.2891787E+05   1.2891787E+05   -2.7497879E-03   2.0904511E-04   3.3318797E+02   1.2835717E+05   1.2891787E+05   0.0000000E+00   0.0000000E+00   0.0000000E+00   0.0000000E+00   0.0000000E+00
   8.8797992E-01   1.1337386E+05   1.1337386E+05   -2.0647708E-03   1.5679512E-04   2.8530586E+02   1.1288075E+05   1.1337386E+05   0.0000000E+00   0.0000000E+00   0.0000000E+00   0.0000000E+00   0.0000000E+00
   9.7258139E-01   9.7804391E+04   9.7804391E+04   -1.4854452E-03   1.1276913E-04   2.3965488E+02   9.7378976E+04   9.7804391E+04   0.0000000E+00   0.0000000E+00   0.0000000E+00   0.0000000E+00   0.0000000E+00
   1.0770764E+00   8.2784130E+04   8.2784130E+04   -1.0258738E-03   7.7839076E-05   1.9775258E+02   8.2424031E+04   8.2784130E+04   0.0000000E+00   0.0000000E+00   0.0000000E+00   0.0000000E+00   0.0000000E+00
   1.2022367E+00   6.9088395E+04   6.9088395E+04   -6.8726627E-04   5.2147344E-05   1.6129135E+02   6.8787858E+04   6.9088395E+04   0.0000000E+00   0.0000000E+00   0.0000000E+00   0.0000000E+00   0.0000000E+00
   1.3469739E+00   5.7232134E+04   5.7232134E+04   -4.5389370E-04   3.4417928E-05   1.3102422E+02   5.6983164E+04   5.7232134E+04   0.0000000E+00   0.0000000E+00   0.0000000E+00   0.0000000E+00   0.0000000E+00
   1.5108961E+00   4.7260048E+04   4.7260048E+04   -2.9891259E-04   2.2591154E-05   1.0647095E+02   4.7054452E+04   4.7260048E+04   0.0000000E+00   0.0000000E+00   0.0000000E+00   0.0000000E+00   0.0000000E+00
   1.6951854E+00   3.8962778E+04   3.8962778E+04   -1.9527983E-04   1.4797332E-05   8.6636502E+01   3.8793275E+04   3.8962778E+04   0.0000000E+00   0.0000000E+00   0.0000000E+00   0.0000000E+00   0.0000000E+00
   1.9020220E+00   3.2083903E+04   3.2083903E+04   -1.2779247E-04   9.6801179E-06   7.0590478E+01   3.1944323E+04   3.2083903E+04   0.0000000E+00   0.0000000E+00   0.0000000E+00   0.0000000E+00   0.0000000E+00
   2.1341032E+00   2.6390873E+04   2.6390873E+04   -8.3522953E-05   6.3257237E-06   5.7572052E+01   2.6276058E+04   2.6390873E+04   0.0000000E+00   0.0000000E+00   0.0000000E+00   0.0000000E+00   0.0000000E+00
   2.3945031E+00   2.1685772E+04   2.1685772E+04   -5.4491933E-05   4.1295509E-06   4.6983581E+01   2.1591426E+04   2.1685772E+04   0.0000000E+00   0.0000000E+00   0.0000000E+00   0.0000000E+00   0.0000000E+00
   2.6866767E+00   1.7802146E+04   1.7802146E+04   -3.5554054E-05   2.6932879E-06   3.8358352E+01   1.7724696E+04   1.7802146E+04   0.0000000E+00   0.0000000E+00   0.0000000E+00   0.0000000E+00   0.0000000E+00
   3.0145009E+00   1.4600454E+04   1.4600454E+04   -2.3204439E-05   1.7550031E-06   3.1320876E+01   1.4536932E+04   1.4600454E+04   0.0000000E+00   0.0000000E+00   0.0000000E+00   0.0000000E+00   0.0000000E+00
   3.3823256E+00   1.1963993E+04   1.1963993E+04   -1.5097841E-05   1.1426388E-06   2.5575298E+01   1.1911941E+04   1.1963993E+04   0.0000000E+00   0.0000000E+00   0.0000000E+00   0.0000000E+00   0.0000000E+00
   3.7950317E+00   9.7953405E+03   9.7953405E+03   -9.7680698E-06   7.4336975E-07   2.0880531E+01   9.7527239E+03   9.7953405E+03   0.0000000E+00   0.0000000E+00   0.0000000E+00   0.0000000E+00   0.0000000E+00
   4.2580956E+00   8.0133365E+03   8.0133365E+03   -6.3739204E-06   4.8326688E-07   1.7043682E+01   7.9784728E+03   8.0133365E+03   0.0000000E+00   0.0000000E+00   0.0000000E+00   0.0000000E+00   0.0000000E+00
   4.7776619E+00   6.5504844E+03   6.5504844E+03   -4.1379211E-06   3.1396696E-07   1.3907257E+01   6.5219851E+03   6.5504844E+03   0.0000000E+00   0.0000000E+00   0.0000000E+00   0.0000000E+00   0.0000000E+00
   5.3606248E+00   5.3507473E+03   5.3507473E+03   -2.6844747E-06   2.0385401E-07   1.1344122E+01   5.3274677E+03   5.3507473E+03   0.0000000E+00   0.0000000E+00   0.0000000E+00   0.0000000E+00   0.0000000E+00
   6.0147200E+00   4.3676754E+03   4.3676754E+03   -1.7412822E-06   1.3228949E-07   9.2495499E+00   4.3486728E+03   4.3676754E+03   0.0000000E+00   0.0000000E+00   0.0000000E+00   0.0000000E+00   0.0000000E+00
   6.7486268E+00   3.5628226E+03   3.5628226E+03   -1.1289035E-06   8.5809330E-08   7.5384034E+00   3.5473217E+03   3.5628226E+03   0.0000000E+00   0.0000000E+00   0.0000000E+00   0.0000000E+00   0.0000000E+00
   7.5720838E+00   2.9044117E+03   2.9044117E+03   -7.3009755E-07   5.5639387E-08   6.1410673E+00   2.8917754E+03   2.9044117E+03   0.0000000E+00   0.0000000E+00   0.0000000E+00   0.0000000E+00   0.0000000E+00
   8.4960178E+00   2.3662125E+03   2.3662125E+03   -4.7227863E-07   3.6067039E-08   5.0004178E+00   2.3559177E+03   2.3662125E+03   0.0000000E+00   0.0000000E+00   0.0000000E+00   0.0000000E+00   0.0000000E+00
