#  k  (h/Mpc)          P(k)  (Mpc/h)^3     P_linear(k) (Mpc/h)^3
     0.00783031         11340.5         11493.8 
       0.013688         14238.1         14138.5 
       0.019231         14273.2         14249.7 
      0.0249154           12872         13102.9 
      0.0312784         11179.3         11278.4 
      0.0375637         9569.19         9563.86 
      0.0433917         8195.49         8315.14 
      0.0492413         7382.88         7424.23 
      0.0555754         6598.11         6773.32 
      0.0619321         6305.98         6294.41 
       0.067871          5737.9          5877.1 
      0.0738098         5287.35         5415.84 
      0.0800417         4714.23          4872.1 
      0.0862327         4228.68         4311.55 
      0.0921407         3806.81          3814.1 
      0.0982031         3370.11         3387.82 
       0.104506         3131.77         3055.92 
       0.110769         2894.65         2829.41 
       0.116806          2723.8         2679.87 
       0.122832         2608.59         2562.19 
       0.129052         2433.35         2440.16 
       0.135211         2302.04         2298.02 
       0.141259         2183.07         2134.77 
       0.147318          2035.3         1958.91 
       0.153489         1851.98         1785.24 
       0.159709          1735.2         1632.64 
       0.165845         1653.99         1513.23 
       0.171974         1557.25         1424.98 
       0.178125         1485.69         1360.55 
       0.184229         1428.87         1309.81 
        0.19034          1344.6         1261.42 
       0.196428         1318.48         1207.94 
       0.202534         1269.59         1146.21 
       0.208729         1202.43         1077.31 
       0.214876         1139.19         1007.85 
       0.220989         1096.56         943.384 
       0.227147         1041.63         887.293 
        0.23329         998.568         841.775 
       0.239377         978.294         805.945 
       0.245482         915.254         776.503 
       0.251667         908.852         749.793 
       0.257832         874.945         723.139 
       0.263955         845.675         694.828 
       0.270079         814.176         664.426 
        0.27624         803.445         632.748 
       0.282372         769.125         601.858 
        0.28843         753.534         573.536 
       0.294538         715.514         548.246 
       0.300721          711.56          526.22 
        0.30691         679.952         507.241 
       0.313033         666.792         490.521 
       0.319153          648.74         474.762 
       0.325316         629.156         458.996 
        0.33145         611.822         442.964 
       0.337538         603.036         426.732 
       0.343633          584.71         410.526 
       0.349808         564.517         394.653 
       0.355968         559.972         379.847 
       0.362074         550.532         366.414 
       0.368217         534.948         354.203 
       0.374374         512.704         343.045 
       0.380519         510.228         332.678 
       0.386598         497.117         322.871 
       0.392688         494.445         313.219 
        0.39888         479.941          303.49 
       0.405048          470.45         293.895 
       0.411186         462.393         284.532 
       0.417313         453.468         275.538 
       0.423458         445.141         266.988 
       0.429607         437.106         258.949 
       0.435692         426.626         251.516 
       0.441815         423.171         244.489 
       0.447964         414.341         237.772 
       0.454126         403.765         231.293 
       0.460267         397.309         225.021 
       0.466387          392.75         218.904 
        0.47254         385.064         212.887 
       0.478662         383.962         207.072 
       0.484765         371.297         201.484 
       0.490885         367.648         196.108 
       0.497035         361.115         190.947 
       0.503198           355.4         186.021 
       0.509342         352.611         181.335 
       0.515458         348.622         176.852 
       0.521598          340.94         172.499 
       0.527764         335.223         168.255 
       0.533884         332.777         164.164 
           0.54         328.034         160.192 
       0.546137         326.643         156.322 
       0.552299         319.825         152.557 
       0.558452         317.829         148.927 
       0.564573         312.981         145.449 
       0.570708         307.333         142.094 
       0.576825         301.966         138.869 
       0.582926         299.643         135.759 
       0.589034          296.82         132.738 
       0.595184         293.928         129.784 
       0.601379         290.328         126.894 
       0.607522          285.57         124.112 
       0.613639         284.133         121.424 
       0.619772         277.606          118.81 
       0.625918         276.534         116.269 
       0.632068         272.303         113.802 
       0.638161         271.179         111.431 
         0.6443         266.598         109.112 
       0.650464         264.105         106.854 
       0.656582         262.339         104.677 
       0.662703         260.767         102.562 
       0.668861         256.043         100.495 
       0.675024         253.197          98.483 
       0.681124         251.997         96.5462 
       0.687237         248.949         94.6573 
       0.693381         245.211         92.8097 
       0.699536         243.197         91.0081 
       0.705665         241.459         89.2622 
       0.711789         238.952         87.5642 
       0.717957          237.64         85.8993 
        0.72409         234.968         84.2877 
       0.730186         232.286          82.728 
       0.736317         229.816            81.2 
       0.742472         228.686         79.7055 
       0.748622         226.648         78.2505 
        0.75476         224.721         76.8355 
       0.760888         221.801         75.4579 
       0.767043         221.722         74.1089 
       0.773185          219.04         72.7958 
       0.779291         215.096         71.5223 
       0.785407         214.646         70.2777 
       0.791564         212.497         69.0551 
       0.797719         209.932         67.8624 
       0.803834         208.778         66.7057 
       0.809972         207.417          65.572 
       0.816124         207.194         64.4624 
       0.822261         204.317         63.3817 
       0.828378         202.544         62.3292 
       0.834502          202.13         61.2999 
       0.840667         199.136         60.2874 
       0.846816         197.681         59.3008 
       0.852925         196.895         58.3428 
       0.859047         194.956          57.404 
       0.865192         193.092          56.483 
       0.871341         191.448         55.5818 
       0.877463         190.108         54.7044 
       0.883569          189.38         53.8484 
       0.889708         187.467         53.0065 
       0.895864         185.231         52.1805 
       0.902008         184.551          51.374 
       0.908149         183.862         50.5852 
       0.914301         181.555         49.8118 
       0.920448          180.26         49.0554 
       0.926574         179.254         48.3174 
       0.932687         179.008         47.5964 
       0.938823         176.725         46.8875 
       0.944975         175.207         46.1916 
       0.951105         174.511         45.5124 
       0.957225          172.81         44.8482 
       0.963368         170.799          44.195 
       0.969511         170.302         43.5549 
       0.975621         169.044          42.931 
       0.981748         168.792         42.3178 
       0.987916         166.863         41.7128 
        0.99406          165.48          41.122 
        1.00019         165.387         40.5439 
        1.00632         163.759         39.9775 
        1.01246          162.73         39.4211 
        1.01859         161.973         38.8763 
        1.02471         160.336         38.3426 
        1.03085         158.721         37.8171 
        1.03698         158.144         37.3026 
        1.04314         156.742         36.7956 
        1.04929         155.763         36.2993 
        1.05541         155.354         35.8142 
        1.06154         154.095         35.3368 
        1.06769         153.979         34.8674 
        1.07382         152.559         34.4082 
        1.07993         151.252         33.9583 
        1.08607         150.433         33.5146 
        1.09222         149.835         33.0784 
        1.09836          148.51         32.6506 
        1.10449         147.148         32.2309 
        1.11063         146.071         31.8181 
        1.11677         145.838         31.4127 
         1.1229         144.445         31.0152 
        1.12903         143.759         30.6242 
        1.13518         143.393         30.2397 
        1.14131         141.914          29.862 
        1.14745         141.454          29.491 
        1.15359         140.439         29.1263 
        1.15973         139.915         28.7677 
        1.16584         138.399         28.4167 
        1.17197         137.871         28.0711 
        1.17811         137.125         27.7303 
        1.18424         136.433         27.3961 
        1.19038         136.014         27.0665 
        1.19652         134.932         26.7425 
        1.20267         134.165         26.4237 
        1.20881         133.053         26.1103 
        1.21495         132.504         25.8025 
        1.22108         131.827         25.4997 
         1.2272          130.61         25.2025 
        1.23334         130.119         24.9094 
        1.23949         129.077         24.6202 
        1.24562         128.525         24.3365 
        1.25174          127.33         24.0577 
        1.25789         126.848         23.7824 
        1.26402         126.062          23.512 
        1.27014         125.323         23.2465 
        1.27628         124.759         22.9843 
        1.28244         124.235         22.7256 
        1.28858           123.7         22.4713 
        1.29471         122.314         22.2215 
        1.30084         122.023         21.9757 
        1.30697         121.138         21.7333 
        1.31312         120.765         21.4942 
        1.31925          119.73         21.2595 
        1.32537         119.229         21.0286 
        1.33151         118.099         20.8002 
        1.33765         117.812         20.5754 
        1.34378         117.098         20.3544 
        1.34992         116.816         20.1365 
        1.35606         116.073         19.9213 
         1.3622         115.115         19.7096 
        1.36833         114.546         19.5016 
        1.37445         113.838         19.2966 
        1.38059         113.351          19.094 
        1.38675          112.55         18.8938 
        1.39288         112.205         18.6973 
        1.39901         111.736         18.5037 
        1.40515         110.859         18.3124 
         1.4113         110.049         18.1239 
        1.41742         109.776         17.9388 
        1.42355         108.973         17.7559 
         1.4297         108.463         17.5751 
        1.43585         107.568         17.3968 
        1.44198          107.33         17.2217 
        1.44809         106.581         17.0494 
        1.45423          105.96         16.8788 
        1.46036         105.687         16.7108 
        1.46649         104.913         16.5451 
        1.47263         104.336         16.3815 
        1.47877         104.049         16.2202 
        1.48491         103.002         16.0608 
        1.49104         102.822         15.9039 
        1.49718         102.002          15.749 
        1.50333         101.604         15.5959 
        1.50947         101.111         15.4451 
         1.5156         100.452         15.2966 
        1.52172         99.8733         15.1501 
        1.52787         99.4902         15.0051 
          1.534         98.8284         14.8623 
        1.54013         98.2618         14.7214 
        1.54627         97.9091         14.5822 
        1.55241         97.2292         14.4447 
        1.55855         96.8411         14.3092 
        1.56467         96.4619         14.1758 
         1.5708         95.7256         14.0437 
        1.57695         95.6357         13.9131 
        1.58308         94.6717         13.7845 
        1.58922         94.5739         13.6574 
        1.59535         93.9677          13.532 
         1.6015         93.3955          13.408 
        1.60764         92.9175         13.2856 
        1.61376          92.724         13.1651 
        1.61989         91.9587          13.046 
        1.62604         91.7123         12.9281 
        1.63218         91.1882         12.8118 
        1.63831         90.3798         12.6971 
        1.64444         90.1527         12.5838 
        1.65059         89.6346         12.4716 
        1.65673         88.9039          12.361 
        1.66285         88.7386         12.2519 
        1.66898         88.1781         12.1442 
        1.67512         87.7176         12.0375 
        1.68127         87.3117         11.9321 
         1.6874         86.7942         11.8281 
        1.69353         86.3138         11.7254 
        1.69967         85.8438         11.6238 
        1.70581          85.604         11.5233 
        1.71193         85.2778         11.4245 
        1.71806         84.6422         11.3265 
        1.72421         84.1519         11.2296 
        1.73035         83.7585         11.1339 
        1.73649         83.3405         11.0393 
        1.74262         82.8901         10.9459 
        1.74876         82.5743         10.8535 
        1.75489         81.8822         10.7624 
        1.76101         81.6837         10.6724 
        1.76715         81.1242         10.5832 
        1.77329         80.8729          10.495 
        1.77943         80.2475         10.4078 
        1.78557         80.1219         10.3217 
        1.79171         79.4796         10.2365 
        1.79785         79.1313         10.1523 
        1.80399         78.8336          10.069 
        1.81012         78.5226         9.98684 
        1.81625         77.9482          9.9056 
        1.82239         77.6776         9.82514 
        1.82853         77.3715         9.74562 
        1.83466         76.8775         9.66706 
        1.84078         76.6405         9.58945 
        1.84692         76.0078         9.51257 
        1.85306         75.6404         9.43644 
         1.8592         75.2763         9.36127 
        1.86533         74.9213         9.28696 
        1.87147         74.4058         9.21337 
        1.87761         74.1796         9.14054 
        1.88375         73.7611          9.0686 
        1.88988         73.4369          8.9975 
        1.89601         72.9973         8.92713 
        1.90215         72.6926         8.85745 
        1.90829         72.3585         8.78856 
        1.91442         71.9959         8.72039 
        1.92056         71.4208           8.653 
         1.9267         71.2789         8.58626 
        1.93284         70.7825         8.52019 
        1.93897         70.4191         8.45493 
        1.94509         70.1555          8.3905 
        1.95123         69.7693         8.32658 
        1.95737         69.5146         8.26328 
        1.96349         68.9664          8.2008 
        1.96964         68.7591         8.13879 
        1.97578         68.4698          8.0774 
        1.98192         68.1251         8.01676 
        1.98805         67.8039         7.95674 
        1.99419         67.3266         7.89734 
        2.00033         67.0906         7.83851 
        2.00647         66.7907          7.7803 
         2.0126         66.2926         7.72278 
        2.01874          65.956         7.66576 
        2.02488         65.7342         7.60926 
        2.03101         65.4772         7.55344 
        2.03714         65.0284         7.49824 
        2.04328         64.8189         7.44352 
        2.04941         64.4527          7.3894 
        2.05554         64.1993         7.33585 
        2.06167         63.8027         7.28276 
        2.06781         63.4902          7.2302 
        2.07396         63.1449         7.17808 
        2.08009         62.9281         7.12656 
        2.08622         62.6406          7.0756 
        2.09237         62.2329         7.02505 
        2.09851         62.0937         6.97499 
        2.10464         61.6551         6.92549 
        2.11077         61.3159         6.87653 
        2.11691         61.0355         6.82795 
        2.12305         60.7814         6.77982 
        2.12918         60.5046         6.73228 
        2.13531          60.104         6.68519 
        2.14145         59.8538         6.63844 
         2.1476         59.6123         6.59209 
        2.15372         59.3096          6.5464 
        2.15985         58.9842         6.50111 
        2.16599         58.6943         6.45612 
        2.17213         58.4639          6.4116 
        2.17827         58.1464         6.36751 
         2.1844         57.8031         6.32387 
        2.19054         57.5358         6.28063 
        2.19666         57.2443         6.23786 
         2.2028         57.1744         6.19545 
        2.20893         56.8461         6.15341 
        2.21508         56.4846         6.11171 
        2.22122         56.2642         6.07039 
        2.22736         56.0178         6.02954 
        2.23349         55.6983         5.98907 
        2.23962         55.3451         5.94896 
        2.24577         55.0716         5.90917 
         2.2519         54.7878         5.86981 
        2.25802         54.6582         5.83087 
        2.26417         54.2501         5.79218 
        2.27031         54.0797          5.7538 
        2.27644         53.8772         5.71588 
        2.28257         53.5235         5.67831 
        2.28872         53.2413           5.641 
        2.29486         53.0574         5.60404 
        2.30099          52.788         5.56748 
        2.30712         52.5872         5.53124 
        2.31326         52.2469         5.49526 
         2.3194         51.9762         5.45962 
        2.32553         51.7143         5.42435 
        2.33166          51.466         5.38941 
         2.3378         51.2315         5.35474 
        2.34394          50.927         5.32036 
        2.35007         50.6549         5.28632 
        2.35619         50.4842         5.25263 
        2.36233         50.3518         5.21915 
        2.36848         50.0143          5.1859 
        2.37462         49.7772           5.153 
        2.38075         49.5915         5.12043 
        2.38689         49.3277          5.0881 
        2.39303         49.0997         5.05606 
        2.39916         48.9077         5.02433 
        2.40529         48.6816         4.99288 
        2.41143         48.4412         4.96167 
        2.41757         48.1421         4.93071 
         2.4237         48.0088         4.90008 
        2.42983         47.7023         4.86971 
        2.43598         47.4704         4.83951 
        2.44211         47.3144         4.80962 
        2.44823         47.0373         4.78005 
        2.45437         46.8125         4.75065 
        2.46052         46.5151         4.72148 
        2.46665         46.3558         4.69259 
        2.47279          46.159         4.66396 
        2.47892         45.9883         4.63555 
        2.48507         45.6926         4.60735 
         2.4912         45.5671         4.57944 
        2.49733         45.2615         4.55178 
        2.50347         45.0041          4.5243 
        2.50961         44.8675         4.49704 
        2.51575         44.6706         4.47002 
        2.52188         44.3785         4.44326 
        2.52802         44.2626         4.41668 
        2.53416         44.1239         4.39032 
        2.54029         43.8682         4.36422 
        2.54641         43.6171         4.33834 
        2.55255         43.4875         4.31264 
        2.55869          43.239         4.28711 
        2.56483         43.0337         4.26183 
        2.57096         42.7895         4.23677 
        2.57709         42.5631         4.21191 
        2.58323          42.411         4.18723 
        2.58937         42.1804         4.16273 
        2.59551         42.0009         4.13846 
        2.60164         41.8384         4.11439 
        2.60778         41.6147         4.09048 
        2.61392          41.466         4.06678 
        2.62006         41.2443         4.04327 
        2.62619          41.068         4.01997 
        2.63232         40.8449         3.99685 
        2.63846          40.634         3.97388 
        2.64459         40.5003         3.95113 
        2.65072         40.2931         3.92855 
        2.65686         40.0083         3.90615 
          2.663         39.8783         3.88388 
        2.66915         39.7783          3.8618 
        2.67527         39.5671         3.83993 
        2.68141         39.3546         3.81822 
        2.68755         39.2705         3.79666 
        2.69368         38.9616         3.77528 
        2.69981         38.8521          3.7541 
        2.70595          38.654         3.73303 
        2.71209         38.5443         3.71211 
        2.71823          38.284         3.69139 
        2.72436         38.0963         3.67083 
         2.7305         37.9689         3.65042 
        2.73663         37.7403         3.63016 
        2.74276         37.5798         3.61009 
         2.7489         37.4553         3.59014 
        2.75504         37.2109         3.57033 
        2.76118         37.1004         3.55065 
        2.76732         36.9072         3.53116 
        2.77345         36.7427         3.51182 
        2.77959         36.5373         3.49261 
        2.78572         36.4074         3.47356 
        2.79186          36.255         3.45465 
        2.79798         36.0957         3.43591 
        2.80412         35.9346         3.41727 
        2.81027         35.7732         3.39875 
         2.8164         35.6297          3.3804 
        2.82253         35.4393         3.36219 
        2.82867         35.2285         3.34411 
        2.83481         35.0852         3.32615 
        2.84095         34.8619         3.30833 
        2.84708         34.7816         3.29066 
        2.85322         34.6247          3.2731 
        2.85935          34.459         3.25567 
        2.86549         34.2853         3.23838 
        2.87162         34.1636         3.22121 
        2.87776         33.9801         3.20417 
        2.88389         33.8488         3.18724 
        2.89003         33.6898         3.17045 
        2.89617         33.5525         3.15377 
        2.90231         33.4001         3.13721 
        2.90844           33.23         3.12077 
        2.91458         33.0873         3.10446 
        2.92071         32.9654         3.08828 
        2.92684         32.8127         3.07219 
        2.93298         32.6073         3.05623 
         2.9391         32.4879         3.04041 
        2.94524         32.4101         3.02467 
        2.95138         32.2024         3.00904 
        2.95752         32.0233          2.9935 
        2.96367         31.9524         2.97808 
         2.9698         31.7444         2.96279 
        2.97594         31.6507         2.94759 
        2.98207         31.4794         2.93251 
        2.98821         31.3906         2.91754 
        2.99434         31.2241         2.90268 
        3.00048         31.0881         2.88791 
        3.00662         30.9162         2.87323 
        3.01275         30.7957         2.85869 
        3.01888         30.6904         2.84424 
        3.02503         30.5573         2.82986 
        3.03117         30.3979          2.8156 
        3.03729         30.2519         2.80146 
        3.04342          30.124         2.78741 
        3.04957         30.0007         2.77342 
         3.0557         29.8874         2.75956 
        3.06183         29.7392         2.74581 
        3.06796         29.5681         2.73214 
        3.07411         29.4775         2.71853 
        3.08025         29.3461         2.70504 
        3.08637         29.2196         2.69166 
         3.0925          29.069         2.67836 
        3.09865         28.9253         2.66512 
         3.1048         28.8085         2.65198 
        3.11093         28.7295         2.63895 
        3.11706          28.563           2.626 
         3.1232         28.4752         2.61314 
        3.12933         28.2971         2.60036 
        3.13547         28.1577         2.58767 
        3.14159         28.0308         2.57509 
