#   a     H/H0    dlogHdloga     OmegaM     OmegaRtot    OmegaLambda
          0.001          20269.4        -1.61338        0.776445        0.134088       0.0927578      0.00337799       0.0928458     1.65755e-09 
     0.00105925          18474.3        -1.60841         0.78642        0.128213        0.088694      0.00342139       0.0887884     1.99531e-09 
     0.00112202            16843        -1.60359        0.796075        0.122527       0.0847606       0.0034634       0.0848616     2.40055e-09 
      0.0011885          15359.9        -1.59894        0.805409         0.11703       0.0809574      0.00350401       0.0810657     2.88651e-09 
     0.00125893            14011        -1.59444        0.814424         0.11172       0.0772841      0.00354323          0.0774     3.46902e-09 
     0.00133352          12783.9        -1.59011        0.823121        0.106596       0.0737401      0.00358106       0.0738641     4.16697e-09 
     0.00141254          11667.1        -1.58593        0.831503        0.101658        0.070324      0.00361753       0.0704566     5.00288e-09 
     0.00149624          10650.4         -1.5819        0.839574       0.0969031       0.0670346      0.00365264       0.0671762     6.00365e-09 
     0.00158489           9724.5        -1.57802        0.847337       0.0923284       0.0638699      0.00368642       0.0640212     7.20133e-09 
      0.0016788          8881.03         -1.5743        0.854799       0.0879311        0.060828      0.00371888       0.0609895     8.63416e-09 
     0.00177828          8112.43        -1.57072        0.861963       0.0837081       0.0579067      0.00375005        0.058079     1.03477e-08 
     0.00188365          7411.84        -1.56729        0.868837       0.0796558       0.0551034      0.00377996       0.0552872     1.23964e-08 
     0.00199526          6773.07          -1.564        0.875427       0.0757703       0.0524155      0.00380863       0.0526114     1.48449e-08 
     0.00211349          6190.49        -1.56084         0.88174       0.0720476       0.0498403      0.00383609        0.050049     1.77704e-08 
     0.00223872          5659.03        -1.55782        0.887783       0.0684834       0.0473747      0.00386238       0.0475969     2.12649e-08 
     0.00237137          5174.08        -1.55493        0.893562       0.0650734       0.0450158      0.00388753       0.0452523     2.54379e-08 
     0.00251189          4731.45        -1.55217        0.899087       0.0618131       0.0427604      0.00391156        0.043012     3.04199e-08 
     0.00266073          4327.37        -1.54952        0.904364       0.0586979       0.0406054      0.00393452       0.0408729     3.63664e-08 
     0.00281838          3958.38          -1.547        0.909402       0.0557231       0.0385475      0.00395644       0.0388319     4.34623e-08 
     0.00298538          3621.37        -1.54459        0.914208        0.052884       0.0365835      0.00397735       0.0368856      5.1928e-08 
     0.00316228           3313.5        -1.54229        0.918791        0.050176       0.0347102      0.00399729        0.035031     6.20259e-08 
     0.00334965           3032.2         -1.5401        0.923158       0.0475943       0.0329243      0.00401628       0.0332648     7.40683e-08 
     0.00354813          2775.12        -1.53801        0.927317       0.0451343       0.0312225      0.00403438       0.0315838      8.8427e-08 
     0.00375837          2540.13        -1.53602        0.931276       0.0427915       0.0296018       0.0040516       0.0299849     1.05544e-07 
     0.00398107           2325.3        -1.53412        0.935043       0.0405612       0.0280589      0.00406799        0.028465     1.25947e-07 
     0.00421697          2128.87        -1.53231        0.938625       0.0384389       0.0265908      0.00408357        0.027021     1.50262e-07 
     0.00446684          1949.23         -1.5306        0.942029       0.0364203       0.0251944      0.00409839         0.02565     1.79234e-07 
     0.00473151          1784.92        -1.52896        0.945264        0.034501       0.0238667      0.00411246       0.0243489     2.13752e-07 
     0.00501187          1634.61        -1.52741        0.948335       0.0326769       0.0226049      0.00412582       0.0231149      2.5487e-07 
     0.00530884          1497.09        -1.52593        0.951251       0.0309438        0.021406       0.0041385       0.0219452     3.03845e-07 
     0.00562341          1371.25        -1.52452        0.954017       0.0292978       0.0202673      0.00415054       0.0208372      3.6217e-07 
     0.00595662          1256.09        -1.52319         0.95664        0.027735       0.0191862      0.00416195       0.0197881     4.31623e-07 
     0.00630957          1150.69        -1.52192        0.959127       0.0262516         0.01816      0.00417277       0.0187954     5.14319e-07 
     0.00668344           1054.2        -1.52072        0.961484        0.024844       0.0171863      0.00418302       0.0178566     6.12771e-07 
     0.00707946          965.875        -1.51958        0.963716       0.0235087       0.0162626      0.00419274       0.0169694     7.29971e-07 
     0.00749894          885.004        -1.51849         0.96583       0.0222423       0.0153865      0.00420193       0.0161314     8.69475e-07 
     0.00794328          810.953        -1.51746         0.96783       0.0210416       0.0145559      0.00421063       0.0153403     1.03551e-06 
     0.00841395          743.142        -1.51648        0.969723       0.0199034       0.0137685      0.00421887       0.0145941     1.23312e-06 
     0.00891251          681.038        -1.51556        0.971512       0.0188247       0.0130223      0.00422666       0.0138906     1.46827e-06 
     0.00944061          624.156        -1.51468        0.973204       0.0178026       0.0123153      0.00423402        0.013228     1.74808e-06 
           0.01          572.054        -1.51385        0.974803       0.0168343       0.0116455      0.00424097       0.0126041     2.08101e-06 
      0.0105925          524.325        -1.51305        0.976314       0.0159173       0.0110111      0.00424754       0.0120173     2.47711e-06 
      0.0112202            480.6        -1.51231        0.977739       0.0150488       0.0104103      0.00425375       0.0114657     2.94835e-06 
       0.011885           440.54         -1.5116        0.979085       0.0142265      0.00984148       0.0042596       0.0109477     3.50895e-06 
      0.0125893          403.835        -1.51092        0.980355       0.0134481        0.009303      0.00426513       0.0104615      4.1758e-06 
      0.0133352          370.202        -1.51029        0.981552       0.0127114      0.00879333      0.00427033       0.0100057     4.96901e-06 
      0.0141254          339.382        -1.50968        0.982681       0.0120141      0.00831098      0.00427524      0.00957862     5.91247e-06 
      0.0149624          311.139        -1.50911        0.983744       0.0113543      0.00785456      0.00427987      0.00917895     7.03458e-06 
      0.0158489          285.255        -1.50857        0.984745       0.0107301      0.00742273      0.00428423      0.00880524     8.36913e-06 
       0.016788          261.533        -1.50805        0.985688       0.0101395      0.00701422      0.00428833      0.00845615     9.95625e-06 
      0.0177828           239.79        -1.50757        0.986574      0.00958095       0.0066278      0.00429218      0.00813041     1.18437e-05 
      0.0188365           219.86        -1.50711        0.987408      0.00905264      0.00626234      0.00429581      0.00782676     1.40881e-05 
      0.0199526          201.593        -1.50667        0.988191      0.00855303      0.00591672      0.00429922      0.00754403      1.6757e-05 
      0.0211349          184.847        -1.50626        0.988927      0.00808059       0.0055899      0.00430242      0.00728107     1.99306e-05 
      0.0223872          169.497        -1.50587        0.989618       0.0076339      0.00528089      0.00430542      0.00703678     2.37041e-05 
      0.0237137          155.425         -1.5055        0.990265      0.00721158      0.00498875      0.00430824       0.0068101     2.81908e-05 
      0.0251189          142.524        -1.50515        0.990872      0.00681234      0.00471257      0.00431088      0.00660003     3.35254e-05 
      0.0266073          130.696        -1.50482        0.991441      0.00643496       0.0044515      0.00431335      0.00640558     3.98679e-05 
      0.0281838          119.852         -1.5045        0.991972      0.00607825      0.00420474      0.00431567      0.00622583     4.74085e-05 
      0.0298538           109.91         -1.5042        0.992469      0.00574111      0.00397152      0.00431783      0.00605988     5.63733e-05 
      0.0316228          100.794        -1.50391        0.992933      0.00542249      0.00375111      0.00431985      0.00590686     6.70311e-05 
      0.0334965           92.436        -1.50364        0.993364      0.00512139      0.00354282      0.00432172      0.00576596     7.97012e-05 
      0.0354813          84.7722        -1.50338        0.993766      0.00483685      0.00334598      0.00432347      0.00563638     9.47634e-05 
      0.0375837          77.7449        -1.50313        0.994138      0.00456799         0.00316      0.00432509      0.00551737     0.000112669 
      0.0398107          71.3012        -1.50288        0.994482      0.00431396      0.00298426      0.00432659      0.00540821     0.000133953 
      0.0421697          65.3925        -1.50265        0.994799      0.00407394      0.00281822      0.00432796      0.00530823     0.000159254 
      0.0446684          59.9742        -1.50242        0.995089      0.00384716      0.00266135      0.00432923      0.00521675      0.00018933 
      0.0473151          55.0056        -1.50219        0.995353      0.00363292      0.00251314      0.00433038      0.00513317     0.000225078 
      0.0501187          50.4493        -1.50196        0.995591      0.00343052      0.00237313      0.00433141      0.00505688      0.00026757 
      0.0530884           46.271        -1.50174        0.995803      0.00323931      0.00224085      0.00433233      0.00498734     0.000318075 
      0.0562341          42.4393         -1.5015        0.995989      0.00305867       0.0021159      0.00433314      0.00492402     0.000378104 
      0.0595662          38.9254        -1.50126        0.996147      0.00288803      0.00199785      0.00433383      0.00486641     0.000449449 
      0.0630957           35.703        -1.50101        0.996278      0.00272684      0.00188634       0.0043344      0.00481404     0.000534241 
      0.0668344          32.7479        -1.50074        0.996378      0.00257456        0.001781      0.00433484      0.00476647      0.00063501 
      0.0707946          30.0378        -1.50045        0.996447      0.00243071      0.00168149      0.00433514      0.00472327     0.000754763 
      0.0749894          27.5525        -1.50014        0.996481      0.00229482      0.00158748      0.00433528      0.00468407     0.000897068 
      0.0794328          25.2733        -1.49979        0.996477      0.00216644      0.00149867      0.00433527      0.00464847      0.00106616 
      0.0841395          23.1831         -1.4994        0.996431      0.00204515      0.00141477      0.00433507      0.00461614      0.00126708 
      0.0891251          21.2663        -1.49896        0.996338      0.00193057      0.00133551      0.00433466      0.00458674      0.00150578 
      0.0944061          19.5085        -1.49846         0.99619       0.0018223      0.00126061      0.00433402      0.00455997      0.00178936 
            0.1          17.8966        -1.49788         0.99598      0.00172001      0.00118985      0.00433311      0.00453552      0.00212622 
       0.105925          16.4184        -1.49721          0.9957      0.00162333      0.00112297      0.00433189      0.00451312       0.0025263 
       0.112202           15.063        -1.49644        0.995337      0.00153197      0.00105977      0.00433031       0.0044925      0.00300142 
        0.11885          13.8201        -1.49553        0.994878       0.0014456      0.00100002      0.00432831      0.00447338      0.00356555 
       0.125893          12.6805        -1.49447        0.994308      0.00136395     0.000943541      0.00432583      0.00445553      0.00423523 
       0.133352          11.6356        -1.49323        0.993606      0.00128675     0.000890131      0.00432278      0.00443868      0.00503003 
       0.141254          10.6776        -1.49177        0.992751      0.00121372     0.000839615      0.00431905      0.00442258      0.00597306 
       0.149624          9.79946        -1.49005        0.991715      0.00114463      0.00079182      0.00431455      0.00440697      0.00709158 
       0.158489          8.99447        -1.48802        0.990466      0.00107924     0.000746586      0.00430912      0.00439159      0.00841775 
        0.16788          8.25666        -1.48562        0.988968      0.00101733     0.000703756       0.0043026      0.00437615      0.00998939 
       0.177828           7.5805        -1.48279        0.987176      0.00095868     0.000663185       0.0042948      0.00436037       0.0118509 
       0.188365          6.96095        -1.47945        0.985038     0.000903092     0.000624731       0.0042855      0.00434392       0.0140543 
       0.199526          6.39338        -1.47551        0.982494     0.000850372     0.000588261      0.00427443      0.00432645       0.0166604 
       0.211349          5.87353        -1.47087        0.979474     0.000800335     0.000553647      0.00426129      0.00430758       0.0197401 
       0.223872          5.39752        -1.46539        0.975894     0.000752804     0.000520766      0.00424572      0.00428688       0.0233754 
       0.237137          4.96178        -1.45893        0.971662      0.00070761     0.000489503      0.00422731      0.00426387       0.0276612 
       0.251189          4.56307        -1.45134        0.966667     0.000664593     0.000459745      0.00420558      0.00423804       0.0327065 
       0.266073          4.19838        -1.44242        0.960787       0.0006236     0.000431387      0.00417999      0.00420878       0.0386352 
       0.281838          3.86499        -1.43197        0.953881     0.000584484     0.000404328      0.00414995      0.00417544        0.045588 
       0.298538          3.56039        -1.41975        0.945791     0.000547109     0.000378473      0.00411475       0.0041373       0.0537219 
       0.316228          3.28229         -1.4055        0.936344     0.000511346     0.000353733      0.00407365      0.00409356       0.0632109 
       0.334965           3.0286        -1.38893        0.925352     0.000477074     0.000330025      0.00402583      0.00404337       0.0742443 
       0.354813          2.79739        -1.36975         0.91261     0.000444185     0.000307274       0.0039704      0.00398583       0.0870246 
       0.375837           2.5869        -1.34762         0.89791     0.000412583     0.000285412      0.00390644      0.00391998        0.101763 
       0.398107          2.39551        -1.32225        0.881036     0.000382184     0.000264383      0.00383303      0.00384488        0.118672 
       0.421697          2.22176         -1.2933        0.861783      0.00035292     0.000244139      0.00374927       0.0037596         0.13796 
       0.446684          2.06427         -1.2605        0.839962     0.000324742     0.000224646      0.00365433      0.00366331        0.159814 
       0.473151          1.92179        -1.22363        0.815418     0.000297618     0.000205883      0.00354755      0.00355532         0.18439 
       0.501187          1.79316        -1.18251        0.788046     0.000271538     0.000187841      0.00342847      0.00343517        0.211791 
       0.530884          1.67732         -1.1371        0.757809     0.000246512      0.00017053      0.00329692      0.00330266        0.242056 
       0.562341          1.57326        -1.08747        0.724755     0.000222572     0.000153968      0.00315312      0.00315801        0.275136 
       0.595662          1.48005        -1.03384        0.689033     0.000199765     0.000138191       0.0029977      0.00300186        0.310883 
       0.630957          1.39681       -0.976597        0.650901     0.000178153     0.000123241      0.00283181       0.0028353        0.349037 
       0.668344          1.32273       -0.916298        0.610729     0.000157808     0.000109166      0.00265704      0.00265996        0.389229 
       0.707946          1.25702       -0.853653        0.568991     0.000138798     9.60165e-05      0.00247545      0.00247788        0.430985 
       0.749894          1.19895       -0.789501        0.526246      0.00012119     8.38357e-05      0.00228948      0.00229149        0.473746 
       0.794328          1.14782       -0.724767         0.48311     0.000105033     7.26584e-05      0.00210182      0.00210346        0.516895 
       0.841395          1.10296       -0.660409        0.440222     9.03547e-05     6.25046e-05      0.00191523      0.00191656        0.559794 
       0.891251          1.06375       -0.597364        0.398207     7.71592e-05     5.33764e-05      0.00173244      0.00173351        0.601818 
       0.944061          1.02961       -0.536493        0.357639      6.5422e-05     4.52569e-05      0.00155594       0.0015568        0.642393 
              1         0.999981       -0.478537        0.319012     5.50917e-05     3.81107e-05      0.00138789      0.00138858        0.681025 
        1.05925         0.974354       -0.424086         0.28272     4.60931e-05     3.18858e-05         0.00123      0.00123054        0.717321 
        1.12202         0.952258       -0.373566        0.249047     3.83319e-05     2.65168e-05       0.0010835      0.00108393        0.750996 
         1.1885         0.933262       -0.327235        0.218164     3.17002e-05     2.19292e-05     0.000949144     0.000949476         0.78188 
        1.25893         0.916974       -0.285195        0.190141     2.60829e-05     1.80433e-05     0.000827227     0.000827486        0.809902 
        1.33352         0.903043       -0.247416        0.164958     2.13625e-05     1.47779e-05     0.000717666     0.000717866        0.835084 
        1.41254         0.891152       -0.213762        0.142524     1.74247e-05     1.20539e-05     0.000620062     0.000620216        0.857518 
        1.49624         0.881024       -0.184013        0.122692      1.4161e-05     9.79614e-06     0.000533782       0.0005339        0.877348 
        1.58489         0.872411       -0.157895        0.105281     1.14717e-05     7.93576e-06     0.000458033     0.000458124        0.894757 
         1.6788         0.865098       -0.135104       0.0900866       9.267e-06     6.41062e-06      0.00039193        0.000392        0.909948 
        1.77828         0.858896       -0.115321       0.0768969     7.46772e-06     5.16594e-06     0.000334547       0.0003346        0.923135 
        1.88365         0.853644      -0.0982251       0.0654994     6.00504e-06      4.1541e-06     0.000284961     0.000285001        0.934531 
        1.99526           0.8492      -0.0835111       0.0556892     4.82003e-06     3.33435e-06     0.000242281     0.000242312        0.944338 
        2.11349         0.845442      -0.0708897       0.0472741      3.8628e-06     2.67216e-06      0.00020567     0.000205693        0.952751 
        2.23872         0.842267      -0.0600949       0.0400766      3.0915e-06      2.1386e-06     0.000174357     0.000174374        0.959947 
        2.37137         0.839587      -0.0508853       0.0339359     2.47137e-06     1.70962e-06     0.000147641     0.000147654        0.966085 
        2.51189         0.837326      -0.0430448       0.0287079      1.9737e-06     1.36534e-06     0.000124897     0.000124907        0.971311 
        2.66073         0.835418       -0.036382       0.0242652     1.57493e-06     1.08949e-06     0.000105568     0.000105575        0.975752 
        2.81838          0.83381      -0.0307288       0.0204954     1.25584e-06     8.68754e-07     8.91673e-05      8.9173e-05         0.97952 
        2.98538         0.832454      -0.0259384        0.017301      1.0008e-06     6.92325e-07     7.52695e-05     7.52738e-05        0.982713 
        3.16228         0.831312      -0.0218836        0.014597     7.97153e-07     5.51446e-07     6.35055e-05     6.35088e-05        0.985416 
        3.34965         0.830349      -0.0184547       0.0123103      6.3467e-07     4.39045e-07     5.35572e-05     5.35597e-05        0.987701 
        3.54813         0.829539      -0.0155574       0.0103781     5.05122e-07     3.49428e-07     4.51508e-05     4.51527e-05        0.989632 
        3.75837         0.828856      -0.0131109      0.00874646     4.01894e-07     2.78018e-07     3.80523e-05     3.80537e-05        0.991263 
        3.98107         0.828281      -0.0110462      0.00736945     3.19679e-07     2.21144e-07     3.20615e-05     3.20625e-05        0.992639 
        4.21697         0.827798     -0.00930466      0.00620787     2.54227e-07     1.75866e-07     2.70079e-05     2.70087e-05          0.9938 
        4.46684          0.82739      -0.0078362      0.00522841     2.02138e-07     1.39833e-07     2.27467e-05     2.27473e-05        0.994778 
        4.73151         0.827047     -0.00659845      0.00440281     1.60697e-07     1.11165e-07     1.91548e-05     1.91553e-05        0.995603 
        5.01187         0.826759     -0.00555546      0.00370709     1.27736e-07     8.83635e-08      1.6128e-05     1.61284e-05        0.996298 
        5.30884         0.826516      -0.0046768      0.00312096     1.01524e-07     7.02309e-08      1.3578e-05     1.35783e-05        0.996884 
        5.62341         0.826312     -0.00393673      0.00262726      8.0683e-08      5.5814e-08     1.14301e-05     1.14303e-05        0.997377 
        5.95662          0.82614     -0.00331351      0.00221148     6.41154e-08     4.43531e-08     9.62127e-06     9.62143e-06        0.997792 
        6.30957         0.825995     -0.00278875      0.00186138     5.09466e-08     3.52432e-08     8.09812e-06     8.09825e-06        0.998142 
        6.68344         0.825873     -0.00234695      0.00156662     4.04802e-08      2.8003e-08     6.81573e-06     6.81583e-06        0.998436 
        7.07946         0.825771     -0.00197505      0.00131847     3.21626e-08     2.22491e-08     5.73615e-06     5.73622e-06        0.998684 
        7.49894         0.825684       -0.001662      0.00110959      2.5553e-08     1.76767e-08     4.82737e-06     4.82743e-06        0.998893 
        7.94328         0.825612     -0.00139853     0.000933768      2.0301e-08     1.40436e-08     4.06244e-06     4.06249e-06        0.999068 
        8.41395         0.825551     -0.00117678     0.000785784     1.61281e-08     1.11569e-08     3.41863e-06     3.41866e-06        0.999216 
        8.91251           0.8255    -0.000990159     0.000661237     1.28126e-08     8.86333e-09     2.87677e-06      2.8766e-06         0.99934 
        9.44061         0.825456    -0.000833114      0.00055642     1.01784e-08     7.04113e-09     2.42076e-06     2.42019e-06        0.999445 
             10          0.82542    -0.000700961      0.00046821     8.08574e-09     5.59346e-09     2.03699e-06     2.03619e-06        0.999533 
        10.5925         0.825389    -0.000589759     0.000393979     6.42321e-09     4.44337e-09     1.71404e-06      1.7131e-06        0.999607 
        11.2202         0.825364     -0.00049619     0.000331513     5.10245e-09     3.52972e-09     1.44228e-06     1.44128e-06         0.99967 
         11.885         0.825342    -0.000417458     0.000278948     4.05323e-09      2.8039e-09     1.21359e-06     1.21258e-06        0.999722 
        12.5893         0.825324    -0.000351214     0.000234716     3.21974e-09     2.22732e-09     1.02115e-06     1.02017e-06        0.999766 
        13.3352         0.825308    -0.000295477     0.000197496     2.55763e-09     1.76929e-09     8.59224e-07     8.58297e-07        0.999803 
        14.1254         0.825296    -0.000248582     0.000166177     2.03166e-09     1.40544e-09      7.2297e-07     7.22106e-07        0.999835 
        14.9624         0.825285    -0.000209126     0.000139824     1.61385e-09     1.11641e-09     6.08319e-07     6.07527e-07        0.999861 
        15.8489         0.825276    -0.000175931      0.00011765     1.28195e-09     8.86814e-10     5.11848e-07     5.11129e-07        0.999883 
         16.788         0.825268    -0.000148003     9.89922e-05     1.01831e-09     7.04435e-10     4.30675e-07     4.30028e-07        0.999901 
        17.7828         0.825261    -0.000124506     8.32928e-05     8.08884e-10     5.59561e-10     3.62373e-07     3.61796e-07        0.999917 
        18.8365         0.825256    -0.000104739     7.00831e-05     6.42528e-10     4.44481e-10     3.04903e-07     3.04391e-07         0.99993 
        19.9526         0.825251    -8.81082e-05     5.89682e-05     5.10384e-10     3.53068e-10     2.56547e-07     2.56095e-07        0.999941 
        21.1349         0.825248    -7.41172e-05      4.9616e-05     4.05416e-10     2.80454e-10     2.15859e-07     2.15463e-07        0.999951 
        22.3872         0.825244     -6.2347e-05      4.1747e-05     3.22036e-10     2.22774e-10     1.81624e-07     1.81278e-07        0.999959 
        23.7137         0.825242    -5.24451e-05      3.5126e-05     2.55804e-10     1.76957e-10     1.52819e-07     1.52517e-07        0.999965 
        25.1189         0.825239    -4.41151e-05      2.9555e-05     2.03193e-10     1.40563e-10     1.28582e-07     1.28319e-07        0.999971 
        26.6073         0.825237    -3.71075e-05     2.48675e-05     1.61403e-10     1.11654e-10     1.08189e-07     1.07961e-07        0.999975 
        28.1838         0.825236    -3.12125e-05     2.09235e-05     1.28208e-10       8.869e-11     9.10297e-08      9.0833e-08        0.999979 
        29.8538         0.825234    -2.62535e-05      1.7605e-05     1.01839e-10     7.04492e-11     7.65922e-08     7.64225e-08        0.999983 
        31.6228         0.825233    -2.20819e-05     1.48128e-05      8.0894e-11     5.59599e-11     6.44445e-08     6.42984e-08        0.999985 
        33.4965         0.825232    -1.85728e-05     1.24634e-05     6.42565e-11     4.44507e-11     5.42234e-08     5.40979e-08        0.999988 
        35.4813         0.825232     -1.5621e-05     1.04867e-05     5.10409e-11     3.53085e-11     4.56234e-08     4.55157e-08         0.99999 
        37.5837         0.825231     -1.3138e-05     8.82348e-06     4.05433e-11     2.80466e-11     3.83874e-08     3.82951e-08        0.999991 
        39.8107          0.82523    -1.10494e-05     7.42404e-06     3.22047e-11     2.22782e-11      3.2299e-08       3.222e-08        0.999993 
        42.1697          0.82523    -9.29263e-06     6.24656e-06     2.55811e-11     1.76962e-11     2.71762e-08     2.71088e-08        0.999994 
        44.6684         0.825229    -7.81493e-06     5.25583e-06     2.03198e-11     1.40566e-11      2.2866e-08     2.28084e-08        0.999995 
        47.3151         0.825229    -6.57202e-06     4.42223e-06     1.61406e-11     1.11656e-11     1.92393e-08     1.91902e-08        0.999996 
        50.1187         0.825229    -5.52661e-06     3.72085e-06      1.2821e-11     8.86915e-12     1.61879e-08      1.6146e-08        0.999996 
        53.0884         0.825229    -4.64734e-06     3.13071e-06     1.01841e-11     7.04502e-12     1.36204e-08     1.35848e-08        0.999997 
        56.2341         0.825228    -3.90782e-06     2.63416e-06     8.08949e-12     5.59606e-12     1.14602e-08     1.14298e-08        0.999997 
        59.5662         0.825228    -3.28586e-06     2.21637e-06     6.42572e-12     4.44511e-12     9.64253e-09     9.61676e-09        0.999998 
        63.0957         0.825228    -2.76278e-06     1.86485e-06     5.10413e-12     3.53088e-12     8.11318e-09     8.09129e-09        0.999998 
        66.8344         0.825228    -2.32287e-06     1.56907e-06     4.05436e-12     2.80468e-12     6.82639e-09     6.80781e-09        0.999998 
        70.7946         0.825228    -1.95292e-06     1.32021e-06     3.22049e-12     2.22783e-12      5.7437e-09     5.72793e-09        0.999999 
        74.9894         0.825228    -1.64181e-06     1.11082e-06     2.55813e-12     1.76963e-12     4.83272e-09     4.81935e-09        0.999999 
        79.4328         0.825228    -1.38019e-06     9.34637e-07     2.03199e-12     1.40567e-12     4.06623e-09     4.05489e-09        0.999999 
        84.1395         0.825228     -1.1602e-06       7.864e-07     1.61407e-12     1.11656e-12      3.4213e-09      3.4117e-09        0.999999 
        89.1251         0.825228    -9.75223e-07     6.61673e-07      1.2821e-12     8.86917e-13     2.87867e-09     2.87054e-09        0.999999 
        94.4061         0.825227    -8.19687e-07     5.56728e-07     1.01841e-12     7.04504e-13      2.4221e-09     2.41521e-09        0.999999 
