#  a  GeffG(a,k)  D1(a,k)  D1mnu(a,k) ( D1_transfer(a,k) D1mnu_transfer(a,k) )  D2(a,k)  D3a(a,k)  D3b(a,k)  (source terms)  (Output for k = 0.001 h/Mpc)
       0.047619                1               1     0.000618513               1               1       -0.428571       -0.333333        0.238095        0.995652        0.995649        0.995649        0.995649 
      0.0485219                1         1.02133     0.000930128         1.02099         1.07859       -0.444974       -0.352651        0.251893        0.995652        0.995649        0.995649        0.995649 
      0.0494419                1           1.043      0.00177254         1.04171         1.15837       -0.462001       -0.373086        0.266488        0.995652        0.995649        0.995649        0.995649 
      0.0503793                1           1.065      0.00315118         1.06229         1.24175       -0.479679        -0.39471        0.281931        0.995653        0.995649        0.995649        0.995649 
      0.0513344                1         1.08736      0.00507325         1.08282         1.33087       -0.498035       -0.417601        0.298274        0.995653        0.995649        0.995649        0.995649 
      0.0523077                1         1.11008      0.00754509          1.1034          1.4276       -0.517097        -0.44184        0.315576        0.995653        0.995649        0.995649        0.995649 
      0.0532995                1         1.13317       0.0105736         1.12411         1.53359       -0.536896       -0.467513        0.333895        0.995653        0.995649        0.995649        0.995649 
        0.05431                1         1.15663       0.0141655         1.14503         1.65029       -0.557461       -0.494712        0.353297        0.995653        0.995649        0.995649        0.995649 
      0.0553397                1         1.18048        0.018328         1.16622         1.77893       -0.578824       -0.523532        0.373847        0.995654        0.995649        0.995649        0.995649 
      0.0563889                1         1.20472       0.0230681         1.18773         1.92057       -0.601019       -0.554076        0.395618        0.995654        0.995649        0.995649        0.995649 
      0.0574581                1         1.22937       0.0283931         1.20961          2.0761        -0.62408       -0.586453        0.418685        0.995654        0.995649        0.995649        0.995649 
      0.0585475                1         1.25443       0.0343104          1.2319         2.24627        -0.64804       -0.620775        0.443127        0.995654        0.995649        0.995649        0.995649 
      0.0596575                1         1.27991       0.0408276         1.25464         2.43167       -0.672939       -0.657165        0.469029        0.995655        0.995649        0.995649        0.995649 
      0.0607886                1         1.30582       0.0479524         1.27784         2.63279       -0.698812       -0.695751         0.49648        0.995655        0.995649        0.995649        0.995649 
      0.0619411                1         1.33217       0.0556926         1.30154         2.84999         -0.7257       -0.736668        0.525575        0.995655        0.995649        0.995649        0.995649 
      0.0631155                1         1.35898       0.0640562         1.32574         3.08352       -0.753645       -0.780059        0.556414        0.995656        0.995649        0.995649        0.995649 
      0.0643122                1         1.38624       0.0730513         1.35047         3.33353       -0.782687       -0.826076        0.589104        0.995656        0.995649        0.995649        0.995649 
      0.0655315                1         1.41397       0.0826864         1.37573         3.60046       -0.812871        -0.87488        0.623756        0.995656        0.995649        0.995649        0.995649 
       0.066774                1         1.44219       0.0929698         1.40153         3.88674       -0.844244       -0.926642        0.660488        0.995657        0.995649        0.995649        0.995649 
        0.06804                1         1.47089         0.10391          1.4279         4.19522       -0.876851        -0.98154        0.699428        0.995657        0.995649        0.995649        0.995649 
        0.06933                1          1.5001        0.115516         1.45485         4.52839       -0.910744        -1.03977        0.740707        0.995658        0.995649        0.995649        0.995649 
      0.0706445                1         1.52981        0.127797         1.48238         4.88834       -0.945972        -1.10152        0.784466        0.995658        0.995649        0.995649        0.995649 
      0.0719839                1         1.56005        0.140762          1.5105         5.27683       -0.982588        -1.16702        0.830855        0.995659        0.995649        0.995649        0.995649 
      0.0733487                1         1.59082        0.154421         1.53921         5.69534        -1.02065        -1.23648        0.880031        0.995659        0.995649        0.995649        0.995649 
      0.0747394                1         1.62214        0.168782          1.5685         6.14505        -1.06021        -1.31015         0.93216         0.99566        0.995649        0.995649        0.995649 
      0.0761564                1         1.65401        0.183855         1.59837         6.62686        -1.10133        -1.38828         0.98742        0.995661        0.995649        0.995649        0.995649 
      0.0776003                1         1.68645        0.199652         1.62882         7.14149        -1.14407        -1.47114           1.046        0.995661        0.995649        0.995649        0.995649 
      0.0790716                1         1.71947         0.21618         1.65982         7.68939         -1.1885          -1.559         1.10809        0.995662        0.995649        0.995649        0.995649 
      0.0805708                1         1.75308        0.233452         1.69137         8.27086        -1.23467        -1.65217         1.17391        0.995663        0.995649        0.995649        0.995649 
      0.0820984                1         1.78728        0.251477         1.72345         8.88623        -1.28267        -1.75097         1.24367        0.995663        0.995649        0.995649        0.995649 
       0.083655                1         1.82211        0.270266         1.75609         9.54067        -1.33256        -1.85573         1.31761        0.995664        0.995649        0.995649        0.995649 
       0.085241                1         1.85756         0.28983          1.7893         10.2437        -1.38441         -1.9668         1.39598        0.995665        0.995649        0.995649        0.995649 
      0.0868572                1         1.89365         0.31018         1.82314         11.0039         -1.4383        -2.08456         1.47904        0.995666        0.995649        0.995649        0.995649 
       0.088504                1         1.93039        0.331328         1.85763         11.8286        -1.49432        -2.20941         1.56707        0.995667        0.995649        0.995649        0.995649 
       0.090182                1          1.9678        0.353285         1.89278         12.7242        -1.55254        -2.34176         1.66036        0.995667        0.995649        0.995649        0.995649 
      0.0918918                1         2.00589        0.376063         1.92861          13.696        -1.61304        -2.48206         1.75923        0.995669        0.995649        0.995649        0.995649 
      0.0936341                1         2.04467        0.399674         1.96513         14.7484        -1.67593        -2.63077         1.86399         0.99567        0.995649        0.995649        0.995649 
      0.0954093                1         2.08415         0.42413         2.00234         15.8852        -1.74129        -2.78841         1.97501        0.995671        0.995649        0.995649        0.995649 
      0.0972183                1         2.12436        0.449444         2.04025         17.1093        -1.80921        -2.95548         2.09264        0.995672        0.995649        0.995649        0.995649 
      0.0990615                1         2.16529        0.475628         2.07884         18.4231         -1.8798        -3.13255         2.21728        0.995673        0.995649        0.995649        0.995649 
        0.10094                1         2.20698        0.502696         2.11814         19.8337        -1.95315         -3.3202         2.34934        0.995675        0.995649        0.995649        0.995649 
       0.102853                1         2.24943         0.53066         2.15818          21.353        -2.02939        -3.51905         2.48926        0.995676        0.995649        0.995649        0.995649 
       0.104804                1         2.29265        0.559535         2.19899         22.9913        -2.10861        -3.72977         2.63749        0.995678        0.995649        0.995649        0.995649 
       0.106791                1         2.33667        0.589334         2.24058         24.7574        -2.19093        -3.95305         2.79453        0.995679        0.995649        0.995649        0.995649 
       0.108815                1         2.38149        0.620071         2.28298         26.6585        -2.27647        -4.18962         2.96089        0.995681        0.995649        0.995649        0.995649 
       0.110878                1         2.42714         0.65176         2.32618         28.7007        -2.36536        -4.44025         3.13711        0.995683        0.995649        0.995649        0.995649 
       0.112981                1         2.47363        0.684415          2.3702         30.8886        -2.45772        -4.70578         3.32378        0.995684        0.995649        0.995649        0.995649 
       0.115123                1         2.52097        0.718053         2.41503         33.2259        -2.55369        -4.98707          3.5215        0.995686        0.995649        0.995649        0.995649 
       0.117305                1         2.56918        0.752687         2.46068         35.7185         -2.6534        -5.28504         3.73092        0.995688        0.995649        0.995649        0.995649 
        0.11953                1         2.61828        0.788332         2.50717         38.3837        -2.75701        -5.60067         3.95272        0.995691        0.995649        0.995649        0.995649 
       0.121796                1         2.66829        0.825006         2.55454         41.2389        -2.86465        -5.93497         4.18763        0.995693        0.995649        0.995649        0.995649 
       0.124105                1         2.71922        0.862723         2.60282         44.2987        -2.97649        -6.28903          4.4364        0.995695        0.995649        0.995649        0.995649 
       0.126458                1         2.77108          0.9015         2.65202         47.5757        -3.09267        -6.66401         4.69985        0.995698        0.995649        0.995649        0.995649 
       0.128856                1         2.82391        0.941353         2.70215         51.0798        -3.21338        -7.06112         4.97883          0.9957        0.995649        0.995649        0.995649 
       0.131299                1          2.8777        0.982298         2.75321         54.8191        -3.33878        -7.48163         5.27424        0.995703        0.995649        0.995649        0.995649 
       0.133788                1          2.9325         1.02435         2.80521         58.8018        -3.46904        -7.92691         5.58703        0.995706        0.995649        0.995649        0.995649 
       0.136325                1          2.9883         1.06754         2.85817         63.0499        -3.60436        -8.39839         5.91822        0.995709        0.995649        0.995649        0.995649 
       0.138909                1         3.04513         1.11186         2.91212         67.5908        -3.74493        -8.89758         6.26886        0.995712        0.995649        0.995649        0.995649 
       0.141543                1         3.10301         1.15735          2.9671         72.4475        -3.89094        -9.42608         6.64009        0.995715        0.995649        0.995649        0.995649 
       0.144227                1         3.16196         1.20403         3.02312         77.6391        -4.04261        -9.98558          7.0331        0.995719        0.995649        0.995649        0.995649 
       0.146961                1         3.22199          1.2519         3.08019         83.1815        -4.20013        -10.5779         7.44913        0.995722        0.995649        0.995649        0.995649 
       0.149748                1         3.28313         1.30098         3.13831         89.0876        -4.36375        -11.2048         7.88953        0.995726        0.995649        0.995649        0.995649 
       0.152587                1          3.3454         1.35131          3.1975         95.3801        -4.53368        -11.8685         8.35569         0.99573        0.995649        0.995649        0.995649 
        0.15548                1         3.40882         1.40289         3.25779         102.097        -4.71016        -12.5709         8.84911        0.995734        0.995649        0.995649        0.995649 
       0.158428                1         3.47341         1.45575         3.31921         109.272        -4.89345        -13.3143         9.37134        0.995738        0.995649        0.995649        0.995649 
       0.161431                1         3.53918         1.50991         3.38179         116.933        -5.08379         -14.101         9.92404        0.995742        0.995649        0.995649        0.995649 
       0.164492                1         3.60617         1.56538         3.44553         125.104        -5.28144        -14.9336          10.509        0.995747        0.995649        0.995649        0.995649 
       0.167611                1         3.67439         1.62218         3.51044         133.804        -5.48669        -15.8146         11.1279        0.995752        0.995649        0.995649        0.995649 
       0.170789                1         3.74386         1.68035         3.57654         143.074        -5.69981        -16.7468         11.7829        0.995757        0.995649        0.995649        0.995649 
       0.174027                1         3.81461         1.73989         3.64387         152.963        -5.92111        -17.7331          12.476        0.995762        0.995649        0.995649        0.995649 
       0.177326                1         3.88665         1.80083         3.71246         163.516        -6.15087        -18.7766         13.2093        0.995768        0.995649        0.995649        0.995649 
       0.180688                1         3.96001          1.8632         3.78232         174.767        -6.38941        -19.8806         13.9852        0.995774        0.995649        0.995649        0.995649 
       0.184114                1         4.03472           1.927         3.85345         186.745        -6.63707        -21.0484          14.806         0.99578        0.995649        0.995649        0.995649 
       0.187605                1         4.11079         1.99227         3.92589         199.499        -6.89417        -22.2837         15.6743        0.995786        0.995649        0.995649        0.995649 
       0.191162                1         4.18825         2.05903         3.99966         213.094        -7.16106        -23.5903         16.5927        0.995793        0.995649        0.995649        0.995649 
       0.194786                1         4.26712          2.1273         4.07479         227.587        -7.43811        -24.9722         17.5643          0.9958        0.995649        0.995649        0.995649 
       0.198479                1         4.34743          2.1971         4.15129         243.025        -7.72567        -26.4337         18.5918        0.995807        0.995649        0.995649        0.995649 
       0.202242                1         4.42919         2.26845         4.22919         259.451        -8.02414        -27.9791         19.6785        0.995814        0.995649        0.995649        0.995649 
       0.206077                1         4.51244         2.34139          4.3085         276.938         -8.3339        -29.6132         20.8277        0.995822        0.995649        0.995649        0.995649 
       0.209984                1         4.59719         2.41592         4.38926         295.567        -8.65538        -31.3411         22.0429        0.995831        0.995649        0.995649        0.995649 
       0.213965                1         4.68347         2.49208         4.47149         315.406        -8.98898        -33.1678         23.3279        0.995839        0.995649        0.995649        0.995649 
       0.218022                1         4.77131         2.56988          4.5552          336.51        -9.33515        -35.0988         24.6863        0.995848        0.995649        0.995649        0.995649 
       0.222156                1         4.86072         2.64935         4.64041         358.959        -9.69433        -37.1401         26.1225        0.995858        0.995649        0.995649        0.995649 
       0.226368                1         4.95174         2.73052         4.72717         382.857         -10.067        -39.2976         27.6406        0.995867        0.995649        0.995649        0.995649 
        0.23066                1         5.04438         2.81341         4.81548         408.291        -10.4536        -41.5777         29.2453        0.995878        0.995649        0.995649        0.995649 
       0.235033                1         5.13867         2.89804         4.90538         435.337        -10.8546        -43.9873         30.9412        0.995888        0.995649        0.995649        0.995649 
       0.239489                1         5.23464         2.98443         4.99686         464.091        -11.2706        -46.5333         32.7334        0.995899        0.995649        0.995649        0.995649 
        0.24403                1          5.3323         3.07261         5.08998          494.68        -11.7021        -49.2233         34.6271        0.995911        0.995649        0.995649        0.995649 
       0.248656                1         5.43169          3.1626         5.18475         527.211        -12.1496         -52.065          36.628        0.995923        0.995649        0.995649        0.995649 
       0.253371                1         5.53282         3.25443         5.28119         561.777        -12.6136        -55.0667         38.7417        0.995936        0.995649        0.995649        0.995649 
       0.258175                1         5.63573         3.34811         5.37931         598.514        -13.0947        -58.2369         40.9745        0.995949        0.995649        0.995649        0.995649 
        0.26307                1         5.74042         3.44368         5.47915         637.567        -13.5936        -61.5848         43.3327        0.995963        0.995649        0.995649        0.995649 
       0.268057                1         5.84693         3.54114         5.58073         679.056        -14.1107        -65.1198          45.823        0.995977        0.995649        0.995649        0.995649 
        0.27314                1         5.95527         3.64053         5.68406         723.117        -14.6467        -68.8518         48.4525        0.995992        0.995649        0.995649        0.995649 
       0.278318                1         6.06548         3.74187         5.78917         769.928        -15.2023        -72.7913         51.2285        0.996007        0.995649        0.995649        0.995649 
       0.283595                1         6.17757         3.84517         5.89609         819.644         -15.778        -76.9492         54.1588        0.996023        0.995649        0.995649        0.995649 
       0.288972                1         6.29156         3.95046         6.00481         872.414        -16.3746        -81.3369         57.2515         0.99604        0.995649        0.995649        0.995649 
       0.294451                1         6.40747         4.05776         6.11538         928.442        -16.9926        -85.9663          60.515        0.996058        0.995649        0.995649        0.995649 
       0.300034                1         6.52532         4.16709         6.22781         987.915        -17.6328        -90.8498         63.9582        0.996076        0.995649        0.995649        0.995649 
       0.305722                1         6.64513         4.27846          6.3421         1051.01        -18.2959        -96.0006         67.5903        0.996095        0.995649        0.995649        0.995649 
       0.311519                1         6.76693         4.39189         6.45829         1117.96        -18.9825        -101.432         71.4209        0.996115        0.995649        0.995649        0.995649 
       0.317425                1         6.89071          4.5074         6.57638         1188.99        -19.6935        -107.159         75.4601        0.996136        0.995649        0.995649        0.995649 
       0.323443                1         7.01651         4.62501          6.6964          1264.3        -20.4295        -113.195         79.7183        0.996157        0.995649        0.995649        0.995649 
       0.329576                1         7.14433         4.74473         6.81835         1344.18        -21.1912        -119.556         84.2065         0.99618        0.995649        0.995649        0.995649 
       0.335824                1         7.27419         4.86657         6.94225         1428.85        -21.9795        -126.259          88.936        0.996203        0.995649        0.995649        0.995649 
       0.342191                1         7.40611         4.99054         7.06811         1518.58         -22.795        -133.319         93.9185        0.996228        0.995649        0.995649        0.995649 
       0.348679                1         7.54008         5.11666         7.19594          1613.7        -23.6386        -140.753         99.1663        0.996253        0.995649        0.995649        0.995649 
        0.35529                1         7.67612         5.24493         7.32575         1714.48         -24.511        -148.581         104.692        0.996279        0.995649        0.995649        0.995649 
       0.362026                1         7.81424         5.37536         7.45754          1821.2         -25.413         -156.82         110.509        0.996307        0.995649        0.995649        0.995649 
        0.36889                1         7.95444         5.50795         7.59132         1934.25        -26.3454        -165.489          116.63        0.996335        0.995649        0.995649        0.995649 
       0.375884                1         8.09673         5.64272         7.72709         2053.95        -27.3089        -174.607          123.07        0.996365        0.995649        0.995649        0.995649 
       0.383011                1          8.2411         5.77965         7.86486         2180.64        -28.3044        -184.197         129.843        0.996395        0.995649        0.995649        0.995649 
       0.390273                1         8.38755         5.91875         8.00462         2314.75        -29.3326        -194.277         136.964        0.996428        0.995649        0.995649        0.995649 
       0.397672                1         8.53609         6.06002         8.14636         2456.66        -30.3942         -204.87         144.448        0.996461        0.995649        0.995649        0.995649 
       0.405212                1          8.6867         6.20344         8.29009         2606.76        -31.4901        -215.998         152.311        0.996496        0.995649        0.995649        0.995649 
       0.412895                1         8.83937         6.34901         8.43578         2765.53        -32.6209        -227.683         160.569        0.996532        0.995649        0.995649        0.995649 
       0.420723                1         8.99409         6.49671         8.58344          2933.4        -33.7875        -239.948         169.238        0.996569        0.995649        0.995649        0.995649 
         0.4287                1         9.15085         6.64654         8.73304         3110.85        -34.9904        -252.818         178.335        0.996608        0.995649        0.995649        0.995649 
       0.436828                1         9.30963         6.79847         8.88458         3298.42        -36.2305        -266.315         187.877        0.996648        0.995649        0.995649        0.995649 
        0.44511                1         9.47041         6.95248         9.03801         3496.58        -37.5084        -280.465         197.882         0.99669        0.995649        0.995649        0.995649 
       0.453549                1         9.63316         7.10855         9.19334         3705.94        -38.8247        -295.291         208.367        0.996734        0.995649        0.995649        0.995649 
       0.462148                1         9.79784         7.26664         9.35051         3927.03          -40.18        -310.819         219.349         0.99678        0.995649        0.995649        0.995649 
       0.470911                1         9.96444         7.42673         9.50951         4160.45        -41.5749        -327.074         230.846        0.996827        0.995649        0.995649        0.995649 
       0.479839                1         10.1329         7.58878          9.6703         4406.87          -43.01        -344.081         242.877        0.996876        0.995649        0.995649        0.995649 
       0.488937                1         10.3032         7.75275         9.83284         4666.89        -44.4856        -361.864         255.459        0.996927        0.995649        0.995649        0.995649 
       0.498207                1         10.4753         7.91859         9.99709         4941.27        -46.0023         -380.45          268.61        0.996979        0.995649        0.995649        0.995649 
       0.507653                1         10.6491         8.08626          10.163         5230.67        -47.5605        -399.861         282.347        0.997034        0.995649        0.995649        0.995649 
       0.517278                1         10.8247          8.2557         10.3305         5535.85        -49.1603        -420.124         296.689        0.997091        0.995649        0.995649        0.995649 
       0.527085                1         11.0018         8.42686         10.4996         5857.55        -50.8022        -441.262         311.651        0.997151        0.995649        0.995649        0.995649 
       0.537079                1         11.1805         8.59967         10.6702         6196.62        -52.4863        -463.299         327.252        0.997212        0.995649        0.995649        0.995649 
       0.547261                1         11.3607         8.77406         10.8422         6553.87        -54.2127        -486.257         343.506        0.997276        0.995649        0.995649        0.995649 
       0.557637                1         11.5423         8.94998         11.0155         6930.23        -55.9814        -510.158         360.431        0.997342        0.995649        0.995649        0.995649 
        0.56821                1         11.7253         9.12734         11.1902          7326.6        -57.7924        -535.023          378.04        0.997411        0.995649        0.995649        0.995649 
       0.578983                1         11.9096         9.30606         11.3661         7743.92        -59.6457        -560.872         396.348        0.997483        0.995649        0.995649        0.995649 
       0.589961                1          12.095         9.48606         11.5431         8183.16        -61.5409        -587.723         415.368        0.997557        0.995649        0.995649        0.995649 
       0.601146                1         12.2816         9.66726         11.7211         8645.35        -63.4778        -615.594         435.112        0.997634        0.995649        0.995649        0.995649 
       0.612544                1         12.4692         9.84955         11.9002         9131.61         -65.456        -644.501         455.592        0.997714        0.995649        0.995649        0.995649 
       0.624157                1         12.6576         10.0328         12.0801         9643.04        -67.4749        -674.456         476.818        0.997797        0.995649        0.995649        0.995649 
       0.635991                1         12.8469          10.217         12.2607         10180.8        -69.5341        -705.471         498.798        0.997884        0.995649        0.995649        0.995649 
       0.648049                1         13.0369         10.4021         12.4421         10746.1        -71.6327        -737.558         521.538        0.997974        0.995649        0.995649        0.995649 
       0.660336                1         13.2275         10.5877          12.624         11340.1          -73.77        -770.723         545.046        0.998067        0.995649        0.995649        0.995649 
       0.672856                1         13.4186          10.774         12.8064         11964.3        -75.9451        -804.971         569.324        0.998163        0.995649        0.995649        0.995649 
       0.685613                1         13.6101         10.9608         12.9892           12620        -78.1569        -840.306         594.375        0.998264        0.995649        0.995649        0.995649 
       0.698612                1         13.8018         11.1479         13.1722         13308.4        -80.4045        -876.728           620.2        0.998368        0.995649        0.995649        0.995649 
       0.711858                1         13.9937         11.3352         13.3554         14031.2        -82.6864        -914.234         646.796        0.998476        0.995649        0.995649        0.995649 
       0.725354                1         14.1856         11.5227         13.5386         14789.9        -85.0015        -952.821         674.161        0.998589        0.995649        0.995649        0.995649 
       0.739107                1         14.3774         11.7101         13.7217         15585.9        -87.3484        -992.479         702.288        0.998706        0.995649        0.995649        0.995649 
        0.75312                1          14.569         11.8975         13.9045           16421        -89.7254         -1033.2         731.171        0.998827        0.995649        0.995649        0.995649 
       0.767399                1         14.7603         12.0846         14.0871           17297        -92.1311        -1074.96           760.8        0.998953        0.995649        0.995649        0.995649 
       0.781949                1         14.9511         12.2713         14.2692         18215.5        -94.5637        -1117.76         791.164        0.999084        0.995649        0.995649        0.995649 
       0.796775                1         15.1413         12.4575         14.4508         19178.3        -97.0214        -1161.57         822.247        0.999221        0.995649        0.995649        0.995649 
       0.811881                1         15.3308         12.6431         14.6317         20186.9        -99.5025        -1206.37         854.035        0.999362        0.995649        0.995649        0.995649 
       0.827274                1         15.5194         12.8279         14.8117         21243.9        -102.005        -1252.13          886.51        0.999509        0.995649        0.995649        0.995649 
       0.842959                1         15.7071         13.0119         14.9909         22352.2        -104.527        -1298.82         919.652        0.999662        0.995649        0.995649        0.995649 
       0.858941                1         15.8937         13.1949         15.1691         23513.9        -107.066        -1346.42         953.438        0.999821        0.995649        0.995649        0.995649 
       0.875227                1         16.0792         13.3768         15.3461         24729.2        -109.621        -1394.89         987.845        0.999986        0.995649        0.995649        0.995649 
       0.891821                1         16.2633         13.5575         15.5219         25996.9        -112.189        -1444.19         1022.85         1.00016        0.995649        0.995649        0.995649 
        0.90873                1         16.4461         13.7368         15.6963         27321.9        -114.768        -1494.29         1058.42         1.00033        0.995649        0.995649        0.995649 
       0.925959                1         16.6273         13.9148         15.8693         28717.3        -117.356        -1545.14         1094.53         1.00052        0.995649        0.995649        0.995649 
       0.943515                1         16.8068         14.0911         16.0407         30191.8        -119.951        -1596.71         1131.14         1.00071        0.995649        0.995649        0.995649 
       0.961404                1         16.9847         14.2659         16.2105         31731.5         -122.55        -1648.94         1168.24         1.00092        0.995649        0.995649        0.995649 
       0.979632                1         17.1607         14.4389         16.3785         33302.1        -125.152        -1701.79         1205.78         1.00112        0.995649        0.995649        0.995649 
       0.998205                1         17.3348           14.61         16.5447         34881.7        -127.754        -1755.21         1243.72         1.00132        0.995649        0.995649        0.995649 
        1.01713                1         17.5069         14.7792         16.5605           35032        -130.354        -1809.15         1282.04         1.00134        0.995649        0.995649        0.995649 
        1.03642                1         17.6769         14.9465         16.5605           35032         -132.95        -1863.56          1320.7         1.00134        0.995649        0.995649        0.995649 
        1.05607                1         17.8448         15.1116         16.5605           35032        -135.539        -1918.39         1359.65         1.00134        0.995649        0.995649        0.995649 
        1.07609                1         18.0104         15.2745         16.5605           35032         -138.12        -1973.58         1398.87         1.00134        0.995649        0.995649        0.995649 
        1.09649                1         18.1737         15.4353         16.5605           35032        -140.691        -2029.09         1438.32         1.00134        0.995649        0.995649        0.995649 
        1.11728                1         18.3346         15.5937         16.5605           35032        -143.249        -2084.86         1477.95         1.00134        0.995649        0.995649        0.995649 
        1.13846                1         18.4931         15.7498         16.5605           35032        -145.793        -2140.83         1517.74         1.00134        0.995649        0.995649        0.995649 
        1.16005                1         18.6491         15.9034         16.5605           35032        -148.321        -2196.95         1557.63         1.00134        0.995649        0.995649        0.995649 
        1.18204                1         18.8026         16.0546         16.5605           35032        -150.831        -2253.18          1597.6         1.00134        0.995649        0.995649        0.995649 
        1.20445                1         18.9535         16.2033         16.5605           35032        -153.322        -2309.45         1637.61         1.00134        0.995649        0.995649        0.995649 
        1.22729                1         19.1018         16.3495         16.5605           35032        -155.791        -2365.72         1677.61         1.00134        0.995649        0.995649        0.995649 
        1.25056                1         19.2474         16.4931         16.5605           35032        -158.237        -2421.93         1717.58         1.00134        0.995649        0.995649        0.995649 
        1.27427                1         19.3904         16.6341         16.5605           35032        -160.659        -2478.04         1757.48         1.00134        0.995649        0.995649        0.995649 
        1.29843                1         19.5307         16.7724         16.5605           35032        -163.056        -2533.99         1797.27         1.00134        0.995649        0.995649        0.995649 
        1.32305                1         19.6683         16.9081         16.5605           35032        -165.425        -2589.74         1836.92         1.00134        0.995649        0.995649        0.995649 
        1.34813                1         19.8032         17.0411         16.5605           35032        -167.765        -2645.24          1876.4         1.00134        0.995649        0.995649        0.995649 
        1.37369                1         19.9353         17.1715         16.5605           35032        -170.077        -2700.45         1915.67         1.00134        0.995649        0.995649        0.995649 
        1.39974                1         20.0647         17.2992         16.5605           35032        -172.357        -2755.33         1954.71         1.00134        0.995649        0.995649        0.995649 
        1.42628                1         20.1914         17.4242         16.5605           35032        -174.606        -2809.83         1993.48         1.00134        0.995649        0.995649        0.995649 
        1.45332                1         20.3153         17.5465         16.5605           35032        -176.823        -2863.91         2031.96         1.00134        0.995649        0.995649        0.995649 
        1.48087                1         20.4365         17.6662         16.5605           35032        -179.006        -2917.55         2070.12         1.00134        0.995649        0.995649        0.995649 
        1.50895                1          20.555         17.7832         16.5605           35032        -181.155        -2970.69         2107.94         1.00134        0.995649        0.995649        0.995649 
        1.53756                1         20.6708         17.8975         16.5605           35032         -183.27        -3023.31         2145.38         1.00134        0.995649        0.995649        0.995649 
        1.56671                1         20.7839         18.0093         16.5605           35032        -185.349        -3075.38         2182.44         1.00134        0.995649        0.995649        0.995649 
        1.59641                1         20.8944         18.1184         16.5605           35032        -187.393        -3126.86         2219.08         1.00134        0.995649        0.995649        0.995649 
        1.62668                1         21.0022         18.2249         16.5605           35032          -189.4        -3177.74         2255.29         1.00134        0.995649        0.995649        0.995649 
        1.65752                1         21.1074         18.3288         16.5605           35032         -191.37        -3227.97         2291.05         1.00134        0.995649        0.995649        0.995649 
        1.68895                1           21.21         18.4302         16.5605           35032        -193.304        -3277.55         2326.35         1.00134        0.995649        0.995649        0.995649 
        1.72097                1           21.31          18.529         16.5605           35032        -195.201        -3326.44         2361.15         1.00134        0.995649        0.995649        0.995649 
         1.7536                1         21.4075         18.6254         16.5605           35032         -197.06        -3374.64         2395.46         1.00134        0.995649        0.995649        0.995649 
        1.78685                1         21.5026         18.7193         16.5605           35032        -198.882        -3422.11         2429.26         1.00134        0.995649        0.995649        0.995649 
        1.82073                1         21.5951         18.8108         16.5605           35032        -200.666        -3468.84         2462.54         1.00134        0.995649        0.995649        0.995649 
        1.85525                1         21.6853            18.9         16.5605           35032        -202.413        -3514.82         2495.29         1.00134        0.995649        0.995649        0.995649 
        1.89042                1          21.773         18.9867         16.5605           35032        -204.123        -3560.04         2527.49         1.00134        0.995649        0.995649        0.995649 
        1.92626                1         21.8584         19.0712         16.5605           35032        -205.795        -3604.48         2559.14         1.00134        0.995649        0.995649        0.995649 
        1.96279                1         21.9415         19.1533         16.5605           35032         -207.43        -3648.14         2590.23         1.00134        0.995649        0.995649        0.995649 
              2                1          21.942         19.1538         16.5605           35032        -207.439        -3648.36         2590.39         1.00134        0.995649        0.995649        0.995649 
