#  a  GeffG(a,k)  D1(a,k)  D1mnu(a,k) ( D1_transfer(a,k) D1mnu_transfer(a,k) )  D2(a,k)  D3a(a,k)  D3b(a,k)  (source terms)  (Output for k = 1e-05 h/Mpc)
       0.047619                1               1       0.0012667               1               1       -0.428571       -0.333333        0.238095        0.995655        0.995649        0.995649        0.995649 
      0.0485219                1         1.02137       0.0016218         1.02103         1.07266       -0.444974       -0.352651        0.251893        0.995655        0.995649        0.995649        0.995649 
      0.0494419                1         1.04307      0.00250733         1.04179         1.14598       -0.462001       -0.373086        0.266488        0.995656        0.995649        0.995649        0.995649 
      0.0503793                1         1.06512      0.00392875          1.0624         1.22179       -0.479679        -0.39471        0.281931        0.995656        0.995649        0.995649        0.995649 
      0.0513344                1         1.08751       0.0058933         1.08297         1.30171       -0.498035       -0.417602        0.298275        0.995656        0.995649        0.995649        0.995649 
      0.0523077                1         1.11027      0.00840736         1.10359         1.38718       -0.517098       -0.441843        0.315577        0.995656        0.995649        0.995649        0.995649 
      0.0532995                1         1.13339       0.0114779         1.12434         1.47945       -0.536897       -0.467518        0.333898        0.995657        0.995649        0.995649        0.995649 
        0.05431                1         1.15689       0.0151117          1.1453         1.57961       -0.557463        -0.49472        0.353301        0.995657        0.995649        0.995649        0.995649 
      0.0553397                1         1.18078       0.0193159         1.16653         1.68861       -0.578828       -0.523544        0.373854        0.995657        0.995649        0.995649        0.995649 
      0.0563889                1         1.20506       0.0240977         1.18809         1.80726       -0.601025       -0.554094        0.395628        0.995658        0.995649        0.995649        0.995649 
      0.0574581                1         1.22974       0.0294645         1.21001         1.93623       -0.624087       -0.586477        0.418698        0.995658        0.995649        0.995649        0.995649 
      0.0585475                1         1.25484       0.0354237         1.23235          2.0761        -0.64805       -0.620808        0.443145        0.995659        0.995649        0.995649        0.995649 
      0.0596575                1         1.28035       0.0419829         1.25513         2.22732       -0.672951       -0.657209        0.469053        0.995659        0.995649        0.995649        0.995649 
      0.0607886                1          1.3063         0.04915         1.27839         2.39026       -0.698828       -0.695807        0.496512         0.99566        0.995649        0.995649        0.995649 
      0.0619411                1         1.33269       0.0569328         1.30213         2.56519       -0.725721       -0.736739        0.525616         0.99566        0.995649        0.995649        0.995649 
      0.0631155                1         1.35953       0.0653394         1.32639         2.75232        -0.75367       -0.780148        0.556465        0.995661        0.995649        0.995649        0.995649 
      0.0643122                1         1.38683        0.074378         1.35117         2.95177       -0.782718       -0.826186        0.589167        0.995662        0.995649        0.995649        0.995649 
      0.0655315                1          1.4146       0.0840572         1.37648          3.1638       -0.812909       -0.875015        0.623833        0.995662        0.995649        0.995649        0.995649 
       0.066774                1         1.44285       0.0943853         1.40234          3.3899       -0.844288       -0.926804        0.660581        0.995663        0.995649        0.995649        0.995649 
        0.06804                1         1.47159        0.105371         1.42877         3.63177       -0.876904       -0.981735        0.699539        0.995664        0.995649        0.995649        0.995649 
        0.06933                1         1.50083        0.117024         1.45578          3.8909       -0.910806           -1.04        0.740839        0.995664        0.995649        0.995649        0.995649 
      0.0706445                1         1.53058        0.129352         1.48338         4.16852       -0.946044        -1.10179        0.784623        0.995665        0.995649        0.995649        0.995649 
      0.0719839                1         1.56085        0.142365         1.51156         4.46567       -0.982672        -1.16734        0.831038        0.995666        0.995649        0.995649        0.995649 
      0.0733487                1         1.59166        0.156073         1.54034         4.78319        -1.02074        -1.23685        0.880245        0.995667        0.995649        0.995649        0.995649 
      0.0747394                1         1.62301        0.170485          1.5697         5.12175        -1.06032        -1.31058        0.932408        0.995668        0.995649        0.995649        0.995649 
      0.0761564                1         1.65492        0.185611         1.59965         5.48184        -1.10145        -1.38878        0.987706        0.995668        0.995649        0.995649        0.995649 
      0.0776003                1          1.6874         0.20146         1.63016         5.86383        -1.14421        -1.47171         1.04633        0.995669        0.995649        0.995649        0.995649 
      0.0790716                1         1.72045        0.218044         1.66124         6.26794        -1.18866        -1.55966         1.10847         0.99567        0.995649        0.995649        0.995649 
      0.0805708                1         1.75409        0.235372         1.69287         6.69428        -1.23485        -1.65292         1.17433        0.995671        0.995649        0.995649        0.995649 
      0.0820984                1         1.78834        0.253455         1.72503         7.14297        -1.28287        -1.75182         1.24415        0.995672        0.995649        0.995649        0.995649 
       0.083655                1          1.8232        0.272304         1.75775         7.61702        -1.33279        -1.85668         1.31816        0.995673        0.995649        0.995649        0.995649 
       0.085241                1         1.85869        0.291931         1.79105         8.12201        -1.38466        -1.96788          1.3966        0.995675        0.995649        0.995649        0.995649 
      0.0868572                1         1.89482        0.312345         1.82497         8.66291        -1.43858        -2.08577         1.47974        0.995676        0.995649        0.995649        0.995649 
       0.088504                1          1.9316        0.333559         1.85955         9.24401        -1.49463        -2.21076         1.56785        0.995677        0.995649        0.995649        0.995649 
       0.090182                1         1.96905        0.355584         1.89479           9.869        -1.55288        -2.34327         1.66123        0.995678        0.995649        0.995649        0.995649 
      0.0918918                1         2.00717        0.378433         1.93071          10.541        -1.61342        -2.48374          1.7602         0.99568        0.995649        0.995649        0.995649 
      0.0936341                1         2.04599        0.402117         1.96733         11.2625        -1.67635        -2.63265         1.86508        0.995681        0.995649        0.995649        0.995649 
      0.0954093                1         2.08551        0.426649         2.00465         12.0356        -1.74174        -2.79048         1.97621        0.995683        0.995649        0.995649        0.995649 
      0.0972183                1         2.12575        0.452041         2.04265          12.862        -1.80971        -2.95778         2.09397        0.995684        0.995649        0.995649        0.995649 
      0.0990615                1         2.16673        0.478306         2.08135         13.7431        -1.88034        -3.13509         2.21876        0.995686        0.995649        0.995649        0.995649 
        0.10094                1         2.20846        0.505458         2.12076         14.6833        -1.95375          -3.323         2.35097        0.995688        0.995649        0.995649        0.995649 
       0.102853                1         2.25095        0.533509         2.16091         15.6905        -2.03003        -3.52214         2.49105         0.99569        0.995649        0.995649        0.995649 
       0.104804                1         2.29421        0.562474         2.20182         16.7712        -2.10931        -3.73317         2.63947        0.995692        0.995649        0.995649        0.995649 
       0.106791                1         2.33827        0.592366         2.24353         17.9313        -2.19169        -3.95677          2.7967        0.995694        0.995649        0.995649        0.995649 
       0.108815                1         2.38314        0.623199         2.28605         19.1756         -2.2773         -4.1937         2.96327        0.995696        0.995649        0.995649        0.995649 
       0.110878                1         2.42883        0.654987         2.32938         20.5079        -2.36625        -4.44472         3.13972        0.995698        0.995649        0.995649        0.995649 
       0.112981                1         2.47536        0.687746         2.37353         21.9315        -2.45868        -4.71066         3.32663        0.995701        0.995649        0.995649        0.995649 
       0.115123                1         2.52274         0.72149         2.41849         23.4487        -2.55473         -4.9924         3.52462        0.995703        0.995649        0.995649        0.995649 
       0.117305                1           2.571        0.756234         2.46426         25.0631        -2.65452        -5.29085         3.73432        0.995706        0.995649        0.995649        0.995649 
        0.11953                1         2.62014        0.791994         2.51089         26.7843        -2.75821        -5.60699         3.95643        0.995709        0.995649        0.995649        0.995649 
       0.121796                1          2.6702        0.828785          2.5584         28.6219        -2.86594        -5.94185         4.19167        0.995711        0.995649        0.995649        0.995649 
       0.124105                1         2.72117        0.866624         2.60682         30.5841        -2.97787        -6.29651          4.4408        0.995714        0.995649        0.995649        0.995649 
       0.126458                1         2.77308        0.905526         2.65617         32.6776        -3.09416        -6.67213         4.70463        0.995718        0.995649        0.995649        0.995649 
       0.128856                1         2.82595        0.945508         2.70645         34.9077        -3.21497        -7.06992         4.98402        0.995721        0.995649        0.995649        0.995649 
       0.131299                1          2.8798        0.986588         2.75766         37.2788        -3.34048        -7.49117         5.27987        0.995724        0.995649        0.995649        0.995649 
       0.133788                1         2.93463         1.02878         2.80982         39.7953        -3.47087        -7.93724         5.59313        0.995728        0.995649        0.995649        0.995649 
       0.136325                1         2.99048         1.07211         2.86294         42.4695        -3.60631        -8.40956         5.92483        0.995732        0.995649        0.995649        0.995649 
       0.138909                1         3.04736         1.11658         2.91706          45.317        -3.74701        -8.90965         6.27601        0.995736        0.995649        0.995649        0.995649 
       0.141543                1         3.10529         1.16222         2.97221         48.3507        -3.89316        -9.43911         6.64782         0.99574        0.995649        0.995649        0.995649 
       0.144227                1         3.16429         1.20905         3.02841         51.5816        -4.04497        -9.99965         7.04145        0.995744        0.995649        0.995649        0.995649 
       0.146961                1         3.22438         1.25708         3.08565         55.0185        -4.20265         -10.593         7.45815        0.995748        0.995649        0.995649        0.995649 
       0.149748                1         3.28558         1.30633         3.14395         58.6685        -4.36642        -11.2212         7.89926        0.995753        0.995649        0.995649        0.995649 
       0.152587                1          3.3479         1.35683         3.20333         62.5442        -4.53652        -11.8861         8.36619        0.995758        0.995649        0.995649        0.995649 
        0.15548                1         3.41137         1.40859         3.26381         66.6668        -4.71318        -12.5898         8.86042        0.995763        0.995649        0.995649        0.995649 
       0.158428                1         3.47601         1.46163         3.32543         71.0547        -4.89665        -13.3346         9.38352        0.995768        0.995649        0.995649        0.995649 
       0.161431                1         3.54184         1.51597         3.38821         75.7235        -5.08718        -14.1229         9.93715        0.995773        0.995649        0.995649        0.995649 
       0.164492                1         3.60889         1.57163         3.45216         80.6858        -5.28505        -14.9571         10.5231        0.995779        0.995649        0.995649        0.995649 
       0.167611                1         3.67716         1.62863         3.51728         85.9526        -5.49051        -15.8398         11.1431        0.995785        0.995649        0.995649        0.995649 
       0.170789                1         3.74669         1.68699          3.5836         91.5458        -5.70386        -16.7739         11.7992        0.995791        0.995649        0.995649        0.995649 
       0.174027                1          3.8175         1.74674         3.65115         97.4929        -5.92539        -17.7622         12.4935        0.995797        0.995649        0.995649        0.995649 
       0.177326                1          3.8896          1.8079         3.71996         103.817         -6.1554        -18.8078         13.2281        0.995804        0.995649        0.995649        0.995649 
       0.180688                1         3.96302         1.87048         3.79005         110.538         -6.3942         -19.914         14.0053        0.995811        0.995649        0.995649        0.995649 
       0.184114                1         4.03779         1.93451         3.86142         117.672        -6.64213        -21.0842         14.8276        0.995818        0.995649        0.995649        0.995649 
       0.187605                1         4.11393               2         3.93409         125.244        -6.89952         -22.322         15.6974        0.995826        0.995649        0.995649        0.995649 
       0.191162                1         4.19145           2.067         4.00811         133.289        -7.16671        -23.6313         16.6176        0.995834        0.995649        0.995649        0.995649 
       0.194786                1         4.27039          2.1355         4.08349          141.84        -7.44406         -25.016         17.5909        0.995842        0.995649        0.995649        0.995649 
       0.198479                1         4.35076         2.20555         4.16026          150.92        -7.73195        -26.4805         18.6203        0.995851        0.995649        0.995649        0.995649 
       0.202242                1         4.43259         2.27715         4.23841         160.553        -8.03076        -28.0291          19.709        0.995859        0.995649        0.995649        0.995649 
       0.206077                1          4.5159         2.35034         4.31799         170.779        -8.34088        -29.6667         20.8604        0.995869        0.995649        0.995649        0.995649 
       0.209984                1         4.60073         2.42514         4.39903         181.641        -8.66273        -31.3981         22.0778        0.995878        0.995649        0.995649        0.995649 
       0.213965                1         4.68708         2.50156         4.48154         193.176        -8.99672        -33.2287         23.3652        0.995888        0.995649        0.995649        0.995649 
       0.218022                1         4.77499         2.57964         4.56554         205.415         -9.3433        -35.1638         24.7262        0.995899        0.995649        0.995649        0.995649 
       0.222156                1         4.86447          2.6594         4.65105         218.399         -9.7029        -37.2094         26.1651         0.99591        0.995649        0.995649        0.995649 
       0.226368                1         4.95556         2.74085          4.7381         232.185         -10.076        -39.3715         27.6861        0.995921        0.995649        0.995649        0.995649 
        0.23066                1         5.04828         2.82403         4.82672         246.822        -10.4631        -41.6566         29.2938        0.995933        0.995649        0.995649        0.995649 
       0.235033                1         5.14265         2.90896         4.91693          262.35        -10.8646        -44.0713          30.993        0.995945        0.995649        0.995649        0.995649 
       0.239489                1         5.23869         2.99565         5.00874         278.822        -11.2811        -46.6229         32.7887        0.995958        0.995649        0.995649        0.995649 
        0.24403                1         5.33644         3.08415         5.10218         296.306        -11.7131        -49.3186         34.6861        0.995971        0.995649        0.995649        0.995649 
       0.248656                1         5.43591         3.17446         5.19728          314.86        -12.1611        -52.1665         36.6909        0.995985        0.995649        0.995649        0.995649 
       0.253371                1         5.53712         3.26661         5.29406         334.536        -12.6257        -55.1747         38.8088           0.996        0.995649        0.995649        0.995649 
       0.258175                1         5.64011         3.36062         5.39253         355.407        -13.1074        -58.3519          41.046        0.996015        0.995649        0.995649        0.995649 
        0.26307                1         5.74488         3.45652         5.49273         377.552        -13.6069        -61.7071         43.4088        0.996031        0.995649        0.995649        0.995649 
       0.268057                1         5.85148         3.55433         5.59467         401.037        -14.1247        -65.2499          45.904        0.996047        0.995649        0.995649        0.995649 
        0.27314                1         5.95991         3.65407         5.69836         425.937        -14.6614        -68.9901         48.5388        0.996064        0.995649        0.995649        0.995649 
       0.278318                1         6.07021         3.75576         5.80385         452.348        -15.2177        -72.9383         51.3204        0.996082        0.995649        0.995649        0.995649 
       0.283595                1         6.18239         3.85942         5.91115         480.356        -15.7941        -77.1054         54.2566          0.9961        0.995649        0.995649        0.995649 
       0.288972                1         6.29647         3.96508         6.02027         510.044        -16.3914        -81.5028         57.3555        0.996119        0.995649        0.995649        0.995649 
       0.294451                1         6.41247         4.07275         6.13123         541.524        -17.0103        -86.1425         60.6256        0.996139        0.995649        0.995649        0.995649 
       0.300034                1         6.53042         4.18246         6.24406         574.901        -17.6513        -91.0369         64.0758         0.99616        0.995649        0.995649        0.995649 
       0.305722                1         6.65033         4.29421         6.35877          610.27        -18.3152        -96.1992         67.7153        0.996182        0.995649        0.995649        0.995649 
       0.311519                1         6.77222         4.40804         6.47538         647.767        -19.0028        -101.643         71.5538        0.996204        0.995649        0.995649        0.995649 
       0.317425                1          6.8961         4.52395          6.5939         687.512        -19.7147        -107.382         75.6013        0.996228        0.995649        0.995649        0.995649 
       0.323443                1           7.022         4.64196         6.71436         729.626        -20.4516        -113.432         79.8683        0.996252        0.995649        0.995649        0.995649 
       0.329576                1         7.14993         4.76209         6.83676         774.261        -21.2143        -119.808         84.3657        0.996278        0.995649        0.995649        0.995649 
       0.335824                1         7.27989         4.88434         6.96111          821.55        -22.0037        -126.525          89.105        0.996304        0.995649        0.995649        0.995649 
       0.342191                1         7.41191         5.00874         7.08743         871.649        -22.8203        -133.601         94.0979        0.996331        0.995649        0.995649        0.995649 
       0.348679                1         7.54599         5.13528         7.21573         924.741         -23.665        -141.053         99.3566         0.99636        0.995649        0.995649        0.995649 
        0.35529                1         7.68214         5.26399         7.34602         980.982        -24.5386        -148.898         104.894         0.99639        0.995649        0.995649        0.995649 
       0.362026                1         7.82037         5.39486          7.4783         1040.54        -25.4418        -157.155         110.723        0.996421        0.995649        0.995649        0.995649 
        0.36889                1         7.96069          5.5279         7.61257         1103.63        -26.3754        -165.844         116.857        0.996453        0.995649        0.995649        0.995649 
       0.375884                1         8.10309         5.66312         7.74885         1170.45        -27.3402        -174.984         123.311        0.996487        0.995649        0.995649        0.995649 
       0.383011                1         8.24757         5.80051         7.88713         1241.19         -28.337        -184.595         130.098        0.996522        0.995649        0.995649        0.995649 
       0.390273                1         8.39415         5.94007          8.0274         1316.12        -29.3666        -194.698         137.234        0.996559        0.995649        0.995649        0.995649 
       0.397672                1          8.5428          6.0818         8.16968         1395.45        -30.4297        -205.315         144.734        0.996597        0.995649        0.995649        0.995649 
       0.405212                1         8.69353          6.2257         8.31394         1479.41        -31.5271        -216.469         152.613        0.996636        0.995649        0.995649        0.995649 
       0.412895                1         8.84632         6.37175         8.46019         1568.31        -32.6594         -228.18         160.889        0.996678        0.995649        0.995649        0.995649 
       0.420723                1         9.00117         6.51993          8.6084         1662.39        -33.8276        -240.474         169.577         0.99672        0.995649        0.995649        0.995649 
         0.4287                1         9.15806         6.67025         8.75856         1761.95        -35.0322        -253.373         178.693        0.996765        0.995649        0.995649        0.995649 
       0.436828                1         9.31696         6.82267         8.91066         1867.32         -36.274        -266.902         188.256        0.996812        0.995649        0.995649        0.995649 
        0.44511                1         9.47787         6.97718         9.06468          1978.8        -37.5537        -281.084         198.282         0.99686        0.995649        0.995649        0.995649 
       0.453549                1         9.64074         7.13375         9.22059         2096.76        -38.8718        -295.944         208.789        0.996911        0.995649        0.995649        0.995649 
       0.462148                1         9.80556         7.29235         9.37836         2221.53         -40.229        -311.508         219.795        0.996963        0.995649        0.995649        0.995649 
       0.470911                1          9.9723         7.45295         9.53796          2353.5        -41.6259        -327.801         231.318        0.997018        0.995649        0.995649        0.995649 
       0.479839                1         10.1409         7.61551         9.69936         2493.09        -43.0629        -344.847         243.374        0.997075        0.995649        0.995649        0.995649 
       0.488937                1         10.3113         7.77999         9.86252         2640.68        -44.5406        -362.671         255.984        0.997134        0.995649        0.995649        0.995649 
       0.498207                1         10.4836         7.94635         10.0274         2796.77        -46.0595        -381.299         269.163        0.997196        0.995649        0.995649        0.995649 
       0.507653                1         10.6575         8.11454         10.1939          2961.8        -47.6198        -400.756          282.93        0.997261        0.995649        0.995649        0.995649 
       0.517278                1         10.8332         8.28451         10.3621         3136.26        -49.2219        -421.066         297.303        0.997328        0.995649        0.995649        0.995649 
       0.527085                1         11.0105         8.45619         10.5318         3320.64        -50.8661        -442.253         312.298        0.997398        0.995649        0.995649        0.995649 
       0.537079                1         11.1893         8.62953          10.703         3515.52        -52.5526        -464.341         327.933        0.997471        0.995649        0.995649        0.995649 
       0.547261                1         11.3697         8.80447         10.8757         3721.45        -54.2814        -487.352         344.223        0.997547        0.995649        0.995649        0.995649 
       0.557637                1         11.5515         8.98091         11.0497         3939.06        -56.0526        -511.309         361.185        0.997627        0.995649        0.995649        0.995649 
        0.56821                1         11.7346         9.15881         11.2251         4168.97        -57.8663        -536.232         378.832        0.997709        0.995649        0.995649        0.995649 
       0.578983                1          11.919         9.33807         11.4016         4411.85        -59.7222        -562.141         397.181        0.997795        0.995649        0.995649        0.995649 
       0.589961                1         12.1046         9.51861         11.5793         4668.39        -61.6201        -589.055         416.243        0.997885        0.995649        0.995649        0.995649 
       0.601146                1         12.2913         9.70034         11.7581         4939.31        -63.5598        -616.991         436.031        0.997979        0.995649        0.995649        0.995649 
       0.612544                1          12.479         9.88317         11.9378         5225.42        -65.5408        -645.965         456.556        0.998077        0.995649        0.995649        0.995649 
       0.624157                1         12.6676          10.067         12.1184         5527.54        -67.5626         -675.99         477.829        0.998179        0.995649        0.995649        0.995649 
       0.635991                1         12.8571         10.2517         12.2998         5846.52        -69.6247        -707.078         499.857        0.998286        0.995649        0.995649        0.995649 
       0.648049                1         13.0472         10.4373         12.4819         6183.25        -71.7264        -739.239         522.648        0.998397        0.995649        0.995649        0.995649 
       0.660336                1          13.238         10.6235         12.6645         6538.67        -73.8668        -772.482         546.208        0.998513        0.995649        0.995649        0.995649 
       0.672856                1         13.4292         10.8103         12.8476         6913.85         -76.045         -806.81          570.54        0.998634        0.995649        0.995649        0.995649 
       0.685613                1         13.6209         10.9976         13.0311          7309.8        -78.2601        -842.228         595.647        0.998761        0.995649        0.995649        0.995649 
       0.698612                1         13.8128         11.1853         13.2149         7727.55        -80.5109        -878.735         621.529        0.998893        0.995649        0.995649        0.995649 
       0.711858                1         14.0048         11.3731         13.3987         8168.42        -82.7961         -916.33         648.185        0.999031        0.995649        0.995649        0.995649 
       0.725354                1         14.1968         11.5611         13.5826         8633.61        -85.1146        -955.006         675.611        0.999175        0.995649        0.995649        0.995649 
       0.739107                1         14.3888         11.7491         13.7665         9124.29        -87.4648        -994.757         703.801        0.999325        0.995649        0.995649        0.995649 
        0.75312                1         14.5806         11.9369         13.9501         9641.97        -89.8454        -1035.57         732.749        0.999483        0.995649        0.995649        0.995649 
       0.767399                1          14.772         12.1245         14.1334         10188.1        -92.2545        -1077.44         762.445        0.999647        0.995649        0.995649        0.995649 
       0.781949                1         14.9629         12.3118         14.3162           10764        -94.6907        -1120.33         792.876        0.999819        0.995649        0.995649        0.995649 
       0.796775                1         15.1533         12.4985         14.4985         11371.5         -97.152        -1164.25         824.029        0.999999        0.995649        0.995649        0.995649 
       0.811881                1         15.3429         12.6846         14.6801           12012        -99.6368        -1209.15         855.889         1.00019        0.995649        0.995649        0.995649 
       0.827274                1         15.5317         12.8699         14.8609         12687.4        -102.143        -1255.02         888.437         1.00038        0.995649        0.995649        0.995649 
       0.842959                1         15.7196         13.0544         15.0408         13400.3        -104.669        -1301.82         921.653         1.00059        0.995649        0.995649        0.995649 
       0.858941                1         15.9063         13.2379         15.2197         14152.3        -107.212        -1349.53         955.515         1.00081        0.995649        0.995649        0.995649 
       0.875227                1         16.0919         13.4203         15.3974         14944.8         -109.77        -1398.11             990         1.00103        0.995649        0.995649        0.995649 
       0.891821                1         16.2762         13.6014         15.5739         15778.3        -112.342        -1447.53         1025.08         1.00127        0.995649        0.995649        0.995649 
        0.90873                1         16.4591         13.7813          15.749         16656.2        -114.925        -1497.75         1060.73         1.00152        0.995649        0.995649        0.995649 
       0.925959                1         16.6404         13.9596         15.9227         17586.2        -117.517        -1548.72         1096.92         1.00177        0.995649        0.995649        0.995649 
       0.943515                1         16.8202         14.1365         16.0948         18573.8        -120.116        -1600.41         1133.62         1.00205        0.995649        0.995649        0.995649 
       0.961404                1         16.9982         14.3117         16.2653         19613.6        -122.719        -1652.76          1170.8         1.00234        0.995649        0.995649        0.995649 
       0.979632                1         17.1743         14.4851          16.434         20691.3        -125.324        -1705.73         1208.42         1.00263        0.995649        0.995649        0.995649 
       0.998205                1         17.3486         14.6567         16.6009         21797.8         -127.93        -1759.28         1246.45         1.00293        0.995649        0.995649        0.995649 
        1.01713                1         17.5208         14.8263         16.6168         21903.7        -130.534        -1813.35         1284.86         1.00296        0.995649        0.995649        0.995649 
        1.03642                1         17.6909          14.994         16.6168         21903.7        -133.133        -1867.89          1323.6         1.00296        0.995649        0.995649        0.995649 
        1.05607                1         17.8589         15.1595         16.6168         21903.7        -135.726        -1922.84         1362.65         1.00296        0.995649        0.995649        0.995649 
        1.07609                1         18.0247         15.3229         16.6168         21903.7        -138.311        -1978.17         1401.96         1.00296        0.995649        0.995649        0.995649 
        1.09649                1         18.1881          15.484         16.6168         21903.7        -140.886        -2033.81         1441.49         1.00296        0.995649        0.995649        0.995649 
        1.11728                1         18.3491         15.6428         16.6168         21903.7        -143.448        -2089.71         1481.22         1.00296        0.995649        0.995649        0.995649 
        1.13846                1         18.5077         15.7993         16.6168         21903.7        -145.996        -2145.81         1521.09         1.00296        0.995649        0.995649        0.995649 
        1.16005                1         18.6639         15.9533         16.6168         21903.7        -148.528        -2202.07         1561.08         1.00296        0.995649        0.995649        0.995649 
        1.18204                1         18.8175         16.1049         16.6168         21903.7        -151.042        -2258.43         1601.14         1.00296        0.995649        0.995649        0.995649 
        1.20445                1         18.9685          16.254         16.6168         21903.7        -153.536        -2314.83         1641.23         1.00296        0.995649        0.995649        0.995649 
        1.22729                1         19.1169         16.4005         16.6168         21903.7        -156.009        -2371.23         1681.33         1.00296        0.995649        0.995649        0.995649 
        1.25056                1         19.2627         16.5444         16.6168         21903.7        -158.459        -2427.58         1721.39         1.00296        0.995649        0.995649        0.995649 
        1.27427                1         19.4058         16.6857         16.6168         21903.7        -160.884        -2483.82         1761.38         1.00296        0.995649        0.995649        0.995649 
        1.29843                1         19.5462         16.8244         16.6168         21903.7        -163.284         -2539.9         1801.26         1.00296        0.995649        0.995649        0.995649 
        1.32305                1         19.6839         16.9604         16.6168         21903.7        -165.657        -2595.78            1841         1.00296        0.995649        0.995649        0.995649 
        1.34813                1         19.8189         17.0938         16.6168         21903.7        -168.001        -2651.42         1880.57         1.00296        0.995649        0.995649        0.995649 
        1.37369                1         19.9511         17.2244         16.6168         21903.7        -170.316        -2706.76         1919.93         1.00296        0.995649        0.995649        0.995649 
        1.39974                1         20.0806         17.3524         16.6168         21903.7          -172.6        -2761.76         1959.06         1.00296        0.995649        0.995649        0.995649 
        1.42628                1         20.2074         17.4777         16.6168         21903.7        -174.852        -2816.39         1997.92         1.00296        0.995649        0.995649        0.995649 
        1.45332                1         20.3314         17.6003         16.6168         21903.7        -177.072        -2870.61         2036.49         1.00296        0.995649        0.995649        0.995649 
        1.48087                1         20.4527         17.7203         16.6168         21903.7        -179.259        -2924.36         2074.73         1.00296        0.995649        0.995649        0.995649 
        1.50895                1         20.5713         17.8375         16.6168         21903.7        -181.411        -2977.63         2112.64         1.00296        0.995649        0.995649        0.995649 
        1.53756                1         20.6872         17.9521         16.6168         21903.7        -183.529        -3030.38         2150.17         1.00296        0.995649        0.995649        0.995649 
        1.56671                1         20.8004         18.0641         16.6168         21903.7        -185.611        -3082.57         2187.31         1.00296        0.995649        0.995649        0.995649 
        1.59641                1          20.911         18.1734         16.6168         21903.7        -187.658        -3134.18         2224.04         1.00296        0.995649        0.995649        0.995649 
        1.62668                1         21.0189         18.2802         16.6168         21903.7        -189.668        -3185.17         2260.33         1.00296        0.995649        0.995649        0.995649 
        1.65752                1         21.1241         18.3844         16.6168         21903.7        -191.641        -3235.53         2296.17         1.00296        0.995649        0.995649        0.995649 
        1.68895                1         21.2268          18.486         16.6168         21903.7        -193.578        -3285.22         2331.55         1.00296        0.995649        0.995649        0.995649 
        1.72097                1          21.327          18.585         16.6168         21903.7        -195.477        -3334.23         2366.43         1.00296        0.995649        0.995649        0.995649 
         1.7536                1         21.4246         18.6816         16.6168         21903.7        -197.339        -3382.54         2400.82         1.00296        0.995649        0.995649        0.995649 
        1.78685                1         21.5197         18.7758         16.6168         21903.7        -199.164        -3430.12          2434.7         1.00296        0.995649        0.995649        0.995649 
        1.82073                1         21.6123         18.8675         16.6168         21903.7        -200.951        -3476.96         2468.05         1.00296        0.995649        0.995649        0.995649 
        1.85525                1         21.7025         18.9568         16.6168         21903.7        -202.701        -3523.05         2500.87         1.00296        0.995649        0.995649        0.995649 
        1.89042                1         21.7903         19.0437         16.6168         21903.7        -204.413        -3568.38         2533.15         1.00296        0.995649        0.995649        0.995649 
        1.92626                1         21.8758         19.1284         16.6168         21903.7        -206.088        -3612.93         2564.87         1.00296        0.995649        0.995649        0.995649 
        1.96279                1          21.959         19.2107         16.6168         21903.7        -207.725        -3656.69         2596.04         1.00296        0.995649        0.995649        0.995649 
              2                1         21.9594         19.2111         16.6168         21903.7        -207.734        -3656.91         2596.19         1.00296        0.995649        0.995649        0.995649 
