#  a  GeffG(a,k)  D1(a,k)  D1mnu(a,k) ( D1_transfer(a,k) D1mnu_transfer(a,k) )  D2(a,k)  D3a(a,k)  D3b(a,k)  (source terms)  (Output for k = 0.01 h/Mpc)
       0.047619                1               1     0.000214358               1               1       -0.428571       -0.333333        0.238095         0.99565        0.995649        0.995649        0.995649 
      0.0485219                1         1.02122     0.000482333         1.02088          1.0239       -0.444974        -0.35265        0.251893         0.99565        0.995649        0.995649        0.995649 
      0.0494419                1         1.04277      0.00128081         1.04149         1.04921       -0.462001       -0.373085        0.266488         0.99565        0.995649        0.995649        0.995649 
      0.0503793                1         1.06466      0.00261424         1.06195         1.07759       -0.479678       -0.394708         0.28193         0.99565        0.995649        0.995649        0.995649 
      0.0513344                1         1.08691      0.00448822         1.08237         1.11051       -0.498033       -0.417597        0.298272         0.99565        0.995649        0.995649        0.995649 
      0.0523077                1         1.10952      0.00690698         1.10284         1.14927       -0.517094       -0.441832        0.315571         0.99565        0.995649        0.995649        0.995649 
      0.0532995                1          1.1325      0.00987473         1.12344         1.19501       -0.536891       -0.467499        0.333887         0.99565        0.995649        0.995649        0.995649 
        0.05431                1         1.15585       0.0133952         1.14425         1.24873       -0.557454       -0.494689        0.353284         0.99565        0.995649        0.995649        0.995649 
      0.0553397                1         1.17959       0.0174718         1.16532         1.31126       -0.578814       -0.523497        0.373827         0.99565        0.995649        0.995649        0.995649 
      0.0563889                1         1.20373       0.0221076         1.18672         1.38335       -0.601004       -0.554025        0.395589         0.99565        0.995649        0.995649        0.995649 
      0.0574581                1         1.22827       0.0273056         1.20848         1.46561       -0.624058       -0.586382        0.418644        0.995651        0.995649        0.995649        0.995649 
      0.0585475                1         1.25322       0.0330684         1.23065         1.55853       -0.648012       -0.620679        0.443071        0.995651        0.995649        0.995649        0.995649 
      0.0596575                1         1.27859       0.0393984         1.25326         1.66254       -0.672901       -0.657038        0.468956        0.995651        0.995649        0.995649        0.995649 
      0.0607886                1          1.3044       0.0462979         1.27634         1.77796       -0.698764       -0.695586        0.496385        0.995651        0.995649        0.995649        0.995649 
      0.0619411                1         1.33065       0.0537692         1.29991         1.90502        -0.72564       -0.736457        0.525455        0.995651        0.995649        0.995649        0.995649 
      0.0631155                1         1.35734       0.0618142         1.32399         2.04389        -0.75357       -0.779795        0.556264        0.995651        0.995649        0.995649        0.995649 
      0.0643122                1          1.3845       0.0704349         1.34858         2.19469       -0.782596        -0.82575        0.588918        0.995651        0.995649        0.995649        0.995649 
      0.0655315                1         1.41213       0.0796332          1.3737         2.35789       -0.812761       -0.874483        0.623528        0.995651        0.995649        0.995649        0.995649 
       0.066774                1         1.44024       0.0894112         1.39937          2.5366       -0.844112       -0.926161        0.660213        0.995651        0.995649        0.995649        0.995649 
        0.06804                1         1.46884       0.0997705          1.4256         2.73448       -0.876695       -0.980963        0.699098        0.995651        0.995649        0.995649        0.995649 
        0.06933                1         1.49794        0.110713          1.4524         2.95476        -0.91056        -1.03908        0.740314        0.995651        0.995649        0.995649        0.995649 
      0.0706445                1         1.52755        0.122241         1.47978         3.20022       -0.945757        -1.10071        0.784003        0.995651        0.995649        0.995649        0.995649 
      0.0719839                1         1.55768        0.134357         1.50775         3.47325       -0.982339        -1.16607        0.830312        0.995652        0.995649        0.995649        0.995649 
      0.0733487                1         1.58834        0.147062         1.53631         3.77586        -1.02036        -1.23538        0.879397        0.995652        0.995649        0.995649        0.995649 
      0.0747394                1         1.61955        0.160359         1.56544         4.10975        -1.05988        -1.30887        0.931426        0.995652        0.995649        0.995649        0.995649 
      0.0761564                1         1.65132         0.17425         1.59515         4.47628        -1.10095         -1.3868        0.986573        0.995652        0.995649        0.995649        0.995649 
      0.0776003                1         1.68365        0.188738         1.62543         4.87657        -1.14365        -1.46944         1.04502        0.995652        0.995649        0.995649        0.995649 
      0.0790716                1         1.71656        0.203825         1.65627         5.31145        -1.18802        -1.55707         1.10698        0.995652        0.995649        0.995649        0.995649 
      0.0805708                1         1.75006        0.219515         1.68765         5.78154        -1.23413        -1.64997         1.17264        0.995653        0.995649        0.995649        0.995649 
      0.0820984                1         1.78416         0.23581         1.71956          6.2872        -1.28206        -1.74847         1.24223        0.995653        0.995649        0.995649        0.995649 
       0.083655                1         1.81887        0.252713         1.75201         6.82793        -1.33188        -1.85291         1.31599        0.995653        0.995649        0.995649        0.995649 
       0.085241                1         1.85421        0.270229         1.78505         7.40243        -1.38366        -1.96362         1.39415        0.995653        0.995649        0.995649        0.995649 
      0.0868572                1         1.89019        0.288361         1.81871         8.00938        -1.43747        -2.08099         1.47698        0.995654        0.995649        0.995649        0.995649 
       0.088504                1         1.92682        0.307114           1.853         8.64744        -1.49339        -2.20541         1.56476        0.995654        0.995649        0.995649        0.995649 
       0.090182                1         1.96412         0.32649         1.88796         9.31528        -1.55152        -2.33729         1.65778        0.995654        0.995649        0.995649        0.995649 
      0.0918918                1         2.00209        0.346496          1.9236         10.0116        -1.61192        -2.47708         1.75635        0.995654        0.995649        0.995649        0.995649 
      0.0936341                1         2.04076        0.367136         1.95992          10.735        -1.67469        -2.62524         1.86079        0.995655        0.995649        0.995649        0.995649 
      0.0954093                1         2.08012        0.388414         1.99693         11.4844        -1.73993        -2.78227         1.97145        0.995655        0.995649        0.995649        0.995649 
      0.0972183                1         2.12021        0.410338         2.03463         12.2583        -1.80773        -2.94868          2.0887        0.995655        0.995649        0.995649        0.995649 
      0.0990615                1         2.16103        0.432912         2.07301         13.0558        -1.87818        -3.12504         2.21292        0.995655        0.995649        0.995649        0.995649 
        0.10094                1          2.2026        0.456143         2.11209         13.8856        -1.95139        -3.31191         2.34453        0.995656        0.995649        0.995649        0.995649 
       0.102853                1         2.24492        0.480037         2.15191         14.7651        -2.02747        -3.50993         2.48396        0.995656        0.995649        0.995649        0.995649 
       0.104804                1         2.28803        0.504602         2.19248         15.7107        -2.10652        -3.71975         2.63166        0.995656        0.995649        0.995649        0.995649 
       0.106791                1         2.33192        0.529844         2.23385         16.7363        -2.18867        -3.94204         2.78812        0.995656        0.995649        0.995649        0.995649 
       0.108815                1         2.37662        0.555771         2.27601         17.8543        -2.27403        -4.17755         2.95385        0.995657        0.995649        0.995649        0.995649 
       0.110878                1         2.42214        0.582391         2.31897         19.0752        -2.36272        -4.42705          3.1294        0.995657        0.995649        0.995649        0.995649 
       0.112981                1          2.4685        0.609713         2.36274          20.408        -2.45487        -4.69136         3.31535        0.995657        0.995649        0.995649        0.995649 
       0.115123                1         2.51571        0.637745         2.40732         21.8605        -2.55061        -4.97133         3.51228        0.995658        0.995649        0.995649        0.995649 
       0.117305                1          2.5638        0.666497         2.45271          23.442        -2.65009        -5.26788         3.72086        0.995658        0.995649        0.995649        0.995649 
        0.11953                1         2.61276        0.695977         2.49894         25.1718        -2.75345        -5.58197         3.94176        0.995659        0.995649        0.995649        0.995649 
       0.121796                1         2.66263        0.726197         2.54604         27.0691        -2.86082        -5.91463         4.17569        0.995659        0.995649        0.995649        0.995649 
       0.124105                1         2.71342        0.757166         2.59405         29.1503        -2.97238        -6.26693         4.42341         0.99566        0.995649        0.995649        0.995649 
       0.126458                1         2.76515        0.788896         2.64296         31.4293        -3.08827        -6.64002         4.68573         0.99566        0.995649        0.995649        0.995649 
       0.128856                1         2.81783        0.821397          2.6928         33.9178        -3.20866         -7.0351         4.96349        0.995661        0.995649        0.995649        0.995649 
       0.131299                1         2.87149        0.854682         2.74357         36.6254        -3.33373        -7.45344          5.2576        0.995662        0.995649        0.995649        0.995649 
       0.133788                1         2.92613        0.888761         2.79527         39.5568        -3.46365        -7.89639           5.569        0.995663        0.995649        0.995649        0.995649 
       0.136325                1         2.98179        0.923649         2.84792         42.6902         -3.5986        -8.36538         5.89868        0.995663        0.995649        0.995649        0.995649 
       0.138909                1         3.03847        0.959357         2.90156         45.9923        -3.73878         -8.8619         6.24772        0.995664        0.995649        0.995649        0.995649 
       0.141543                1          3.0962        0.995899         2.95622         49.4326        -3.88439        -9.38755         6.61723        0.995665        0.995649        0.995649        0.995649 
       0.144227                1         3.15499         1.03329         3.01191          52.983        -4.03562          -9.944         7.00839        0.995666        0.995649        0.995649        0.995649 
       0.146961                1         3.21487         1.07154         3.06864          56.618         -4.1927         -10.533         7.42245        0.995667        0.995649        0.995649        0.995649 
       0.149748                1         3.27585         1.11067         3.12642         60.3155        -4.35584        -11.1565         7.86074        0.995667        0.995649        0.995649        0.995649 
       0.152587                1         3.33796         1.15069         3.18526         64.1221        -4.52527        -11.8164         8.32464        0.995668        0.995649        0.995649        0.995649 
        0.15548                1         3.40122         1.19162         3.24519         68.1788        -4.70123        -12.5149         8.81564        0.995669        0.995649        0.995649        0.995649 
       0.158428                1         3.46563         1.23347         3.30625         72.6193        -4.88396         -13.254         9.33529         0.99567        0.995649        0.995649        0.995649 
       0.161431                1         3.53124         1.27626         3.36845         77.5609        -5.07372        -14.0363         9.88523        0.995671        0.995649        0.995649        0.995649 
       0.164492                1         3.59805         1.32001         3.43181         83.1068        -5.27077         -14.864         10.4672        0.995672        0.995649        0.995649        0.995649 
       0.167611                1         3.66609         1.36473         3.49632         89.3412        -5.47538        -15.7399          11.083        0.995673        0.995649        0.995649        0.995649 
       0.170789                1         3.73538         1.41044         3.56203         96.2612        -5.68783        -16.6666         11.7347        0.995675        0.995649        0.995649        0.995649 
       0.174027                1         3.80595         1.45716         3.62895         103.809        -5.90842        -17.6471         12.4242        0.995676        0.995649        0.995649        0.995649 
       0.177326                1          3.8778         1.50491         3.69711         111.927        -6.13745        -18.6844         13.1537        0.995678        0.995649        0.995649        0.995649 
       0.180688                1         3.95098         1.55371         3.76654         120.564        -6.37522        -19.7818         13.9254        0.995679        0.995649        0.995649        0.995649 
       0.184114                1         4.02549         1.60357         3.83724         129.671        -6.62207        -20.9425         14.7419        0.995681        0.995649        0.995649        0.995649 
       0.187605                1         4.10136         1.65452         3.90922         139.219        -6.87832        -22.1703         15.6055        0.995683        0.995649        0.995649        0.995649 
       0.191162                1         4.17862         1.70657         3.98254         149.196        -7.14433         -23.469         16.5191        0.995684        0.995649        0.995649        0.995649 
       0.194786                1         4.25729         1.75975          4.0572         159.591        -7.42044        -24.8424         17.4853        0.995686        0.995649        0.995649        0.995649 
       0.198479                1         4.33738         1.81408         4.13323         170.393        -7.70704        -26.2948         18.5073        0.995688        0.995649        0.995649        0.995649 
       0.202242                1         4.41894         1.86958         4.21063         181.615        -8.00449        -27.8307          19.588         0.99569        0.995649        0.995649        0.995649 
       0.206077                1         4.50196         1.92626         4.28944         193.484        -8.31319        -29.4546         20.7309        0.995691        0.995649        0.995649        0.995649 
       0.209984                1          4.5865         1.98416         4.36969          206.31        -8.63355        -31.1716         21.9394        0.995693        0.995649        0.995649        0.995649 
       0.213965                1         4.67255         2.04329         4.45139         220.365        -8.96599        -32.9868         23.2171        0.995696        0.995649        0.995649        0.995649 
       0.218022                1         4.76016         2.10367         4.53457         235.885        -9.31095        -34.9057         24.5679        0.995698        0.995649        0.995649        0.995649 
       0.222156                1         4.84934         2.16534         4.61924         252.974        -9.66885         -36.934         25.9959          0.9957        0.995649        0.995649        0.995649 
       0.226368                1         4.94011          2.2283         4.70543         271.601        -10.0402        -39.0777         27.5054        0.995703        0.995649        0.995649        0.995649 
        0.23066                1         5.03251         2.29259         4.79318         291.726        -10.4254        -41.3432         29.1009        0.995706        0.995649        0.995649        0.995649 
       0.235033                1         5.12656         2.35823         4.88248         313.307         -10.825        -43.7373          30.787        0.995709        0.995649        0.995649        0.995649 
       0.239489                1         5.22227         2.42523         4.97338         336.249        -11.2395        -46.2669         32.5688        0.995712        0.995649        0.995649        0.995649 
        0.24403                1         5.31968         2.49364         5.06588         360.403        -11.6694        -48.9394         34.4515        0.995716        0.995649        0.995649        0.995649 
       0.248656                1          5.4188         2.56346         5.16003         385.629        -12.1152        -51.7626         36.4406        0.995719        0.995649        0.995649        0.995649 
       0.253371                1         5.51967         2.63472         5.25583         411.835        -12.5775        -54.7446         38.5419        0.995722        0.995649        0.995649        0.995649 
       0.258175                1         5.62229         2.70745          5.3533         439.312        -13.0568         -57.894         40.7615        0.995726        0.995649        0.995649        0.995649 
        0.26307                1         5.72671         2.78166         5.45248         468.523        -13.5538        -61.2198         43.1056         0.99573        0.995649        0.995649        0.995649 
       0.268057                1         5.83293         2.85739         5.55338         499.878         -14.069        -64.7314          45.581        0.995733        0.995649        0.995649        0.995649 
        0.27314                1         5.94099         2.93466         5.65601         533.767         -14.603        -68.4387         48.1947        0.995737        0.995649        0.995649        0.995649 
       0.278318                1          6.0509         3.01349         5.76042         570.582        -15.1564        -72.3519          50.954        0.995742        0.995649        0.995649        0.995649 
       0.283595                1         6.16269          3.0939         5.86661         610.672          -15.73         -76.482         53.8665        0.995746        0.995649        0.995649        0.995649 
       0.288972                1         6.27637         3.17592         5.97459         654.224        -16.3242        -80.8402         56.9404        0.995752        0.995649        0.995649        0.995649 
       0.294451                1         6.39197         3.25957         6.08441         701.029        -16.9398        -85.4384         60.1839        0.995757        0.995649        0.995649        0.995649 
       0.300034                1          6.5095         3.34486         6.19606         750.806        -17.5776         -90.289         63.6059        0.995762        0.995649        0.995649        0.995649 
       0.305722                1         6.62899         3.43183         6.30957         803.331         -18.238        -95.4049         67.2155        0.995768        0.995649        0.995649        0.995649 
       0.311519                1         6.75045          3.5205         6.42495         858.545         -18.922          -100.8         71.0224        0.995774        0.995649        0.995649        0.995649 
       0.317425                1         6.87389         3.61088         6.54223         916.419        -19.6301        -106.487         75.0364         0.99578        0.995649        0.995649        0.995649 
       0.323443                1         6.99935         3.70299         6.66141         977.168        -20.3632        -112.482          79.268        0.995786        0.995649        0.995649        0.995649 
       0.329576                1         7.12682         3.79686         6.78251         1041.64        -21.1219          -118.8          83.728        0.995793        0.995649        0.995649        0.995649 
       0.335824                1         7.25632         3.89249         6.90554          1110.7         -21.907        -125.456         88.4277        0.995799        0.995649        0.995649        0.995649 
       0.342191                1         7.38787         3.98992         7.03051         1185.08        -22.7192        -132.467         93.3786        0.995807        0.995649        0.995649        0.995649 
       0.348679                1         7.52147         4.08915         7.15743         1265.45        -23.5594        -139.851          98.593        0.995814        0.995649        0.995649        0.995649 
        0.35529                1         7.65714          4.1902         7.28632         1352.36        -24.4283        -147.624         104.083        0.995822        0.995649        0.995649        0.995649 
       0.362026                1         7.79487         4.29309         7.41717            1446        -25.3266        -155.805         109.863        0.995831        0.995649        0.995649        0.995649 
        0.36889                1         7.93468         4.39781         7.54999         1545.79        -26.2551        -164.413         115.945         0.99584        0.995649        0.995649        0.995649 
       0.375884                1         8.07657          4.5044         7.68479         1651.11        -27.2147        -173.468         122.343         0.99585        0.995649        0.995649        0.995649 
       0.383011                1         8.22054         4.61284         7.82156         1761.63         -28.206         -182.99         129.072        0.995859        0.995649        0.995649        0.995649 
       0.390273                1         8.36658         4.72316          7.9603         1877.79        -29.2299            -193         136.147        0.995869        0.995649        0.995649        0.995649 
       0.397672                1         8.51469         4.83535         8.10102         2000.06        -30.2871        -203.518         143.582         0.99588        0.995649        0.995649        0.995649 
       0.405212                1         8.66488         4.94943         8.24369         2129.41        -31.3784        -214.567         151.394         0.99589        0.995649        0.995649        0.995649 
       0.412895                1         8.81711         5.06538         8.38832         2267.69        -32.5045        -226.169         159.597        0.995902        0.995649        0.995649        0.995649 
       0.420723                1          8.9714         5.18321         8.53489         2416.66        -33.6661        -238.347         168.209        0.995913        0.995649        0.995649        0.995649 
         0.4287                1         9.12771         5.30291         8.68339         2577.13         -34.864        -251.125         177.246        0.995926        0.995649        0.995649        0.995649 
       0.436828                1         9.28604         5.42448          8.8338         2749.19        -36.0988        -264.526         186.725         0.99594        0.995649        0.995649        0.995649 
        0.44511                1         9.44635          5.5479         8.98609          2932.7        -37.3712        -278.574         196.663        0.995954        0.995649        0.995649        0.995649 
       0.453549                1         9.60863         5.67317         9.14025         3126.87        -38.6818        -293.294         207.078        0.995968        0.995649        0.995649        0.995649 
       0.462148                1         9.77284         5.80027         9.29625         3330.81        -40.0313         -308.71         217.986        0.995984        0.995649        0.995649        0.995649 
       0.470911                1         9.93896         5.92917         9.45406         3544.79        -41.4202        -324.848         229.406        0.995999        0.995649        0.995649        0.995649 
       0.479839                1         10.1069         6.05986         9.61363         3770.34         -42.849        -341.731         241.356        0.996015        0.995649        0.995649        0.995649 
       0.488937                1         10.2767         6.19232         9.77494          4009.1        -44.3183        -359.385         253.852        0.996032        0.995649        0.995649        0.995649 
       0.498207                1         10.4483          6.3265         9.93794         4263.35        -45.8283        -377.835         266.914        0.996049        0.995649        0.995649        0.995649 
       0.507653                1         10.6217         6.46238         10.1026         4535.17        -47.3796        -397.106         280.558        0.996068        0.995649        0.995649        0.995649 
       0.517278                1         10.7967         6.59993         10.2688         4825.75        -48.9724        -417.221         294.801        0.996088        0.995649        0.995649        0.995649 
       0.527085                1         10.9733         6.73909         10.4366         5135.68        -50.6071        -438.204         309.661        0.996108        0.995649        0.995649        0.995649 
       0.537079                1         11.1515         6.87983         10.6058         5464.36        -52.2837        -460.078         325.154         0.99613        0.995649        0.995649        0.995649 
       0.547261                1         11.3311          7.0221         10.7765          5811.1        -54.0024        -482.867         341.297        0.996152        0.995649        0.995649        0.995649 
       0.557637                1         11.5122         7.16584         10.9485         6176.28        -55.7632        -506.592         358.104        0.996175        0.995649        0.995649        0.995649 
        0.56821                1         11.6947           7.311         11.1218         6560.82        -57.5662        -531.273         375.591          0.9962        0.995649        0.995649        0.995649 
       0.578983                1         11.8784         7.45751         11.2963         6966.45        -59.4111         -556.93         393.771        0.996225        0.995649        0.995649        0.995649 
       0.589961                1         12.0633         7.60532          11.472         7395.65        -61.2978        -583.582         412.659        0.996251        0.995649        0.995649        0.995649 
       0.601146                1         12.2493         7.75434         11.6486         7851.38        -63.2259        -611.245         432.265        0.996278        0.995649        0.995649        0.995649 
       0.612544                1         12.4363         7.90452         11.8263         8335.35        -65.1951        -639.936         452.602        0.996307        0.995649        0.995649        0.995649 
       0.624157                1         12.6242         8.05577         12.0047         8848.62        -67.2049        -669.667         473.678        0.996337        0.995649        0.995649        0.995649 
       0.635991                1         12.8129         8.20801          12.184         9392.12        -69.2547         -700.45         495.502        0.996368        0.995649        0.995649        0.995649 
       0.648049                1         13.0023         8.36116         12.3639          9966.4        -71.3437        -732.295         518.082        0.996401        0.995649        0.995649        0.995649 
       0.660336                1         13.1924         8.51514         12.5444           10572        -73.4712         -765.21         541.423        0.996435        0.995649        0.995649        0.995649 
       0.672856                1         13.3829         8.66984         12.7253         11210.4        -75.6363          -799.2         565.529        0.996471        0.995649        0.995649        0.995649 
       0.685613                1         13.5738         8.82518         12.9066         11884.2         -77.838        -834.268         590.401        0.996508        0.995649        0.995649        0.995649 
       0.698612                1         13.7649         8.98106         13.0882         12595.7        -80.0751        -870.414         616.041        0.996547        0.995649        0.995649        0.995649 
       0.711858                1         13.9562         9.13738         13.2699         13347.7        -82.3465        -907.636         642.447        0.996587        0.995649        0.995649        0.995649 
       0.725354                1         14.1475         9.29405         13.4516           14142        -84.6508        -945.929         669.615         0.99663        0.995649        0.995649        0.995649 
       0.739107                1         14.3388         9.45095         13.6332         14980.6        -86.9867        -985.284         697.541        0.996674        0.995649        0.995649        0.995649 
        0.75312                1         14.5298         9.60798         13.8146         15865.5        -89.3527        -1025.69         726.215         0.99672        0.995649        0.995649        0.995649 
       0.767399                1         14.7204         9.76505         13.9956         16798.5         -91.747        -1067.14          755.63        0.996769        0.995649        0.995649        0.995649 
       0.781949                1         14.9106         9.92203         14.1763         17781.6        -94.1682        -1109.61         785.773        0.996819        0.995649        0.995649        0.995649 
       0.796775                1         15.1002         10.0788         14.3563           18818        -96.6144        -1153.08         816.631        0.996872        0.995649        0.995649        0.995649 
       0.811881                1         15.2891         10.2353         14.5357         19910.5        -99.0838        -1197.53         848.188        0.996927        0.995649        0.995649        0.995649 
       0.827274                1         15.4772         10.3914         14.7143         21063.9        -101.575        -1242.94         880.426        0.996984        0.995649        0.995649        0.995649 
       0.842959                1         15.6643          10.547          14.892         22284.3        -104.085        -1289.27         913.325        0.997045        0.995649        0.995649        0.995649 
       0.858941                1         15.8504          10.702         15.0687         23574.9        -106.612        -1336.51         946.864        0.997108        0.995649        0.995649        0.995649 
       0.875227                1         16.0352         10.8563         15.2443         24931.1        -109.155         -1384.6         981.018        0.997175        0.995649        0.995649        0.995649 
       0.891821                1         16.2188         11.0098         15.4186         26345.1         -111.71        -1433.52         1015.76        0.997243        0.995649        0.995649        0.995649 
        0.90873                1          16.401         11.1623         15.5916         27826.1        -114.277        -1483.23         1051.07        0.997314        0.995649        0.995649        0.995649 
       0.925959                1         16.5816         11.3138         15.7631         29408.6        -116.853        -1533.68         1086.91        0.997389        0.995649        0.995649        0.995649 
       0.943515                1         16.7606         11.4642         15.9331         31114.9        -119.435        -1584.85         1123.26        0.997471        0.995649        0.995649        0.995649 
       0.961404                1         16.9379         11.6134         16.1015         32902.3        -122.022        -1636.67         1160.08        0.997555        0.995649        0.995649        0.995649 
       0.979632                1         17.1134         11.7613         16.2681         34669.9        -124.611         -1689.1         1197.34        0.997637        0.995649        0.995649        0.995649 
       0.998205                1         17.2869         11.9078         16.4329         36350.8          -127.2         -1742.1            1235        0.997712        0.995649        0.995649        0.995649 
        1.01713                1         17.4585         12.0529         16.4486         36508.3        -129.787        -1795.62         1273.03        0.997719        0.995649        0.995649        0.995649 
        1.03642                1          17.628         12.1964         16.4486         36508.3        -132.371         -1849.6          1311.4        0.997719        0.995649        0.995649        0.995649 
        1.05607                1         17.7953         12.3382         16.4486         36508.3        -134.947           -1904         1350.07        0.997719        0.995649        0.995649        0.995649 
        1.07609                1         17.9603         12.4784         16.4486         36508.3        -137.516        -1958.76         1388.99        0.997719        0.995649        0.995649        0.995649 
        1.09649                1         18.1231         12.6169         16.4486         36508.3        -140.074        -2013.83         1428.14        0.997719        0.995649        0.995649        0.995649 
        1.11728                1         18.2835         12.7535         16.4486         36508.3         -142.62        -2069.16         1467.48        0.997719        0.995649        0.995649        0.995649 
        1.13846                1         18.4415         12.8882         16.4486         36508.3        -145.152        -2124.69         1506.96        0.997719        0.995649        0.995649        0.995649 
        1.16005                1          18.597          13.021         16.4486         36508.3        -147.667        -2180.37         1546.56        0.997719        0.995649        0.995649        0.995649 
        1.18204                1           18.75         13.1518         16.4486         36508.3        -150.165        -2236.15         1586.23        0.997719        0.995649        0.995649        0.995649 
        1.20445                1         18.9004         13.2806         16.4486         36508.3        -152.643        -2291.97         1625.93        0.997719        0.995649        0.995649        0.995649 
        1.22729                1         19.0483         13.4073         16.4486         36508.3          -155.1        -2347.79         1665.63        0.997719        0.995649        0.995649        0.995649 
        1.25056                1         19.1934         13.5319         16.4486         36508.3        -157.535        -2403.56          1705.3        0.997719        0.995649        0.995649        0.995649 
        1.27427                1          19.336         13.6544         16.4486         36508.3        -159.945        -2459.21         1744.89        0.997719        0.995649        0.995649        0.995649 
        1.29843                1         19.4758         13.7748         16.4486         36508.3        -162.329        -2514.72         1784.38        0.997719        0.995649        0.995649        0.995649 
        1.32305                1          19.613         13.8929         16.4486         36508.3        -164.686        -2570.03         1823.73        0.997719        0.995649        0.995649        0.995649 
        1.34813                1         19.7474         14.0088         16.4486         36508.3        -167.015        -2625.08         1862.91        0.997719        0.995649        0.995649        0.995649 
        1.37369                1         19.8791         14.1226         16.4486         36508.3        -169.315        -2679.85         1901.88        0.997719        0.995649        0.995649        0.995649 
        1.39974                1         20.0081          14.234         16.4486         36508.3        -171.585        -2734.29         1940.62        0.997719        0.995649        0.995649        0.995649 
        1.42628                1         20.1343         14.3433         16.4486         36508.3        -173.822        -2788.35          1979.1        0.997719        0.995649        0.995649        0.995649 
        1.45332                1         20.2579         14.4503         16.4486         36508.3        -176.028           -2842         2017.28        0.997719        0.995649        0.995649        0.995649 
        1.48087                1         20.3787         14.5551         16.4486         36508.3          -178.2         -2895.2         2055.15        0.997719        0.995649        0.995649        0.995649 
        1.50895                1         20.4968         14.6576         16.4486         36508.3        -180.339        -2947.92         2092.68        0.997719        0.995649        0.995649        0.995649 
        1.53756                1         20.6122         14.7579         16.4486         36508.3        -182.443        -3000.12         2129.84        0.997719        0.995649        0.995649        0.995649 
        1.56671                1          20.725         14.8559         16.4486         36508.3        -184.512        -3051.76         2166.61        0.997719        0.995649        0.995649        0.995649 
        1.59641                1         20.8351         14.9517         16.4486         36508.3        -186.545        -3102.83         2202.97        0.997719        0.995649        0.995649        0.995649 
        1.62668                1         20.9425         15.0454         16.4486         36508.3        -188.542         -3153.3          2238.9        0.997719        0.995649        0.995649        0.995649 
        1.65752                1         21.0474         15.1368         16.4486         36508.3        -190.503        -3203.13         2274.38        0.997719        0.995649        0.995649        0.995649 
        1.68895                1         21.1497         15.2261         16.4486         36508.3        -192.427         -3252.3          2309.4        0.997719        0.995649        0.995649        0.995649 
        1.72097                1         21.2494         15.3132         16.4486         36508.3        -194.314         -3300.8         2343.94        0.997719        0.995649        0.995649        0.995649 
         1.7536                1         21.3466         15.3982         16.4486         36508.3        -196.164         -3348.6         2377.99        0.997719        0.995649        0.995649        0.995649 
        1.78685                1         21.4413         15.4811         16.4486         36508.3        -197.976        -3395.69         2411.53        0.997719        0.995649        0.995649        0.995649 
        1.82073                1         21.5336         15.5619         16.4486         36508.3        -199.752        -3442.04         2444.55        0.997719        0.995649        0.995649        0.995649 
        1.85525                1         21.6234         15.6407         16.4486         36508.3         -201.49        -3487.65         2477.04        0.997719        0.995649        0.995649        0.995649 
        1.89042                1         21.7109         15.7174         16.4486         36508.3        -203.191         -3532.5         2508.99        0.997719        0.995649        0.995649        0.995649 
        1.92626                1          21.796         15.7921         16.4486         36508.3        -204.855        -3576.58          2540.4        0.997719        0.995649        0.995649        0.995649 
        1.96279                1         21.8788         15.8649         16.4486         36508.3        -206.482        -3619.89         2571.25        0.997719        0.995649        0.995649        0.995649 
              2                1         21.8793         15.8653         16.4486         36508.3         -206.49         -3620.1          2571.4        0.997719        0.995649        0.995649        0.995649 
