#  a  GeffG(a,k)  D1(a,k)  D1mnu(a,k) ( D1_transfer(a,k) D1mnu_transfer(a,k) )  D2(a,k)  D3a(a,k)  D3b(a,k)  (source terms)  (Output for k = 1 h/Mpc)
       0.047619                1               1     3.20407e-05               1               1       -0.428571       -0.333333        0.238095         0.99565        0.995649        0.995649        0.995649 
      0.0485219                1         1.02121     5.21129e-05         1.02087         1.07662       -0.444974        -0.35265        0.251893         0.99565        0.995649        0.995649        0.995649 
      0.0494419                1         1.04275     3.79484e-05         1.04147         1.15353       -0.462001       -0.373085        0.266488         0.99565        0.995649        0.995649        0.995649 
      0.0503793                1         1.06464     5.17431e-05         1.06192         1.23233       -0.479678       -0.394708        0.281929         0.99565        0.995649        0.995649        0.995649 
      0.0513344                1         1.08688     4.63048e-05         1.08233          1.3144       -0.498033       -0.417597        0.298272         0.99565        0.995649        0.995649        0.995649 
      0.0523077                1         1.10947     5.08801e-05         1.10279         1.40097       -0.517094       -0.441831        0.315571         0.99565        0.995649        0.995649        0.995649 
      0.0532995                1         1.13244     5.46083e-05         1.12339         1.49313       -0.536891       -0.467498        0.333887         0.99565        0.995649        0.995649        0.995649 
        0.05431                1         1.15579     5.13416e-05         1.14418         1.59182       -0.557453       -0.494687        0.353283         0.99565        0.995649        0.995649        0.995649 
      0.0553397                1         1.17952     6.18588e-05         1.16525         1.69785       -0.578813       -0.523494        0.373826         0.99565        0.995649        0.995649        0.995649 
      0.0563889                1         1.20365     5.35511e-05         1.18663         1.81192       -0.601003       -0.554021        0.395587         0.99565        0.995649        0.995649        0.995649 
      0.0574581                1         1.22818     6.81017e-05         1.20839         1.93463       -0.624056       -0.586376        0.418641         0.99565        0.995649        0.995649        0.995649 
      0.0585475                1         1.25312     5.72767e-05         1.23055         2.06645        -0.64801       -0.620671        0.443067         0.99565        0.995649        0.995649        0.995649 
      0.0596575                1         1.27849     7.37071e-05         1.25315         2.20779       -0.672898       -0.657028         0.46895         0.99565        0.995649        0.995649        0.995649 
      0.0607886                1         1.30428     6.22178e-05         1.27622         2.35897        -0.69876       -0.695573        0.496378         0.99565        0.995649        0.995649        0.995649 
      0.0619411                1         1.33052     7.89479e-05         1.29978         2.52023       -0.725635       -0.736441        0.525445         0.99565        0.995649        0.995649        0.995649 
      0.0631155                1         1.35721     6.82744e-05         1.32384         2.69174       -0.753564       -0.779774        0.556252         0.99565        0.995649        0.995649        0.995649 
      0.0643122                1         1.38436     8.38563e-05         1.34843         2.87361       -0.782588       -0.825724        0.588903         0.99565        0.995649        0.995649        0.995649 
      0.0655315                1         1.41198     7.55932e-05         1.37354         3.06611       -0.812752       -0.874451         0.62351         0.99565        0.995649        0.995649        0.995649 
       0.066774                1         1.44008     8.82587e-05         1.39919         3.27064       -0.844101       -0.926122        0.660191         0.99565        0.995649        0.995649        0.995649 
        0.06804                1         1.46866     8.44563e-05         1.42541          3.4889       -0.876682       -0.980917        0.699071         0.99565        0.995649        0.995649        0.995649 
        0.06933                1         1.49775       9.197e-05          1.4522          3.7223       -0.910545        -1.03902        0.740283         0.99565        0.995649        0.995649        0.995649 
      0.0706445                1         1.52735     9.49957e-05         1.47957         3.97208        -0.94574        -1.10065        0.783965         0.99565        0.995649        0.995649        0.995649 
      0.0719839                1         1.55748     9.51732e-05         1.50753         4.23925       -0.982319        -1.16599        0.830268         0.99565        0.995649        0.995649        0.995649 
      0.0733487                1         1.58813     0.000106735         1.53607         4.52465        -1.02034        -1.23529        0.879346         0.99565        0.995649        0.995649        0.995649 
      0.0747394                1         1.61933     9.89087e-05         1.56519         4.82896        -1.05985        -1.30877        0.931366         0.99565        0.995649        0.995649        0.995649 
      0.0761564                1         1.65108     0.000118169         1.59489         5.15268        -1.10092        -1.38668        0.986504         0.99565        0.995649        0.995649        0.995649 
      0.0776003                1          1.6834     0.000105274         1.62515         5.49621        -1.14361         -1.4693         1.04494         0.99565        0.995649        0.995649        0.995649 
      0.0790716                1          1.7163     0.000126982         1.65597          5.8598        -1.18798        -1.55691         1.10689         0.99565        0.995649        0.995649        0.995649 
      0.0805708                1         1.74978     0.000116587         1.68734         6.24359        -1.23409        -1.64979         1.17253         0.99565        0.995649        0.995649        0.995649 
      0.0820984                1         1.78387     0.000131631         1.71923          6.6477        -1.28201        -1.74827         1.24211         0.99565        0.995649        0.995649        0.995649 
       0.083655                1         1.81857     0.000133106         1.75167         7.07427        -1.33183        -1.85267         1.31585         0.99565        0.995649        0.995649        0.995649 
       0.085241                1          1.8539      0.00013399         1.78469         7.52721        -1.38359        -1.96336           1.394         0.99565        0.995649        0.995649        0.995649 
      0.0868572                1         1.88986     0.000150726         1.81833         8.00997         -1.4374        -2.08069         1.47681         0.99565        0.995649        0.995649        0.995649 
       0.088504                1         1.92648     0.000140277         1.85261         8.52555        -1.49332        -2.20507         1.56457         0.99565        0.995649        0.995649        0.995649 
       0.090182                1         1.96376     0.000162534         1.88755         9.07646        -1.55143        -2.33691         1.65756         0.99565        0.995649        0.995649        0.995649 
      0.0918918                1         2.00171      0.00015632         1.92317         9.66479        -1.61182        -2.47665          1.7561         0.99565        0.995649        0.995649        0.995649 
      0.0936341                1         2.04036     0.000166433         1.95947         10.2923        -1.67459        -2.62477         1.86052         0.99565        0.995649        0.995649        0.995649 
      0.0954093                1         2.07971     0.000178827         1.99646         10.9603        -1.73982        -2.78174         1.97115         0.99565        0.995649        0.995649        0.995649 
      0.0972183                1         2.11977     0.000171674         2.03414         11.6698         -1.8076        -2.94809         2.08836         0.99565        0.995649        0.995649        0.995649 
      0.0990615                1         2.16057     0.000195028          2.0725         12.4218        -1.87804        -3.12438         2.21254         0.99565        0.995649        0.995649        0.995649 
        0.10094                1         2.20212     0.000190208         2.11156          13.219        -1.95124        -3.31118         2.34411         0.99565        0.995649        0.995649        0.995649 
       0.102853                1         2.24442     0.000199773         2.15135         14.0666         -2.0273        -3.50912         2.48349         0.99565        0.995649        0.995649        0.995649 
       0.104804                1          2.2875     0.000216606         2.19191         14.9688        -2.10634        -3.71885         2.63114         0.99565        0.995649        0.995649        0.995649 
       0.106791                1         2.33137     0.000208938         2.23325         15.9292        -2.18847        -3.94105         2.78754         0.99565        0.995649        0.995649        0.995649 
       0.108815                1         2.37604     0.000231228         2.27538         16.9509        -2.27381        -4.17646         2.95321         0.99565        0.995649        0.995649        0.995649 
       0.110878                1         2.42153     0.000235873         2.31832         18.0364        -2.36248        -4.42584          3.1287         0.99565        0.995649        0.995649        0.995649 
       0.112981                1         2.46786     0.000236464         2.36207         19.1874        -2.45461        -4.69002         3.31457        0.995651        0.995649        0.995649        0.995649 
       0.115123                1         2.51505     0.000261493         2.40662         20.4054        -2.55033        -4.96985         3.51142        0.995651        0.995649        0.995649        0.995649 
       0.117305                1          2.5631     0.000258769         2.45198         21.6929        -2.64979        -5.26625         3.71991        0.995651        0.995649        0.995649        0.995649 
        0.11953                1         2.61203     0.000269266         2.49819         23.0573        -2.75311        -5.58018         3.94071        0.995651        0.995649        0.995649        0.995649 
       0.121796                1         2.66186     0.000291793         2.54526         24.5061        -2.86046        -5.91266         4.17454        0.995651        0.995649        0.995649        0.995649 
       0.124105                1         2.71262     0.000287344         2.59323         26.0457        -2.97199        -6.26477         4.42214        0.995651        0.995649        0.995649        0.995649 
       0.126458                1         2.76431     0.000304907         2.64212         27.6815        -3.08785        -6.63765         4.68434        0.995651        0.995649        0.995649        0.995649 
       0.128856                1         2.81695     0.000324726         2.69193         29.4177        -3.20821        -7.03249         4.96197        0.995651        0.995649        0.995649        0.995649 
       0.131299                1         2.87056     0.000321386         2.74267         31.2578        -3.33323        -7.45058         5.25592        0.995651        0.995649        0.995649        0.995649 
       0.133788                1         2.92516     0.000342889         2.79433         33.2051        -3.46311        -7.89326         5.56715        0.995651        0.995649        0.995649        0.995649 
       0.136325                1         2.98077     0.000362129         2.84695         35.2683        -3.59802        -8.36194         5.89666        0.995651        0.995649        0.995649        0.995649 
       0.138909                1          3.0374     0.000360507         2.90055         37.4575        -3.73816        -8.85813          6.2455        0.995651        0.995649        0.995649        0.995649 
       0.141543                1         3.09508     0.000383588         2.95518         39.7816        -3.88371        -9.38342          6.6148        0.995651        0.995649        0.995649        0.995649 
       0.144227                1         3.15382     0.000404927         3.01083         42.2477         -4.0349        -9.93948         7.00572        0.995651        0.995649        0.995649        0.995649 
       0.146961                1         3.21364     0.000404998         3.06752         44.8617        -4.19192        -10.5281         7.41953        0.995651        0.995649        0.995649        0.995649 
       0.149748                1         3.27456     0.000427531         3.12526         47.6282          -4.355        -11.1511         7.85754        0.995652        0.995649        0.995649        0.995649 
       0.152587                1         3.33661      0.00045333         3.18406         50.5547        -4.52436        -11.8105         8.32115        0.995652        0.995649        0.995649        0.995649 
        0.15548                1          3.3998     0.000455924         3.24395         53.6533        -4.70025        -12.5084         8.81182        0.995652        0.995649        0.995649        0.995649 
       0.158428                1         3.46415     0.000475446         3.30496         56.9345        -4.88291         -13.247         9.33111        0.995652        0.995649        0.995649        0.995649 
       0.161431                1         3.52968     0.000506785         3.36712         60.4069        -5.07259        -14.0285         9.88066        0.995652        0.995649        0.995649        0.995649 
       0.164492                1         3.59642     0.000514709         3.43043         64.0774        -5.26955        -14.8556         10.4622        0.995652        0.995649        0.995649        0.995649 
       0.167611                1         3.66439     0.000528981          3.4949          67.952        -5.47407        -15.7307         11.0776        0.995652        0.995649        0.995649        0.995649 
       0.170789                1          3.7336     0.000564044         3.56055         72.0448        -5.68643        -16.6566         11.7287        0.995652        0.995649        0.995649        0.995649 
       0.174027                1         3.80408     0.000581953         3.62742         76.3745        -5.90692        -17.6361         12.4177        0.995652        0.995649        0.995649        0.995649 
       0.177326                1         3.87585     0.000591452         3.69554         80.9569        -6.13583        -18.6724         13.1465        0.995652        0.995649        0.995649        0.995649 
       0.180688                1         3.94893     0.000624452         3.76491         85.8049        -6.37349        -19.7687         13.9177        0.995653        0.995649        0.995649        0.995649 
       0.184114                1         4.02335     0.000655687         3.83555         90.9291        -6.62021        -20.9283         14.7334        0.995653        0.995649        0.995649        0.995649 
       0.187605                1         4.09913     0.000666873         3.90748         96.3432        -6.87633        -22.1548         15.5963        0.995653        0.995649        0.995649        0.995649 
       0.191162                1         4.17629     0.000690921         3.98073         102.064        -7.14219         -23.452          16.509        0.995653        0.995649        0.995649        0.995649 
       0.194786                1         4.25485     0.000731523         4.05534         108.104        -7.41815        -24.8239         17.4743        0.995653        0.995649        0.995649        0.995649 
       0.198479                1         4.33484     0.000755563          4.1313         114.476        -7.70458        -26.2747         18.4953        0.995653        0.995649        0.995649        0.995649 
       0.202242                1         4.41627     0.000771469         4.20864         121.189        -8.00186        -27.8088          19.575        0.995653        0.995649        0.995649        0.995649 
       0.206077                1         4.49918     0.000808466         4.28738         128.264        -8.31037        -29.4308         20.7167        0.995654        0.995649        0.995649        0.995649 
       0.209984                1         4.58359     0.000849979         4.36756         135.722        -8.63053        -31.1457         21.9238        0.995654        0.995649        0.995649        0.995649 
       0.213965                1         4.66952     0.000872304          4.4492         143.583        -8.96276        -32.9586         23.2002        0.995654        0.995649        0.995649        0.995649 
       0.218022                1         4.75699     0.000896833          4.5323         151.863        -9.30749         -34.875         24.5495        0.995654        0.995649        0.995649        0.995649 
       0.222156                1         4.84604     0.000942253          4.6169         160.579        -9.66515        -36.9005         25.9759        0.995654        0.995649        0.995649        0.995649 
       0.226368                1         4.93667      0.00098512         4.70301         169.752        -10.0362        -39.0413         27.4836        0.995654        0.995649        0.995649        0.995649 
        0.23066                1         5.02892      0.00101066         4.79068         179.401        -10.4212        -41.3037         29.0771        0.995655        0.995649        0.995649        0.995649 
       0.235033                1         5.12281      0.00104286         4.87991         189.539        -10.8205        -43.6943         30.7612        0.995655        0.995649        0.995649        0.995649 
       0.239489                1         5.21837      0.00109437         4.97071         200.186        -11.2347        -46.2202         32.5408        0.995655        0.995649        0.995649        0.995649 
        0.24403                1         5.31561      0.00114195         5.06313         211.368        -11.6642        -48.8886          34.421        0.995655        0.995649        0.995649        0.995649 
       0.248656                1         5.41456      0.00117365         5.15719         223.106        -12.1097        -51.7074         36.4075        0.995655        0.995649        0.995649        0.995649 
       0.253371                1         5.51525      0.00121145          5.2529         235.418        -12.5716        -54.6847         38.5059        0.995656        0.995649        0.995649        0.995649 
       0.258175                1         5.61769      0.00126813         5.35028         248.321        -13.0505         -57.829         40.7224        0.995656        0.995649        0.995649        0.995649 
        0.26307                1         5.72192      0.00132402         5.44936          261.83        -13.5471        -61.1493         43.0631        0.995656        0.995649        0.995649        0.995649 
       0.268057                1         5.82795      0.00136469         5.55016         275.954        -14.0618        -64.6549         45.5349        0.995656        0.995649        0.995649        0.995649 
        0.27314                1          5.9358      0.00140677         5.65269         290.709        -14.5953        -68.3556         48.1447        0.995657        0.995649        0.995649        0.995649 
       0.278318                1          6.0455      0.00146712         5.75699         306.119        -15.1483        -72.2619         50.8997        0.995657        0.995649        0.995649        0.995649 
       0.283595                1         6.15707       0.0015336         5.86307         322.205        -15.7213        -76.3843         53.8076        0.995657        0.995649        0.995649        0.995649 
       0.288972                1         6.27053      0.00158742         5.97094          338.98        -16.3149        -80.7344         56.8765        0.995657        0.995649        0.995649        0.995649 
       0.294451                1          6.3859      0.00163512         6.08064          356.45          -16.93        -85.3238         60.1146        0.995658        0.995649        0.995649        0.995649 
       0.300034                1         6.50319      0.00169659         6.19217         374.613         -17.567        -90.1648         63.5308        0.995658        0.995649        0.995649        0.995649 
       0.305722                1         6.62243      0.00177227         6.30556         393.468        -18.2268        -95.2704         67.1342        0.995658        0.995649        0.995649        0.995649 
       0.311519                1         6.74364      0.00184364         6.42082          413.02        -18.9101        -100.654         70.9343        0.995658        0.995649        0.995649        0.995649 
       0.317425                1         6.86682      0.00190328         6.53797         433.274        -19.6174        -106.329         74.9411        0.995659        0.995649        0.995649        0.995649 
       0.323443                1           6.992      0.00196569         6.65701         454.226        -20.3497        -112.312         79.1648        0.995659        0.995649        0.995649        0.995649 
       0.329576                1          7.1192      0.00204443         6.77798         475.864        -21.1075        -118.615         83.6164        0.995659        0.995649        0.995649        0.995649 
       0.335824                1         7.24841      0.00213233         6.90087         498.171        -21.8917        -125.257         88.3069        0.995659        0.995649        0.995649        0.995649 
       0.342191                1         7.37966      0.00221317         7.02569         521.122         -22.703        -132.252         93.2481         0.99566        0.995649        0.995649        0.995649 
       0.348679                1         7.51296      0.00228534         7.15247         544.678        -23.5421        -139.618         98.4519         0.99566        0.995649        0.995649        0.995649 
        0.35529                1         7.64831      0.00236327         7.28121         568.803        -24.4099        -147.372         103.931         0.99566        0.995649        0.995649        0.995649 
       0.362026                1         7.78572      0.00245697          7.4119         593.455        -25.3071        -155.534         109.698        0.995661        0.995649        0.995649        0.995649 
        0.36889                1          7.9252      0.00255914         7.54456         618.577        -26.2345        -164.121         115.767        0.995661        0.995649        0.995649        0.995649 
       0.375884                1         8.06674      0.00265589          7.6792         644.117        -27.1927        -173.153         122.151        0.995661        0.995649        0.995649        0.995649 
       0.383011                1         8.21035      0.00274504          7.8158         670.007        -28.1827         -182.65         128.865        0.995661        0.995649        0.995649        0.995649 
       0.390273                1         8.35603      0.00283817         7.95437         696.138        -29.2052        -192.633         135.924        0.995662        0.995649        0.995649        0.995649 
       0.397672                1         8.50378       0.0029457         8.09491         722.406        -30.2609        -203.123         143.342        0.995662        0.995649        0.995649        0.995649 
       0.405212                1         8.65357      0.00306465          8.2374         748.703        -31.3507        -214.141         151.134        0.995662        0.995649        0.995649        0.995649 
       0.412895                1         8.80542      0.00318317         8.38185         774.915        -32.4751        -225.711         159.318        0.995662        0.995649        0.995649        0.995649 
       0.420723                1          8.9593      0.00329485         8.52823         800.935         -33.635        -237.855         167.909        0.995662        0.995649        0.995649        0.995649 
         0.4287                1          9.1152      0.00340556         8.67653           826.6         -34.831        -250.595         176.923        0.995663        0.995649        0.995649        0.995649 
       0.436828                1          9.2731       0.0035263         8.82674         851.709        -36.0639        -263.956         186.377        0.995663        0.995649        0.995649        0.995649 
        0.44511                1         9.43298      0.00366124         8.97883         876.071        -37.3343        -277.962         196.289        0.995663        0.995649        0.995649        0.995649 
       0.453549                1         9.59482      0.00380408         9.13279         899.485        -38.6429        -292.637         206.676        0.995663        0.995649        0.995649        0.995649 
       0.462148                1         9.75857      0.00394532         9.28857         921.759        -39.9901        -308.005         217.555        0.995663        0.995649        0.995649        0.995649 
       0.470911                1         9.92422      0.00408203         9.44616          942.67        -41.3767        -324.091         228.943        0.995663        0.995649        0.995649        0.995649 
       0.479839                1         10.0917      0.00422019         9.60551         961.961        -42.8031        -340.919         240.859        0.995663        0.995649        0.995649        0.995649 
       0.488937                1          10.261      0.00436854          9.7666         979.381        -44.2698        -358.515          253.32        0.995663        0.995649        0.995649        0.995649 
       0.498207                1         10.4321      0.00453045         9.92936         994.643        -45.7772        -376.904         266.344        0.995663        0.995649        0.995649        0.995649 
       0.507653                1         10.6049      0.00470158         10.0938         1007.47        -47.3257        -396.108         279.947        0.995663        0.995649        0.995649        0.995649 
       0.517278                1         10.7794      0.00487435         10.2598         1017.59        -48.9156        -416.153         294.148        0.995663        0.995649        0.995649        0.995649 
       0.527085                1         10.9555       0.0050447         10.4273         1024.71        -50.5472        -437.062         308.962        0.995663        0.995649        0.995649        0.995649 
       0.537079                1         11.1332      0.00521516         10.5963         1028.52        -52.2206        -458.859         324.407        0.995663        0.995649        0.995649        0.995649 
       0.547261                1         11.3123      0.00539234         10.7667         1028.75         -53.936        -481.565         340.498        0.995663        0.995649        0.995649        0.995649 
       0.557637                1         11.4928      0.00558155         10.9385         1025.09        -55.6934        -505.202         357.251        0.995662        0.995649        0.995649        0.995649 
        0.56821                1         11.6747      0.00578315         11.1115         1017.29        -57.4928         -529.79         374.681        0.995662        0.995649        0.995649        0.995649 
       0.578983                1         11.8578      0.00599282         11.2858         1005.09         -59.334         -555.35         392.801        0.995662        0.995649        0.995649        0.995649 
       0.589961                1         12.0421      0.00620517         11.4611         988.294        -61.2168        -581.899         411.625        0.995661        0.995649        0.995649        0.995649 
       0.601146                1         12.2275      0.00641752         11.6375         966.699         -63.141        -609.454         431.164        0.995661        0.995649        0.995649        0.995649 
       0.612544                1         12.4139      0.00663148         11.8148         940.176         -65.106        -638.031          451.43         0.99566        0.995649        0.995649        0.995649 
       0.624157                1         12.6012      0.00685149          11.993         908.648        -67.1115        -667.642         472.432         0.99566        0.995649        0.995649        0.995649 
       0.635991                1         12.7893      0.00708193          12.172         872.102        -69.1568        -698.299         494.179        0.995659        0.995649        0.995649        0.995649 
       0.648049                1         12.9781      0.00732461         12.3516         830.578        -71.2413        -730.013         516.677        0.995659        0.995649        0.995649        0.995649 
       0.660336                1         13.1675      0.00757812         12.5318         784.207         -73.364         -762.79         539.932        0.995658        0.995649        0.995649        0.995649 
       0.672856                1         13.3574      0.00783902         12.7124         733.317        -75.5242        -796.635         563.948        0.995657        0.995649        0.995649        0.995649 
       0.685613                1         13.5476      0.00810397         12.8934         678.403        -77.7208        -831.552         588.727        0.995657        0.995649        0.995649        0.995649 
       0.698612                1         13.7381      0.00837145         13.0747          620.05        -79.9527         -867.54         614.269        0.995656        0.995649        0.995649        0.995649 
       0.711858                1         13.9287       0.0086423         13.2561          558.77        -82.2188        -904.597         640.573        0.995655        0.995649        0.995649        0.995649 
       0.725354                1         14.1194      0.00891909         13.4375         495.065        -84.5176        -942.719         667.635        0.995655        0.995649        0.995649        0.995649 
       0.739107                1         14.3099      0.00920478         13.6188          429.85        -86.8478        -981.896         695.449        0.995654        0.995649        0.995649        0.995649 
        0.75312                1         14.5002      0.00950145         13.7998         365.669         -89.208        -1022.12         724.009        0.995653        0.995649        0.995649        0.995649 
       0.767399                1         14.6902      0.00980957         13.9806         305.146        -91.5964        -1063.37         753.304        0.995652        0.995649        0.995649        0.995649 
       0.781949                1         14.8797       0.0101281         14.1609         248.986        -94.0115        -1105.64         783.323        0.995652        0.995649        0.995649        0.995649 
       0.796775                1         15.0686       0.0104552         14.3407         194.645        -96.4515        -1148.91         814.053        0.995651        0.995649        0.995649        0.995649 
       0.811881                1         15.2568       0.0107888         14.5197         141.334        -98.9146        -1193.15         845.477        0.995651        0.995649        0.995649        0.995649 
       0.827274                1         15.4442       0.0111276          14.698         100.428        -101.399        -1238.34         877.578         0.99565        0.995649        0.995649        0.995649 
       0.842959                1         15.6306       0.0114714         14.8754         91.9944        -103.902        -1284.44         910.336         0.99565        0.995649        0.995649        0.995649 
       0.858941                1          15.816        0.011821         15.0518          122.15        -106.423        -1331.44         943.729        0.995651        0.995649        0.995649        0.995649 
       0.875227                1         16.0002       0.0121776          15.227          149.16        -108.959         -1379.3         977.734        0.995651        0.995649        0.995649        0.995649 
       0.891821                1          16.183       0.0125427          15.401         114.622        -111.507        -1427.97         1012.33         0.99565        0.995649        0.995649        0.995649 
        0.90873                1         16.3645       0.0129175         15.5736         69.4741        -114.067        -1477.42         1047.48         0.99565        0.995649        0.995649        0.995649 
       0.925959                1         16.5444       0.0133029         15.7449         229.144        -116.636        -1527.62         1083.16        0.995651        0.995649        0.995649        0.995649 
       0.943515                1         16.7227       0.0136989         15.9145          723.68        -119.211        -1578.52         1119.34        0.995656        0.995649        0.995649        0.995649 
       0.961404                1         16.8993       0.0141051         16.0826         1233.67         -121.79        -1630.07         1155.99         0.99566        0.995649        0.995649        0.995649 
       0.979632                1         17.0741       0.0145208         16.2489         1023.84        -124.372        -1682.23         1193.07        0.995658        0.995649        0.995649        0.995649 
       0.998205                1          17.247        0.014945         16.4134        -401.685        -126.954        -1734.95         1230.56        0.995646        0.995649        0.995649        0.995649 
        1.01713                1         17.4179       0.0153771          16.429        -567.875        -129.534        -1788.18         1268.41        0.995645        0.995649        0.995649        0.995649 
        1.03642                1         17.5866       0.0158165          16.429        -567.875        -132.109        -1841.87          1306.6        0.995645        0.995649        0.995649        0.995649 
        1.05607                1         17.7533        0.016263          16.429        -567.875        -134.678        -1895.97         1345.08        0.995645        0.995649        0.995649        0.995649 
        1.07609                1         17.9177       0.0167165          16.429        -567.875        -137.239        -1950.43         1383.82        0.995645        0.995649        0.995649        0.995649 
        1.09649                1         18.0798       0.0171774          16.429        -567.875         -139.79        -2005.19         1422.77        0.995645        0.995649        0.995649        0.995649 
        1.11728                1         18.2396       0.0176461          16.429        -567.875        -142.328        -2060.21         1461.92        0.995645        0.995649        0.995649        0.995649 
        1.13846                1         18.3969        0.018123          16.429        -567.875        -144.852        -2115.43          1501.2        0.995645        0.995649        0.995649        0.995649 
        1.16005                1         18.5518       0.0186087          16.429        -567.875         -147.36        -2170.79          1540.6        0.995645        0.995649        0.995649        0.995649 
        1.18204                1         18.7041       0.0191035          16.429        -567.875         -149.85        -2226.25         1580.07        0.995645        0.995649        0.995649        0.995649 
        1.20445                1         18.8539       0.0196076          16.429        -567.875        -152.321        -2281.76         1619.57        0.995645        0.995649        0.995649        0.995649 
        1.22729                1         19.0011       0.0201213          16.429        -567.875         -154.77        -2337.25         1659.07        0.995645        0.995649        0.995649        0.995649 
        1.25056                1         19.1457       0.0206446          16.429        -567.875        -157.196        -2392.69         1698.54        0.995645        0.995649        0.995649        0.995649 
        1.27427                1         19.2876       0.0211773          16.429        -567.875        -159.599        -2448.03         1737.93        0.995645        0.995649        0.995649        0.995649 
        1.29843                1         19.4269       0.0217194          16.429        -567.875        -161.975        -2503.21         1777.21        0.995645        0.995649        0.995649        0.995649 
        1.32305                1         19.5634       0.0222707          16.429        -567.875        -164.325        -2558.19         1816.35        0.995645        0.995649        0.995649        0.995649 
        1.34813                1         19.6973       0.0228308          16.429        -567.875        -166.647        -2612.92         1855.32        0.995645        0.995649        0.995649        0.995649 
        1.37369                1         19.8284       0.0233996          16.429        -567.875        -168.939        -2667.36         1894.09        0.995645        0.995649        0.995649        0.995649 
        1.39974                1         19.9569       0.0239769          16.429        -567.875        -171.201        -2721.47         1932.62        0.995645        0.995649        0.995649        0.995649 
        1.42628                1         20.0826       0.0245624          16.429        -567.875        -173.431         -2775.2          1970.9        0.995645        0.995649        0.995649        0.995649 
        1.45332                1         20.2056        0.025156          16.429        -567.875         -175.63        -2828.53         2008.88        0.995645        0.995649        0.995649        0.995649 
        1.48087                1         20.3259       0.0257575          16.429        -567.875        -177.795         -2881.4         2046.54        0.995645        0.995649        0.995649        0.995649 
        1.50895                1         20.4435       0.0263668          16.429        -567.875        -179.926        -2933.79         2083.86        0.995645        0.995649        0.995649        0.995649 
        1.53756                1         20.5584       0.0269838          16.429        -567.875        -182.023        -2985.67         2120.82        0.995645        0.995649        0.995649        0.995649 
        1.56671                1         20.6706       0.0276085          16.429        -567.875        -184.085           -3037         2157.39        0.995645        0.995649        0.995649        0.995649 
        1.59641                1         20.7803       0.0282406          16.429        -567.875        -186.111        -3087.75         2193.55        0.995645        0.995649        0.995649        0.995649 
        1.62668                1         20.8872       0.0288803          16.429        -567.875        -188.101         -3137.9         2229.28        0.995645        0.995649        0.995649        0.995649 
        1.65752                1         20.9916       0.0295273          16.429        -567.875        -190.055        -3187.41         2264.57        0.995645        0.995649        0.995649        0.995649 
        1.68895                1         21.0934       0.0301817          16.429        -567.875        -191.973        -3236.28          2299.4        0.995645        0.995649        0.995649        0.995649 
        1.72097                1         21.1927       0.0308433          16.429        -567.875        -193.853        -3284.47         2333.74        0.995645        0.995649        0.995649        0.995649 
         1.7536                1         21.2895       0.0315121          16.429        -567.875        -195.697        -3331.97          2367.6        0.995645        0.995649        0.995649        0.995649 
        1.78685                1         21.3838        0.032188          16.429        -567.875        -197.503        -3378.75         2400.95        0.995645        0.995649        0.995649        0.995649 
        1.82073                1         21.4756       0.0328708          16.429        -567.875        -199.272        -3424.81         2433.78        0.995645        0.995649        0.995649        0.995649 
        1.85525                1         21.5651       0.0335604          16.429        -567.875        -201.004        -3470.13         2466.08        0.995645        0.995649        0.995649        0.995649 
        1.89042                1         21.6521       0.0342567          16.429        -567.875        -202.699        -3514.69         2497.85        0.995645        0.995649        0.995649        0.995649 
        1.92626                1         21.7369       0.0349594          16.429        -567.875        -204.357        -3558.49         2529.08        0.995645        0.995649        0.995649        0.995649 
        1.96279                1         21.8193       0.0356684          16.429        -567.875        -205.978        -3601.51         2559.76        0.995645        0.995649        0.995649        0.995649 
              2                1         21.8197        0.035672          16.429        -567.875        -205.986        -3601.72         2559.91        0.995645        0.995649        0.995649        0.995649 
