# k  (h/Mpc)    Pcb(k)  (Mpc/h)^3    Pcb_linear(k)  (Mpc/h)^3
     0.00783031         18380.2           18660 
       0.013688         23177.3         22949.3 
       0.019231         23157.9         23126.1 
      0.0249154         20755.3         21262.5 
      0.0312784         18043.8         18300.3 
      0.0375637         15484.1         15517.5 
      0.0433917           13197         13490.8 
      0.0492413         11919.1           12045 
      0.0555754         10578.1         10988.7 
      0.0619321         10177.1         10211.5 
       0.067871         9193.14         9534.37 
      0.0738098         8477.85         8785.97 
      0.0800417         7540.74          7903.8 
      0.0862327         6792.14         6994.38 
      0.0921407          6160.4         6187.34 
      0.0982031         5466.15         5495.79 
       0.104506         5116.24         4957.35 
       0.110769         4731.64         4589.87 
       0.116806         4468.82         4347.27 
       0.122832         4262.49         4156.36 
       0.129052         3958.64          3958.4 
       0.135211          3748.4         3727.81 
       0.141259         3578.29         3462.98 
       0.147318          3356.8         3177.69 
       0.153489          3061.8         2895.97 
       0.159709         2886.57         2648.42 
       0.165845         2778.18         2454.72 
       0.171974         2628.59         2311.55 
       0.178125            2504         2207.03 
       0.184229         2394.46         2124.73 
        0.19034          2277.2         2046.23 
       0.196428         2227.28         1959.48 
       0.202534         2137.12         1859.33 
       0.208729         2039.59         1747.56 
       0.214876          1958.8         1634.89 
       0.220989         1887.76         1530.31 
       0.227147         1811.53         1439.33 
        0.23329         1740.36         1365.49 
       0.239377          1714.9         1307.36 
       0.245482         1611.93          1259.6 
       0.251667         1603.94         1216.28 
       0.257832         1540.49         1173.04 
       0.263955         1489.21         1127.11 
       0.270079         1438.67          1077.8 
        0.27624          1420.9         1026.41 
       0.282372          1362.8         976.302 
        0.28843         1357.54         930.359 
       0.294538         1291.19         889.335 
       0.300721         1281.94         853.604 
        0.30691         1235.31         822.818 
       0.313033         1210.23         795.696 
       0.319153         1192.36         770.133 
       0.325316         1153.35         744.558 
        0.33145         1128.55         718.552 
       0.337538          1106.9         692.221 
       0.343633         1085.31         665.931 
       0.349808         1049.26         640.184 
       0.355968          1041.3         616.166 
       0.362074         1032.44         594.376 
       0.368217         999.035         574.567 
       0.374374         964.042         556.468 
       0.380519         966.296         539.651 
       0.386598         937.783         523.742 
       0.392688         934.081         508.085 
        0.39888         907.605         492.303 
       0.405048          897.88         476.738 
       0.411186          885.35         461.551 
       0.417313         866.639         446.961 
       0.423458         851.164         433.092 
       0.429607         841.709         420.052 
       0.435692         824.547         407.995 
       0.441815         817.064         396.595 
       0.447964          800.89           385.7 
       0.454126         795.225         375.189 
       0.460267          774.83         365.016 
       0.466387             765         355.093 
        0.47254         763.061         345.332 
       0.478662         753.223           335.9 
       0.484765         731.963         326.834 
       0.490885         727.587         318.115 
       0.497035         712.546         309.742 
       0.503198         708.462         301.752 
       0.509342         700.831          294.15 
       0.515458         697.258         286.879 
       0.521598         679.916         279.817 
       0.527764         668.627         272.932 
       0.533884         665.948         266.296 
           0.54         659.953         259.854 
       0.546137         653.229         253.576 
       0.552299         645.419         247.468 
       0.558452         639.868          241.58 
       0.564573         632.334         235.938 
       0.570708         625.189         230.496 
       0.576825         609.263         225.265 
       0.582926         611.795         220.219 
       0.589034         605.362         215.319 
       0.595184         600.158         210.527 
       0.601379         591.555         205.839 
       0.607522         583.093         201.327 
       0.613639         582.929         196.967 
       0.619772          571.89         192.726 
       0.625918         567.985         188.604 
       0.632068          560.67         184.602 
       0.638161         558.184         180.756 
         0.6443         549.312         176.995 
       0.650464         547.471         173.331 
       0.656582         541.878         169.801 
       0.662703         540.472          166.37 
       0.668861         531.698         163.016 
       0.675024         527.292         159.753 
       0.681124         523.588         156.611 
       0.687237         519.768         153.547 
       0.693381         512.701          150.55 
       0.699536         504.486         147.628 
       0.705665         504.196         144.796 
       0.711789           501.7         142.041 
       0.717957           497.1          139.34 
        0.72409         494.647         136.726 
       0.730186         487.323         134.196 
       0.736317         484.563         131.717 
       0.742472         481.425         129.293 
       0.748622         476.431         126.933 
        0.75476         469.453         124.638 
       0.760888         465.667         122.403 
       0.767043         465.455         120.215 
       0.773185         461.246         118.085 
       0.779291         456.246         116.019 
       0.785407         453.036             114 
       0.791564         448.395         112.017 
       0.797719         446.706         110.082 
       0.803834         441.045         108.206 
       0.809972         440.283         106.367 
       0.816124         438.777         104.567 
       0.822261         432.808         102.814 
       0.828378         430.484         101.106 
       0.834502         425.616         99.4368 
       0.840667         422.688         97.7944 
       0.846816         420.898          96.194 
       0.852925         418.021         94.6399 
       0.859047         415.998         93.1171 
       0.865192         410.615         91.6231 
       0.871341         407.341         90.1612 
       0.877463         407.353          88.738 
       0.883569         403.092         87.3495 
       0.889708         400.646         85.9837 
       0.895864         399.769         84.6439 
       0.902008         395.893         83.3357 
       0.908149         390.573          82.056 
       0.914301          388.93         80.8014 
       0.920448         387.222         79.5744 
       0.926574         381.257         78.3774 
       0.932687         380.722         77.2077 
       0.938823         377.236         76.0579 
       0.944975         377.251         74.9291 
       0.951105         373.131         73.8273 
       0.957225         370.719         72.7498 
       0.963368         366.324         71.6903 
       0.969511         365.546          70.652 
       0.975621         363.553         69.6399 
       0.981748         361.035         68.6452 
       0.987916         359.199         67.6638 
        0.99406         353.954         66.7055 
        1.00019         352.293         65.7677 
        1.00632         351.009         64.8489 
        1.01246         348.028         63.9464 
        1.01859         348.084         63.0627 
        1.02471         343.107         62.1969 
        1.03085         341.925         61.3444 
        1.03698         340.169         60.5099 
        1.04314         337.576         59.6875 
        1.04929         334.161         58.8824 
        1.05541         335.131         58.0954 
        1.06154         329.502          57.321 
        1.06769         328.609         56.5597 
        1.07382          325.96         55.8147 
        1.07993         324.478         55.0849 
        1.08607         323.593         54.3652 
        1.09222         319.829         53.6577 
        1.09836         317.823         52.9637 
        1.10449         315.699         52.2828 
        1.11063         312.038         51.6132 
        1.11677         312.756         50.9557 
         1.1229         309.986         50.3108 
        1.12903         308.202         49.6766 
        1.13518          305.16         49.0528 
        1.14131         303.808         48.4402 
        1.14745         302.176         47.8384 
        1.15359         300.267         47.2468 
        1.15973         298.423         46.6651 
        1.16584         296.087         46.0958 
        1.17197         295.963         45.5352 
        1.17811          292.41         44.9823 
        1.18424         290.284         44.4402 
        1.19038          289.55         43.9055 
        1.19652         287.237         43.3799 
        1.20267         286.439         42.8629 
        1.20881         284.143         42.3545 
        1.21495         282.126         41.8551 
        1.22108         280.446         41.3639 
         1.2272         278.874         40.8818 
        1.23334         277.652         40.4063 
        1.23949         274.737         39.9373 
        1.24562         273.974         39.4771 
        1.25174          272.56         39.0248 
        1.25789         270.135         38.5783 
        1.26402          268.22         38.1397 
        1.27014         266.699         37.7089 
        1.27628         264.866         37.2836 
        1.28244         264.833          36.864 
        1.28858         262.314         36.4515 
        1.29471         261.145         36.0463 
        1.30084         258.709         35.6476 
        1.30697         257.886         35.2544 
        1.31312         255.169         34.8666 
        1.31925         253.835         34.4858 
        1.32537          253.39         34.1112 
        1.33151         251.034         33.7408 
        1.33765         248.985         33.3761 
        1.34378         248.439         33.0176 
        1.34992         247.028         32.6641 
        1.35606         246.072          32.315 
         1.3622          243.63         31.9717 
        1.36833          242.31         31.6342 
        1.37445         240.869         31.3017 
        1.38059         239.096         30.9731 
        1.38675         238.088         30.6483 
        1.39288         236.886         30.3296 
        1.39901         235.469         30.0155 
        1.40515         234.165         29.7052 
         1.4113         232.722         29.3994 
        1.41742         230.932         29.0992 
        1.42355         229.947         28.8025 
         1.4297         228.121         28.5091 
        1.43585         226.929           28.22 
        1.44198         226.345          27.936 
        1.44809          224.37         27.6564 
        1.45423         223.253         27.3796 
        1.46036         221.945         27.1072 
        1.46649         220.611         26.8383 
        1.47263         219.525          26.573 
        1.47877         217.785         26.3113 
        1.48491         215.819         26.0528 
        1.49104         215.325         25.7982 
        1.49718         213.589          25.547 
        1.50333         212.989         25.2986 
        1.50947         211.483         25.0541 
         1.5156         209.783         24.8132 
        1.52172         209.073         24.5754 
        1.52787         207.287         24.3403 
          1.534         206.865         24.1086 
        1.54013         205.031         23.8801 
        1.54627           204.1         23.6542 
        1.55241         202.918         23.4312 
        1.55855         201.094         23.2114 
        1.56467         200.589          22.995 
         1.5708         199.479         22.7808 
        1.57695         198.407          22.569 
        1.58308         197.032         22.3603 
        1.58922         195.511         22.1542 
        1.59535         194.168         21.9508 
         1.6015         193.338         21.7496 
        1.60764         192.428         21.5511 
        1.61376         191.429         21.3556 
        1.61989         190.385         21.1624 
        1.62604         188.946         20.9712 
        1.63218         188.189         20.7824 
        1.63831         186.615         20.5964 
        1.64444         185.841         20.4126 
        1.65059         184.961         20.2307 
        1.65673         183.742         20.0511 
        1.66285         182.313         19.8743 
        1.66898         181.642         19.6995 
        1.67512         180.788         19.5265 
        1.68127         179.013         19.3554 
         1.6874         178.506         19.1868 
        1.69353         177.229         19.0203 
        1.69967         175.984         18.8553 
        1.70581         175.275         18.6924 
        1.71193         173.929          18.532 
        1.71806         173.364         18.3732 
        1.72421         172.154         18.2159 
        1.73035          171.46         18.0606 
        1.73649         170.407         17.9072 
        1.74262         169.414         17.7557 
        1.74876         168.088         17.6059 
        1.75489         167.492         17.4581 
        1.76101         165.939          17.312 
        1.76715         165.658         17.1675 
        1.77329         164.399         17.0244 
        1.77943         163.817         16.8828 
        1.78557         162.699         16.7431 
        1.79171          161.99          16.605 
        1.79785         160.736         16.4684 
        1.80399             160         16.3333 
        1.81012         159.082            16.2 
        1.81625         158.475         16.0682 
        1.82239         157.164         15.9377 
        1.82853         156.601         15.8087 
        1.83466         155.629         15.6813 
        1.84078         154.815         15.5554 
        1.84692         153.546         15.4307 
        1.85306         153.166         15.3072 
         1.8592         152.157         15.1852 
        1.86533         151.631         15.0647 
        1.87147         150.384         14.9453 
        1.87761         149.408         14.8272 
        1.88375         148.671         14.7105 
        1.88988         147.309         14.5952 
        1.89601          147.19          14.481 
        1.90215         146.232          14.368 
        1.90829         145.191         14.2562 
        1.91442         144.745         14.1456 
        1.92056         143.695         14.0363 
         1.9267          142.83         13.9281 
        1.93284         141.881         13.8209 
        1.93897         141.475          13.715 
        1.94509         140.741         13.6105 
        1.95123         139.928         13.5068 
        1.95737          139.02         13.4042 
        1.96349         138.353         13.3028 
        1.96964         137.381         13.2022 
        1.97578         136.581         13.1026 
        1.98192         135.911         13.0043 
        1.98805          135.32         12.9069 
        1.99419         134.354         12.8105 
        2.00033         133.745         12.7151 
        2.00647         133.013         12.6207 
         2.0126         132.068         12.5274 
        2.01874         131.551         12.4349 
        2.02488         131.168         12.3433 
        2.03101         129.816         12.2527 
        2.03714         129.462         12.1631 
        2.04328         128.448         12.0744 
        2.04941         128.032         11.9866 
        2.05554         127.032         11.8997 
        2.06167         126.615         11.8136 
        2.06781         125.622         11.7284 
        2.07396         125.265         11.6438 
        2.08009         124.365         11.5602 
        2.08622         123.489         11.4776 
        2.09237         123.112         11.3956 
        2.09851         122.379         11.3144 
        2.10464         121.957         11.2341 
        2.11077         121.217         11.1547 
        2.11691         120.549         11.0758 
        2.12305         119.991         10.9978 
        2.12918         119.147         10.9207 
        2.13531         118.453         10.8443 
        2.14145         117.827         10.7684 
         2.1476         116.927         10.6933 
        2.15372         116.807         10.6192 
        2.15985         115.998         10.5457 
        2.16599         115.266         10.4727 
        2.17213          114.79         10.4005 
        2.17827          114.04          10.329 
         2.1844         113.352         10.2582 
        2.19054         112.957          10.188 
        2.19666         112.187         10.1187 
         2.2028         111.563         10.0499 
        2.20893         111.183         9.98166 
        2.21508         110.382         9.91402 
        2.22122         109.855         9.84699 
        2.22736         109.314         9.78073 
        2.23349         108.808         9.71508 
        2.23962         108.251         9.65001 
        2.24577         107.493         9.58548 
         2.2519          107.06         9.52163 
        2.25802         106.217         9.45846 
        2.26417         105.993         9.39569 
        2.27031         105.233         9.33344 
        2.27644         104.757         9.27193 
        2.28257         104.145         9.21098 
        2.28872         103.614         9.15046 
        2.29486         102.982         9.09051 
        2.30099         102.424         9.03121 
        2.30712         101.899         8.97242 
        2.31326         101.352         8.91405 
         2.3194         100.823         8.85623 
        2.32553         100.258         8.79903 
        2.33166         99.7294         8.74236 
         2.3378         99.4229         8.68611 
        2.34394         98.7606         8.63033 
        2.35007         98.1973         8.57513 
        2.35619         97.7555         8.52048 
        2.36233         97.2942         8.46617 
        2.36848         96.6601         8.41223 
        2.37462         96.3111         8.35887 
        2.38075         95.6175         8.30602 
        2.38689         95.1484         8.25359 
        2.39303         94.6168         8.20162 
        2.39916         94.1994         8.15015 
        2.40529         93.9874         8.09912 
        2.41143         93.3081          8.0485 
        2.41757         92.7457         7.99828 
         2.4237         92.2612         7.94859 
        2.42983         91.7732         7.89932 
        2.43598         91.2039         7.85034 
        2.44211         90.9584         7.80186 
        2.44823         90.3908         7.75389 
        2.45437         89.8491          7.7062 
        2.46052         89.2504         7.65887 
        2.46665         89.0853         7.61202 
        2.47279          88.512         7.56558 
        2.47892         88.0337         7.51949 
        2.48507         87.6577         7.47375 
         2.4912         87.2194         7.42848 
        2.49733         86.5477          7.3836 
        2.50347          86.259         7.33902 
        2.50961         85.8709          7.2948 
        2.51575         85.2866         7.25097 
        2.52188          84.907         7.20756 
        2.52802         84.5193         7.16446 
        2.53416         83.8919         7.12169 
        2.54029         83.5436         7.07935 
        2.54641         83.1091         7.03737 
        2.55255         82.7005         6.99569 
        2.55869          82.343         6.95428 
        2.56483          82.055         6.91326 
        2.57096          81.492         6.87262 
        2.57709         81.1079         6.83229 
        2.58323         80.4977         6.79225 
        2.58937         80.1914         6.75251 
        2.59551         79.8638         6.71314 
        2.60164         79.5159         6.67409 
        2.60778         79.1786         6.63532 
        2.61392         78.5964         6.59686 
        2.62006         78.2488         6.55872 
        2.62619         77.8485         6.52093 
        2.63232         77.5425         6.48342 
        2.63846         77.0635         6.44617 
        2.64459         76.6918         6.40926 
        2.65072          76.262         6.37264 
        2.65686         75.7923          6.3363 
          2.663         75.4379         6.30018 
        2.66915         75.1552         6.26435 
        2.67527         74.8512         6.22888 
        2.68141          74.378         6.19367 
        2.68755         73.9975         6.15869 
        2.69368         73.7582         6.12402 
        2.69981         73.4584         6.08965 
        2.70595         72.8968         6.05547 
        2.71209         72.5064         6.02155 
        2.71823         72.2434         5.98793 
        2.72436         71.8432         5.95459 
         2.7305          71.418         5.92147 
        2.73663         71.1797         5.88862 
        2.74276         70.8515         5.85604 
         2.7489         70.3934         5.82369 
        2.75504         70.1107         5.79155 
        2.76118         69.6831         5.75964 
        2.76732         69.3527         5.72802 
        2.77345         69.0594         5.69664 
        2.77959         68.7454         5.66549 
        2.78572         68.4242         5.63458 
        2.79186         68.0821         5.60392 
        2.79798         67.7492         5.57351 
        2.80412         67.3562         5.54327 
        2.81027         67.0307         5.51323 
         2.8164         66.7311         5.48347 
        2.82253         66.4179         5.45393 
        2.82867         66.1111         5.42459 
        2.83481         65.7359         5.39547 
        2.84095         65.4063         5.36656 
        2.84708         65.0683         5.33789 
        2.85322         64.6614          5.3094 
        2.85935         64.4824         5.28113 
        2.86549         64.1218         5.25308 
        2.87162         63.8366         5.22524 
        2.87776          63.495          5.1976 
        2.88389         63.2064         5.17014 
        2.89003         62.9403          5.1429 
        2.89617         62.5631         5.11584 
        2.90231         62.3355         5.08898 
        2.90844         62.0599         5.06232 
        2.91458         61.7258         5.03585 
        2.92071         61.3939          5.0096 
        2.92684         61.1345         4.98351 
        2.93298          60.793         4.95762 
         2.9391         60.4415         4.93195 
        2.94524         60.2348         4.90642 
        2.95138         59.9858         4.88107 
        2.95752         59.6835         4.85587 
        2.96367         59.2932         4.83084 
         2.9698         59.0818         4.80604 
        2.97594          58.959         4.78139 
        2.98207         58.5841         4.75692 
        2.98821         58.2738         4.73264 
        2.99434         57.9404         4.70853 
        3.00048         57.7499         4.68457 
        3.00662         57.5202         4.66077 
        3.01275         57.2574         4.63718 
        3.01888         56.8457         4.61374 
        3.02503         56.6716         4.59042 
        3.03117         56.3618         4.56728 
        3.03729         56.1914         4.54435 
        3.04342         55.8322         4.52156 
        3.04957         55.6212         4.49887 
         3.0557         55.3386         4.47637 
        3.06183         55.1004         4.45407 
        3.06796         54.8476         4.43189 
        3.07411         54.4511         4.40982 
        3.08025         54.3281         4.38794 
        3.08637         54.0182         4.36624 
         3.0925         53.7884         4.34466 
        3.09865         53.5022         4.32319 
         3.1048         53.2098         4.30186 
        3.11093          53.043         4.28073 
        3.11706         52.8192         4.25973 
         3.1232         52.6147         4.23887 
        3.12933         52.2632         4.21813 
        3.13547          52.027         4.19756 
        3.14159         51.7996         4.17714 
        3.14773         51.6427         4.15682 
        3.15388         51.3839         4.13662 
        3.16001         51.0233         4.11659 
        3.16614         50.8501          4.0967 
        3.17228         50.6403         4.07693 
        3.17842         50.4199         4.05728 
        3.18455         50.1686         4.03778 
        3.19068         49.8842         4.01842 
        3.19682         49.7252         3.99915 
        3.20297         49.4563         3.98001 
         3.2091         49.2397         3.96101 
        3.21524         49.0406         3.94213 
        3.22138         48.7745         3.92338 
         3.2275         48.6185         3.90478 
        3.23363         48.3278         3.88629 
        3.23977         48.1667          3.8679 
        3.24591         47.9172         3.84964 
        3.25205         47.7096         3.83147 
        3.25818         47.4546         3.81344 
        3.26432         47.2618         3.79553 
        3.27046         47.0567         3.77773 
         3.2766         46.8666         3.76005 
        3.28273         46.6156         3.74248 
        3.28887         46.4214         3.72503 
          3.295         46.1603         3.70769 
        3.30113         45.9777         3.69047 
        3.30727         45.7218         3.67335 
        3.31341         45.6585         3.65634 
        3.31954         45.3942         3.63945 
        3.32568         45.1859         3.62264 
        3.33182          44.957         3.60595 
        3.33795         44.7903         3.58938 
        3.34409         44.6015         3.57289 
        3.35022         44.3644         3.55651 
        3.35636         44.1634         3.54025 
         3.3625         43.9764         3.52408 
        3.36864         43.7918           3.508 
        3.37477         43.5834         3.49204 
        3.38091         43.4019         3.47618 
        3.38704          43.237         3.46042 
        3.39318           42.98         3.44475 
        3.39931         42.7504         3.42917 
        3.40545         42.6282          3.4137 
        3.41158         42.4542         3.39832 
        3.41772         42.2365         3.38304 
        3.42385         42.0166         3.36786 
        3.42998         41.8694         3.35277 
        3.43612         41.6593         3.33778 
        3.44226         41.5128         3.32286 
         3.4484          41.303         3.30802 
        3.45453         41.1955          3.2933 
        3.46066         40.9592         3.27868 
        3.46681         40.8091         3.26411 
        3.47295         40.5959         3.24963 
        3.47908         40.4201         3.23529 
        3.48521         40.2758         3.22101 
        3.49135         40.0978         3.20681 
        3.49749         39.8673         3.19269 
        3.50362         39.7394         3.17867 
        3.50976         39.5911         3.16474 
        3.51589         39.3182         3.15088 
        3.52203         39.2543         3.13711 
        3.52816         39.0371         3.12344 
        3.53429         38.8654         3.10983 
        3.54043         38.6637         3.09629 
        3.54657         38.5024         3.08284 
        3.55271          38.318         3.06948 
        3.55884         38.2116         3.05621 
        3.56498         38.0501         3.04299 
        3.57112          37.811         3.02985 
        3.57725          37.633         3.01681 
        3.58338         37.5559         3.00385 
        3.58952         37.3758         2.99096 
        3.59566          37.229         2.97812 
         3.6018         37.1011         2.96538 
        3.60793          36.883         2.95271 
        3.61407         36.7293         2.94013 
        3.62021         36.5479         2.92761 
        3.62634         36.4114         2.91516 
        3.63247         36.2718         2.90279 
        3.63861         36.1426          2.8905 
        3.64475          35.895         2.87825 
        3.65089         35.8115         2.86609 
        3.65702          35.665         2.85402 
        3.66316         35.5055           2.842 
        3.66929         35.4017         2.83006 
        3.67543         35.2441         2.81818 
        3.68156         35.0454         2.80637 
        3.68769         34.9154         2.79463 
        3.69383         34.7663         2.78296 
        3.69997         34.5874         2.77135 
        3.70611         34.4613         2.75981 
        3.71224         34.3163         2.74833 
        3.71838         34.1384         2.73692 
        3.72451         34.0275         2.72558 
        3.73065         33.8956         2.71431 
        3.73678         33.7449          2.7031 
        3.74292         33.5827         2.69194 
        3.74906         33.4656         2.68085 
        3.75519         33.3246         2.66983 
        3.76133          33.204         2.65887 
        3.76746         33.0279         2.64797 
         3.7736         32.8831         2.63714 
        3.77974         32.7518         2.62636 
        3.78588         32.6211         2.61563 
        3.79201         32.5058         2.60498 
        3.79814          32.368         2.59438 
        3.80428         32.2217         2.58385 
        3.81042         32.0574         2.57336 
        3.81655         31.9558         2.56294 
        3.82268         31.8075         2.55259 
        3.82882         31.6725         2.54228 
        3.83496         31.5492         2.53203 
        3.84109         31.4452         2.52183 
        3.84723         31.2627          2.5117 
        3.85337         31.2044         2.50161 
        3.85951          31.044         2.49158 
        3.86565         30.8595         2.48161 
        3.87178         30.7871         2.47171 
        3.87791          30.677         2.46185 
        3.88405         30.4977         2.45204 
        3.89019         30.4413         2.44229 
        3.89632         30.3101         2.43259 
        3.90246         30.1535         2.42294 
         3.9086          30.048         2.41335 
        3.91473         29.8475         2.40381 
        3.92086         29.8236         2.39434 
        3.92699         29.6754          2.3849 
        3.93313         29.5308         2.37551 
        3.93927         29.4382         2.36617 
         3.9454         29.2838         2.35689 
        3.95154         29.1778         2.34765 
        3.95768         29.0685         2.33846 
        3.96382         28.9727         2.32933 
        3.96995         28.8234         2.32024 
        3.97609         28.7333          2.3112 
        3.98222         28.5924         2.30222 
        3.98836         28.4735         2.29327 
         3.9945         28.3467         2.28438 
        4.00063         28.2736         2.27554 
        4.00677         28.1458         2.26673 
        4.01291         28.0301         2.25798 
        4.01904          27.938         2.24928 
        4.02517         27.8027         2.24063 
        4.03131         27.7283         2.23201 
        4.03745         27.5757         2.22344 
        4.04358         27.5076         2.21492 
        4.04972         27.3556         2.20644 
        4.05585         27.2896         2.19801 
        4.06199          27.148         2.18962 
        4.06812         27.0493         2.18128 
        4.07426         26.9461         2.17298 
         4.0804         26.8287         2.16471 
        4.08654         26.6944         2.15649 
        4.09267         26.6331         2.14833 
         4.0988         26.4952         2.14021 
        4.10494         26.4178         2.13212 
        4.11108         26.3133         2.12408 
        4.11721         26.1995         2.11608 
        4.12334         26.1129         2.10812 
        4.12948         26.0152          2.1002 
        4.13561         25.8889         2.09232 
        4.14176         25.7955         2.08448 
        4.14789         25.6749         2.07667 
        4.15403         25.6129         2.06892 
        4.16016         25.4827          2.0612 
         4.1663         25.3844         2.05352 
        4.17243          25.327         2.04589 
        4.17857         25.2051         2.03829 
        4.18471         25.1042         2.03072 
        4.19084         25.0031          2.0232 
        4.19698         24.8906         2.01572 
        4.20312         24.8062         2.00827 
        4.20925         24.6897         2.00086 
        4.21538         24.6054          1.9935 
        4.22152         24.5301         1.98616 
        4.22766         24.4301         1.97886 
         4.2338         24.3198          1.9716 
        4.23993         24.2385         1.96438 
        4.24607          24.152         1.95719 
         4.2522         24.0215         1.95004 
        4.25834         23.9448         1.94292 
        4.26447         23.8448         1.93585 
        4.27061         23.7759         1.92881 
        4.27674         23.6727          1.9218 
        4.28288         23.5634         1.91482 
        4.28902         23.5093         1.90788 
        4.29515         23.4212         1.90098 
        4.30129         23.3144         1.89411 
        4.30743         23.2281         1.88727 
        4.31356         23.1248         1.88047 
        4.31969         23.0603          1.8737 
        4.32583         22.9517         1.86697 
        4.33197          22.876         1.86026 
         4.3381         22.8094         1.85359 
        4.34424         22.7176         1.84696 
        4.35038         22.6216         1.84035 
        4.35652         22.5419         1.83378 
        4.36265         22.4747         1.82724 
        4.36878         22.3822         1.82074 
        4.37492         22.2864         1.81426 
        4.38106            22.2         1.80781 
        4.38719         22.1255         1.80141 
        4.39333           22.05         1.79503 
        4.39946         21.9643         1.78868 
         4.4056         21.8612         1.78236 
        4.41173         21.7752         1.77607 
        4.41786          21.716         1.76982 
          4.424         21.6022          1.7636 
        4.43014         21.5539         1.75739 
        4.43628         21.4784         1.75122 
        4.44241         21.3839         1.74509 
        4.44855         21.3099         1.73898 
        4.45469         21.2398         1.73289 
        4.46083         21.1751         1.72685 
        4.46696         21.0833         1.72083 
        4.47309         21.0035         1.71484 
        4.47923         20.9296         1.70888 
        4.48537         20.8444         1.70294 
         4.4915         20.7596         1.69704 
        4.49764          20.703         1.69116 
        4.50378         20.6159         1.68531 
        4.50991          20.557         1.67949 
        4.51604          20.468          1.6737 
        4.52218         20.3943         1.66793 
        4.52832         20.3049         1.66219 
        4.53445         20.2432         1.65648 
        4.54059         20.1586          1.6508 
        4.54673          20.108         1.64514 
        4.55286         20.0415          1.6395 
          4.559         19.9409          1.6339 
        4.56513         19.8863         1.62832 
        4.57127         19.8066         1.62277 
        4.57741         19.7546         1.61724 
        4.58354         19.6716         1.61174 
        4.58968         19.5791         1.60627 
        4.59582         19.5157         1.60081 
        4.60195         19.4573         1.59539 
        4.60809         19.3961            1.59 
        4.61422         19.3139         1.58462 
        4.62036         19.2388         1.57928 
        4.62649         19.1664         1.57395 
        4.63263         19.1091         1.56865 
        4.63876         19.0426         1.56338 
         4.6449         18.9672         1.55813 
        4.65104         18.9144          1.5529 
        4.65717         18.8359          1.5477 
        4.66331         18.7689         1.54252 
        4.66944         18.7149         1.53737 
        4.67558         18.6359         1.53224 
        4.68171         18.5674         1.52713 
        4.68785         18.5191         1.52205 
        4.69399         18.4459         1.51699 
        4.70012         18.3749         1.51196 
        4.70625          18.323         1.50694 
        4.71239          18.262         1.50195 
        4.71853         18.1976         1.49698 
        4.72467         18.1188         1.49203 
         4.7308         18.0774         1.48711 
        4.73694         17.9769         1.48221 
        4.74308         17.9413         1.47733 
        4.74922         17.8872         1.47247 
        4.75535         17.8154         1.46764 
        4.76148          17.743         1.46283 
        4.76762          17.683         1.45803 
        4.77376         17.6296         1.45326 
        4.77989         17.5732         1.44852 
        4.78602         17.5002         1.44379 
        4.79216         17.4371         1.43908 
         4.7983          17.394          1.4344 
        4.80443         17.3223         1.42974 
        4.81056         17.2586         1.42509 
         4.8167         17.2075         1.42047 
        4.82284         17.1498         1.41586 
        4.82898         17.1129         1.41128 
        4.83511         17.0496         1.40672 
        4.84125         16.9873         1.40218 
        4.84739         16.9217         1.39766 
        4.85352         16.8575         1.39316 
        4.85965         16.8215         1.38868 
        4.86579         16.7521         1.38422 
        4.87193         16.7032         1.37978 
        4.87807         16.6397         1.37535 
         4.8842         16.5797         1.37095 
        4.89034          16.542         1.36657 
        4.89647         16.4679          1.3622 
        4.90261         16.4177         1.35786 
        4.90874         16.3749         1.35354 
        4.91488          16.309         1.34923 
        4.92102         16.2454         1.34494 
        4.92715         16.2091         1.34067 
        4.93329         16.1508         1.33642 
        4.93942         16.0976         1.33219 
        4.94556         16.0535         1.32797 
         4.9517         16.0101         1.32378 
        4.95783         15.9289          1.3196 
        4.96397         15.8893         1.31544 
        4.97011         15.8296          1.3113 
        4.97624          15.792         1.30717 
        4.98238         15.7305         1.30307 
        4.98851         15.6902         1.29898 
        4.99465         15.6369         1.29491 
        5.00078         15.5873         1.29086 
        5.00691         15.5278         1.28683 
        5.01305         15.4746         1.28281 
        5.01919         15.4257         1.27881 
        5.02533         15.3735         1.27482 
        5.03146         15.3225         1.27086 
         5.0376         15.2771         1.26691 
        5.04374         15.2359         1.26298 
        5.04987         15.1728         1.25906 
        5.05601         15.1367         1.25516 
        5.06215         15.0863         1.25128 
        5.06829         15.0458         1.24741 
        5.07442         14.9945         1.24356 
        5.08055         14.9351         1.23973 
        5.08668          14.878         1.23591 
        5.09282          14.845         1.23211 
        5.09896         14.7892         1.22833 
        5.10509         14.7495         1.22456 
        5.11123         14.7114         1.22081 
        5.11736         14.6581         1.21707 
         5.1235         14.6112         1.21335 
        5.12964         14.5687         1.20964 
        5.13577         14.5238         1.20595 
        5.14191         14.4759         1.20228 
        5.14804         14.4259         1.19862 
        5.15418          14.386         1.19498 
        5.16032         14.3615         1.19135 
        5.16645         14.3003         1.18773 
        5.17259         14.2587         1.18413 
        5.17872         14.2123         1.18055 
        5.18486         14.1743         1.17698 
          5.191         14.1274         1.17342 
        5.19713         14.0938         1.16989 
        5.20327         14.0472         1.16636 
        5.20941         14.0004         1.16285 
        5.21555         13.9624         1.15935 
        5.22168         13.9238         1.15587 
        5.22781         13.8787         1.15241 
        5.23395         13.8326         1.14896 
        5.24009         13.7886         1.14552 
        5.24622         13.7488         1.14209 
        5.25236         13.7116         1.13868 
         5.2585         13.6716         1.13528 
        5.26463          13.615          1.1319 
        5.27077         13.5894         1.12853 
         5.2769         13.5464         1.12518 
        5.28304         13.5001         1.12184 
        5.28917         13.4738         1.11851 
         5.2953         13.4233          1.1152 
        5.30144         13.3863          1.1119 
        5.30757         13.3513         1.10861 
        5.31371         13.3155         1.10534 
        5.31985         13.2697         1.10208 
        5.32599         13.2365         1.09883 
        5.33213         13.2121         1.09559 
        5.33826         13.1574         1.09237 
         5.3444         13.1267         1.08916 
        5.35053         13.0936         1.08597 
        5.35667          13.052         1.08279 
        5.36281         13.0214         1.07961 
        5.36894         12.9798         1.07646 
        5.37507         12.9484         1.07331 
        5.38121         12.9056         1.07018 
        5.38735         12.8692         1.06706 
        5.39348          12.842         1.06396 
        5.39961         12.8011         1.06086 
        5.40575         12.7618         1.05778 
        5.41189         12.7354         1.05471 
        5.41803         12.6976         1.05165 
        5.42416         12.6578          1.0486 
         5.4303         12.6205         1.04557 
        5.43644         12.5879         1.04255 
        5.44257         12.5556         1.03954 
        5.44871         12.5196         1.03654 
        5.45484          12.483         1.03356 
        5.46098         12.4462         1.03058 
        5.46712          12.423         1.02762 
        5.47325         12.3854         1.02467 
        5.47938         12.3494         1.02173 
        5.48552         12.3149          1.0188 
        5.49165         12.2834         1.01589 
        5.49779         12.2654         1.01298 
        5.50393         12.2241         1.01009 
        5.51006         12.1991         1.00721 
         5.5162         12.1567         1.00434 
        5.52234         12.1231         1.00148 
        5.52847         12.0942        0.998628 
        5.53461         12.0539         0.99579 
        5.54075         12.0339        0.992965 
        5.54688         12.0073        0.990151 
        5.55302         11.9662        0.987345 
        5.55915         11.9477        0.984553 
        5.56529         11.9094        0.981771 
        5.57143         11.8911        0.978999 
        5.57756         11.8669        0.976237 
         5.5837         11.8262        0.973488 
        5.58983         11.7976         0.97075 
        5.59597         11.7585        0.968022 
         5.6021         11.7433        0.965303 
        5.60824         11.7058        0.962594 
        5.61438         11.6891        0.959897 
        5.62051          11.655         0.95721 
        5.62665         11.6211        0.954534 
        5.63278         11.5993        0.951868 
        5.63892         11.5744        0.949212 
        5.64505         11.5362        0.946567 
        5.65119         11.5152        0.943931 
        5.65733         11.4893        0.941305 
        5.66346         11.4678         0.93869 
         5.6696         11.4369        0.936084 
        5.67573         11.4117        0.933489 
        5.68187         11.3839        0.930903 
          5.688         11.3581        0.928328 
        5.69414         11.3349        0.925762 
        5.70028         11.3109        0.923205 
        5.70642         11.2764        0.920657 
        5.71255         11.2618        0.918121 
        5.71869         11.2393        0.915594 
        5.72482          11.205        0.913077 
        5.73096         11.1835        0.910569 
        5.73709          11.159        0.908072 
        5.74322         11.1515        0.905584 
        5.74936         11.1033        0.903103 
         5.7555         11.0884        0.900631 
        5.76164         11.0632         0.89817 
        5.76777         11.0394         0.89572 
        5.77391         11.0206        0.893276 
        5.78005         10.9893        0.890842 
        5.78618         10.9762        0.888419 
        5.79231         10.9514        0.886006 
        5.79845         10.9276        0.883599 
        5.80459         10.9045        0.881199 
        5.81073         10.8796        0.878812 
        5.81686           10.86        0.876434 
          5.823         10.8363        0.874063 
        5.82914         10.8139          0.8717 
        5.83527         10.7985         0.86935 
         5.8414          10.779        0.867007 
        5.84754         10.7675         0.86467 
        5.85368         10.7335        0.862343 
        5.85981         10.7159        0.860026 
        5.86595          10.693        0.857717 
        5.87208         10.6758        0.855417 
        5.87822         10.6535        0.853125 
        5.88435         10.6407        0.850843 
        5.89049         10.6105        0.848567 
        5.89662         10.5881          0.8463 
        5.90276         10.5727         0.84404 
         5.9089         10.5563        0.841789 
        5.91503         10.5448        0.839549 
        5.92117         10.5184        0.837315 
        5.92731         10.5024        0.835088 
        5.93344          10.485        0.832871 
        5.93958         10.4715        0.830662 
        5.94572         10.4458        0.828461 
        5.95186         10.4284        0.826266 
        5.95799         10.4189        0.824083 
        5.96412            10.4        0.821906 
        5.97026         10.3858        0.819736 
         5.9764         10.3717        0.817576 
        5.98253         10.3495        0.815424 
        5.98866         10.3378        0.813279 
         5.9948         10.3186         0.81114 
        6.00094         10.3002         0.80901 
        6.00707         10.2798        0.806888 
        6.01321         10.2702        0.804773 
        6.01935         10.2601        0.802665 
        6.02548         10.2417        0.800566 
        6.03162         10.2308        0.798475 
        6.03775          10.209        0.796392 
        6.04389         10.1974        0.794315 
        6.05003         10.1928        0.792245 
        6.05617         10.1648        0.790181 
         6.0623         10.1597        0.788127 
        6.06844         10.1423         0.78608 
        6.07457         10.1323        0.784041 
         6.0807         10.1186         0.78201 
        6.08684         10.1079        0.779986 
        6.09298         10.0964        0.777967 
        6.09912         10.0777        0.775955 
        6.10525         10.0624        0.773952 
        6.11138         10.0609        0.771956 
        6.11752         10.0505        0.769966 
        6.12366         10.0372        0.767984 
        6.12979         10.0146        0.766009 
        6.13593         10.0137        0.764042 
        6.14207         10.0012        0.762079 
         6.1482         9.99707        0.760125 
        6.15434         9.98034        0.758178 
        6.16047         9.97451        0.756238 
        6.16661         9.96154        0.754304 
        6.17274         9.94698        0.752377 
        6.17887         9.93999        0.750458 
        6.18501         9.93057        0.748544 
        6.19115          9.9233        0.746637 
        6.19729         9.91423        0.744735 
        6.20342         9.90209        0.742842 
        6.20956         9.89667        0.740955 
         6.2157         9.87816        0.739074 
        6.22183         9.88123          0.7372 
        6.22797          9.8686        0.735334 
         6.2341         9.86638        0.733473 
        6.24024         9.85886        0.731618 
        6.24638         9.86042        0.729769 
        6.25251         9.84447        0.727928 
        6.25865          9.8455        0.726093 
        6.26478         9.84347        0.724264 
        6.27092         9.82042        0.722442 
        6.27705         9.82212        0.720627 
        6.28318         9.81035        0.718818 
