# k  (h/Mpc)    P(k)  (Mpc/h)^3    P_linear(k)  (Mpc/h)^3
     0.00783031         839.087         853.932 
       0.013688          1040.6         1050.29 
       0.019231         1051.43         1058.43 
      0.0249154         962.732         973.169 
      0.0312784          832.64         837.612 
      0.0375637          708.41         710.252 
      0.0433917         613.937         617.497 
      0.0492413         549.437         551.324 
      0.0555754         498.747         502.977 
      0.0619321         467.048         467.408 
       0.067871         433.018         436.414 
      0.0738098         398.882         402.159 
      0.0800417         358.071          361.78 
      0.0862327         318.112         320.154 
      0.0921407         282.111         283.214 
      0.0982031         250.109          251.56 
       0.104506         227.316         226.914 
       0.110769         210.253         210.094 
       0.116806         198.033         198.989 
       0.122832         189.993         190.251 
       0.129052         179.971         181.189 
       0.135211         169.437         170.635 
       0.141259         158.168         158.513 
       0.147318         145.803         145.454 
       0.153489         132.612         132.559 
       0.159709         121.587         121.228 
       0.165845         113.614         112.361 
       0.171974         106.232         105.808 
       0.178125         101.621         101.024 
       0.184229         98.0228         97.2563 
        0.19034         93.5298         93.6632 
       0.196428         90.1673         89.6923 
       0.202534         86.2352         85.1082 
       0.208729         80.7964         79.9922 
       0.214876         75.3929          74.835 
       0.220989         71.3096         70.0479 
       0.227147         66.6247         65.8832 
        0.23329           63.31         62.5034 
       0.239377         60.8582          59.843 
       0.245482         58.2192         57.6568 
       0.251667         56.7301         55.6736 
       0.257832         54.6467         53.6943 
       0.263955         52.5779         51.5921 
       0.270079         50.3675         49.3348 
        0.27624         48.4022         46.9826 
       0.282372          46.143         44.6889 
        0.28843         43.8602          42.586 
       0.294538         41.9883         40.7082 
       0.300721          40.654         39.0728 
        0.30691         38.9386         37.6634 
       0.313033         37.7284         36.4219 
       0.319153          36.147         35.2519 
       0.325316         35.4894         34.0812 
        0.33145         34.1797         32.8907 
       0.337538         33.0408         31.6855 
       0.343633         31.7435         30.4822 
       0.349808         30.6943         29.3035 
       0.355968         29.6251         28.2043 
       0.362074         28.5864         27.2068 
       0.368217         27.7031         26.3001 
       0.374374         26.7696         25.4716 
       0.380519         26.0946         24.7019 
       0.386598         25.3978         23.9736 
       0.392688          24.772          23.257 
        0.39888         23.9887         22.5346 
       0.405048         23.3303         21.8221 
       0.411186         22.6758          21.127 
       0.417313         21.8946         20.4591 
       0.423458         21.3006         19.8243 
       0.429607         20.6557         19.2273 
       0.435692         20.0569         18.6755 
       0.441815         19.5918         18.1536 
       0.447964         19.2099          17.655 
       0.454126         18.5378         17.1738 
       0.460267         18.1312         16.7082 
       0.466387         17.5727          16.254 
        0.47254         17.2285         15.8071 
       0.478662         16.8566         15.3754 
       0.484765         16.3455         14.9604 
       0.490885         15.9432         14.5613 
       0.497035         15.7032          14.178 
       0.503198          15.268         13.8124 
       0.509342         14.8974         13.4644 
       0.515458          14.537         13.1315 
       0.521598         14.2416         12.8083 
       0.527764         13.8866         12.4931 
       0.533884         13.6431         12.1894 
           0.54         13.3211         11.8945 
       0.546137          13.057         11.6071 
       0.552299         12.7961         11.3276 
       0.558452         12.4139          11.058 
       0.564573         12.2259         10.7998 
       0.570708          11.975         10.5507 
       0.576825         11.6664         10.3112 
       0.582926         11.4614         10.0803 
       0.589034         11.1409           9.856 
       0.595184         10.9633         9.63662 
       0.601379         10.7236         9.42206 
       0.607522         10.5614         9.21551 
       0.613639         10.4091         9.01592 
       0.619772         10.1243          8.8218 
       0.625918         10.0135         8.63311 
       0.632068         9.84748         8.44995 
       0.638161         9.60751         8.27388 
         0.6443         9.41027         8.10173 
       0.650464         9.21413         7.93403 
       0.656582         9.12212         7.77244 
       0.662703         8.94871          7.6154 
       0.668861         8.79123         7.46188 
       0.675024         8.60808          7.3125 
       0.681124         8.45062         7.16869 
       0.687237         8.32471         7.02843 
       0.693381         8.19688         6.89124 
       0.699536         7.97582         6.75747 
       0.705665         7.87802         6.62784 
       0.711789         7.74758         6.50176 
       0.717957         7.61055         6.37814 
        0.72409         7.47974         6.25848 
       0.730186         7.36916         6.14267 
       0.736317         7.29075         6.02921 
       0.742472         7.16973         5.91824 
       0.748622         7.03995         5.81021 
        0.75476          6.8939         5.70514 
       0.760888          6.8036         5.60285 
       0.767043         6.72108         5.50268 
       0.773185         6.58055         5.40519 
       0.779291         6.51675         5.31063 
       0.785407         6.40758         5.21822 
       0.791564         6.31033         5.12743 
       0.797719          6.2069         5.03888 
       0.803834         6.14721         4.95299 
       0.809972          6.0686         4.86881 
       0.816124         5.94559         4.78642 
       0.822261         5.84577         4.70618 
       0.828378         5.77487         4.62803 
       0.834502         5.72219          4.5516 
       0.840667         5.60517         4.47642 
       0.846816         5.51544         4.40317 
       0.852925         5.46782         4.33203 
       0.859047         5.39097         4.26233 
       0.865192         5.33037         4.19394 
       0.871341         5.26633         4.12702 
       0.877463         5.18825         4.06188 
       0.883569         5.09772         3.99832 
       0.889708         5.01915         3.93581 
       0.895864         4.96634         3.87448 
       0.902008          4.8981         3.81459 
       0.908149         4.84561         3.75602 
       0.914301         4.76174         3.69859 
       0.920448          4.7002         3.64243 
       0.926574         4.63549         3.58764 
       0.932687         4.58808         3.53409 
       0.938823         4.53294         3.48146 
       0.944975         4.47169         3.42979 
       0.951105         4.42371         3.37936 
       0.957225         4.39717         3.33004 
       0.963368          4.3308         3.28154 
       0.969511          4.2708         3.23401 
       0.975621         4.21021         3.18769 
       0.981748         4.17004         3.14216 
       0.987916         4.12016         3.09723 
        0.99406         4.05153         3.05337 
        1.00019         4.00674         3.01044 
        1.00632         3.97166         2.96838 
        1.01246          3.9261         2.92707 
        1.01859         3.87749         2.88662 
        1.02471         3.83119         2.84699 
        1.03085         3.78902         2.80797 
        1.03698          3.7384         2.76977 
        1.04314          3.7062         2.73213 
        1.04929         3.65808         2.69527 
        1.05541         3.61667         2.65925 
        1.06154          3.5808         2.62381 
        1.06769         3.55346         2.58895 
        1.07382         3.49946         2.55485 
        1.07993         3.45444         2.52145 
        1.08607         3.43625         2.48851 
        1.09222         3.39222         2.45612 
        1.09836         3.36346         2.42435 
        1.10449         3.32525         2.39319 
        1.11063         3.28448         2.36254 
        1.11677         3.25405         2.33244 
         1.1229         3.21976         2.30292 
        1.12903         3.18063         2.27389 
        1.13518         3.15403         2.24534 
        1.14131         3.10977          2.2173 
        1.14745         3.06635         2.18975 
        1.15359         3.05154         2.16267 
        1.15973         3.00967         2.13604 
        1.16584         2.99067         2.10998 
        1.17197         2.95884         2.08432 
        1.17811         2.93368         2.05901 
        1.18424         2.90926          2.0342 
        1.19038         2.87904         2.00973 
        1.19652         2.84916         1.98566 
        1.20267         2.82356           1.962 
        1.20881          2.7921         1.93873 
        1.21495         2.76981         1.91587 
        1.22108         2.74288         1.89339 
         1.2272         2.72525         1.87132 
        1.23334         2.68889         1.84955 
        1.23949         2.66065         1.82809 
        1.24562          2.6456         1.80702 
        1.25174         2.61286         1.78632 
        1.25789         2.59313         1.76588 
        1.26402         2.56298          1.7458 
        1.27014         2.53966         1.72608 
        1.27628         2.52748         1.70661 
        1.28244         2.49303         1.68741 
        1.28858         2.47725         1.66853 
        1.29471         2.45036         1.64998 
        1.30084         2.42606         1.63173 
        1.30697         2.41617         1.61373 
        1.31312         2.37571         1.59598 
        1.31925         2.36582         1.57855 
        1.32537           2.344          1.5614 
        1.33151         2.32831         1.54445 
        1.33765         2.29899         1.52776 
        1.34378         2.28014         1.51134 
        1.34992         2.27087         1.49516 
        1.35606         2.23772         1.47919 
         1.3622          2.2286         1.46347 
        1.36833         2.20735         1.44802 
        1.37445         2.18574          1.4328 
        1.38059         2.17266         1.41776 
        1.38675         2.16187         1.40289 
        1.39288         2.13477          1.3883 
        1.39901         2.11456         1.37393 
        1.40515         2.09928         1.35972 
         1.4113         2.08358         1.34573 
        1.41742         2.06735         1.33198 
        1.42355         2.05646          1.3184 
         1.4297         2.03093         1.30497 
        1.43585         2.02052         1.29174 
        1.44198         2.00824         1.27874 
        1.44809         1.98305         1.26594 
        1.45423         1.96871         1.25327 
        1.46036         1.95264          1.2408 
        1.46649         1.93732          1.2285 
        1.47263          1.9212         1.21635 
        1.47877         1.90308         1.20437 
        1.48491         1.88962         1.19254 
        1.49104         1.87854         1.18089 
        1.49718         1.86594         1.16938 
        1.50333         1.84864         1.15802 
        1.50947         1.83768         1.14682 
         1.5156         1.82175          1.1358 
        1.52172         1.80797         1.12491 
        1.52787          1.7933         1.11415 
          1.534         1.78203         1.10355 
        1.54013         1.76652         1.09309 
        1.54627         1.75081         1.08275 
        1.55241          1.7375         1.07254 
        1.55855          1.7283         1.06248 
        1.56467         1.71678         1.05257 
         1.5708         1.69812         1.04277 
        1.57695          1.6905         1.03307 
        1.58308         1.67776         1.02352 
        1.58922         1.66657         1.01409 
        1.59535         1.65433         1.00477 
         1.6015         1.64261        0.995567 
        1.60764         1.63302         0.98648 
        1.61376         1.62082        0.977531 
        1.61989         1.60793        0.968687 
        1.62604         1.59485        0.959933 
        1.63218         1.59003        0.951293 
        1.63831          1.5724         0.94278 
        1.64444         1.56155        0.934367 
        1.65059         1.55473        0.926039 
        1.65673         1.54169         0.91782 
        1.66285         1.53022        0.909725 
        1.66898         1.52318        0.901725 
        1.67512         1.50805        0.893806 
        1.68127         1.49869        0.885975 
         1.6874         1.49304        0.878255 
        1.69353         1.47604        0.870633 
        1.69967         1.46685        0.863082 
        1.70581         1.46329        0.855625 
        1.71193         1.44967        0.848284 
        1.71806          1.4437        0.841014 
        1.72421         1.43223        0.833814 
        1.73035         1.42142        0.826708 
        1.73649         1.41344        0.819685 
        1.74262          1.4042        0.812751 
        1.74876         1.39603        0.805892 
        1.75489         1.38239        0.799126 
        1.76101         1.37513        0.792441 
        1.76715         1.36744        0.785823 
        1.77329         1.35954        0.779272 
        1.77943         1.34789        0.772794 
        1.78557         1.33955        0.766399 
        1.79171         1.33539        0.760076 
        1.79785         1.32339        0.753823 
        1.80399         1.31645        0.747642 
        1.81012          1.3103        0.741539 
        1.81625         1.29924        0.735506 
        1.82239         1.29138        0.729532 
        1.82853         1.27887        0.723628 
        1.83466         1.27535        0.717795 
        1.84078         1.26609        0.712032 
        1.84692         1.26103        0.706324 
        1.85306         1.25128        0.700671 
         1.8592         1.24511        0.695089 
        1.86533         1.23588        0.689571 
        1.87147         1.23023        0.684107 
        1.87761         1.22218          0.6787 
        1.88375         1.21158        0.673358 
        1.88988         1.20829        0.668079 
        1.89601         1.19919        0.662854 
        1.90215          1.1908         0.65768 
        1.90829         1.18288        0.652565 
        1.91442         1.17748        0.647503 
        1.92056         1.17108        0.642499 
         1.9267          1.1637        0.637544 
        1.93284         1.15988        0.632638 
        1.93897         1.15111        0.627792 
        1.94509         1.14374        0.623008 
        1.95123         1.13571        0.618262 
        1.95737         1.13029        0.613562 
        1.96349         1.12281        0.608923 
        1.96964         1.11796        0.604319 
        1.97578         1.11095         0.59976 
        1.98192         1.10597        0.595258 
        1.98805         1.09691        0.590801 
        1.99419          1.0937         0.58639 
        2.00033         1.08984        0.582022 
        2.00647          1.0792          0.5777 
         2.0126         1.07529        0.573429 
        2.01874         1.06819        0.569195 
        2.02488         1.06375           0.565 
        2.03101         1.05452        0.560856 
        2.03714         1.04786        0.556756 
        2.04328         1.04615        0.552694 
        2.04941         1.03795        0.548675 
        2.05554         1.03316        0.544699 
        2.06167         1.02626        0.540757 
        2.06781         1.02186        0.536854 
        2.07396         1.01477        0.532984 
        2.08009         1.01049        0.529159 
        2.08622         1.00341        0.525376 
        2.09237         1.00138        0.521622 
        2.09851        0.995381        0.517904 
        2.10464        0.991057        0.514229 
        2.11077        0.984094        0.510594 
        2.11691         0.97773        0.506987 
        2.12305         0.97416        0.503413 
        2.12918        0.968306        0.499883 
        2.13531        0.963594        0.496387 
        2.14145        0.957679        0.492916 
         2.1476        0.951917        0.489474 
        2.15372        0.948373        0.486082 
        2.15985        0.942025        0.482719 
        2.16599        0.937321        0.479378 
        2.17213        0.932476        0.476072 
        2.17827        0.929604        0.472798 
         2.1844        0.924836        0.469559 
        2.19054        0.921304        0.466348 
        2.19666        0.914941        0.463172 
         2.2028        0.909963        0.460023 
        2.20893        0.905014        0.456901 
        2.21508        0.902673        0.453805 
        2.22122        0.893919        0.450737 
        2.22736        0.890385        0.447704 
        2.23349        0.890043        0.444699 
        2.23962        0.882441         0.44172 
        2.24577        0.877802        0.438767 
         2.2519        0.872824        0.435844 
        2.25802        0.870279        0.432952 
        2.26417        0.863855        0.430079 
        2.27031        0.860962         0.42723 
        2.27644        0.856711        0.424414 
        2.28257        0.853179        0.421624 
        2.28872        0.848016        0.418854 
        2.29486        0.844592         0.41611 
        2.30099        0.839236        0.413395 
        2.30712        0.835769        0.410704 
        2.31326        0.833034        0.408033 
         2.3194        0.829385        0.405386 
        2.32553        0.825439        0.402768 
        2.33166        0.820087        0.400174 
         2.3378        0.815664        0.397599 
        2.34394        0.811046        0.395046 
        2.35007        0.807686        0.392519 
        2.35619         0.80559        0.390017 
        2.36233        0.799371        0.387532 
        2.36848         0.79696        0.385062 
        2.37462        0.792512         0.38262 
        2.38075        0.790401        0.380201 
        2.38689        0.785788        0.377801 
        2.39303          0.7829        0.375422 
        2.39916        0.777305        0.373066 
        2.40529        0.776009         0.37073 
        2.41143        0.771668        0.368413 
        2.41757        0.768162        0.366114 
         2.4237        0.765409         0.36384 
        2.42983        0.761357        0.361585 
        2.43598        0.758038        0.359343 
        2.44211        0.754941        0.357123 
        2.44823        0.750972        0.354928 
        2.45437        0.747934        0.352745 
        2.46052        0.745936        0.350578 
        2.46665        0.741661        0.348434 
        2.47279        0.738014        0.346308 
        2.47892        0.733589        0.344198 
        2.48507        0.731261        0.342105 
         2.4912        0.727693        0.340032 
        2.49733        0.725102        0.337978 
        2.50347        0.722207        0.335937 
        2.50961        0.718638        0.333913 
        2.51575        0.716609        0.331907 
        2.52188        0.711797         0.32992 
        2.52802        0.709112        0.327947 
        2.53416        0.706088        0.325989 
        2.54029         0.70268        0.324051 
        2.54641        0.700183         0.32213 
        2.55255        0.696944        0.320222 
        2.55869        0.693057        0.318326 
        2.56483        0.691195        0.316449 
        2.57096        0.687812        0.314589 
        2.57709        0.685855        0.312743 
        2.58323        0.681982         0.31091 
        2.58937         0.67892        0.309091 
        2.59551        0.676296        0.307288 
        2.60164        0.673712        0.305501 
        2.60778        0.670647        0.303726 
        2.61392        0.667695        0.301966 
        2.62006        0.664675         0.30022 
        2.62619        0.663165         0.29849 
        2.63232        0.659617        0.296774 
        2.63846        0.657641        0.295068 
        2.64459         0.65486        0.293379 
        2.65072        0.651771        0.291703 
        2.65686        0.650011        0.290039 
          2.663        0.646259        0.288386 
        2.66915        0.644396        0.286746 
        2.67527        0.641796        0.285122 
        2.68141        0.638874         0.28351 
        2.68755        0.636629        0.281909 
        2.69368        0.633655        0.280322 
        2.69981        0.631816        0.278749 
        2.70595        0.629136        0.277185 
        2.71209         0.62662        0.275632 
        2.71823        0.623245        0.274093 
        2.72436        0.620767        0.272567 
         2.7305        0.619543        0.271051 
        2.73663        0.616587        0.269547 
        2.74276        0.614701        0.268056 
         2.7489        0.612508        0.266575 
        2.75504        0.610381        0.265104 
        2.76118         0.60695        0.263643 
        2.76732        0.603627        0.262196 
        2.77345        0.603177        0.260759 
        2.77959         0.60051        0.259334 
        2.78572        0.598623        0.257919 
        2.79186        0.597073        0.256515 
        2.79798         0.59431        0.255123 
        2.80412        0.591541        0.253739 
        2.81027        0.589965        0.252364 
         2.8164        0.587034        0.251002 
        2.82253        0.584041         0.24965 
        2.82867        0.583071        0.248307 
        2.83481        0.580903        0.246974 
        2.84095        0.578424         0.24565 
        2.84708        0.577267        0.244338 
        2.85322        0.574182        0.243034 
        2.85935        0.573415         0.24174 
        2.86549          0.5709        0.240456 
        2.87162        0.567756        0.239181 
        2.87776         0.56658        0.237916 
        2.88389         0.56406        0.236659 
        2.89003        0.562503        0.235412 
        2.89617        0.560467        0.234174 
        2.90231        0.557938        0.232944 
        2.90844        0.556741        0.231724 
        2.91458        0.554309        0.230512 
        2.92071         0.55272        0.229311 
        2.92684        0.550819        0.228117 
        2.93298         0.54842        0.226932 
         2.9391        0.546914        0.225757 
        2.94524        0.545322        0.224588 
        2.95138        0.543533        0.223428 
        2.95752        0.541424        0.222274 
        2.96367        0.539242        0.221128 
         2.9698        0.538419        0.219993 
        2.97594        0.536401        0.218865 
        2.98207        0.534247        0.217745 
        2.98821         0.53319        0.216633 
        2.99434        0.530518         0.21553 
        3.00048        0.529223        0.214433 
        3.00662        0.527173        0.213344 
        3.01275        0.526215        0.212264 
        3.01888        0.524851        0.211191 
        3.02503        0.522296        0.210123 
        3.03117        0.520967        0.209064 
        3.03729        0.519383        0.208015 
        3.04342        0.517288        0.206971 
        3.04957        0.516604        0.205933 
         3.0557        0.514271        0.204903 
        3.06183        0.512647        0.203882 
        3.06796        0.512152        0.202867 
        3.07411        0.509717        0.201857 
        3.08025        0.508827        0.200855 
        3.08637        0.506902        0.199862 
         3.0925         0.50608        0.198874 
        3.09865        0.504429        0.197891 
         3.1048        0.501999        0.196915 
        3.11093        0.500734        0.195947 
        3.11706        0.499691        0.194986 
         3.1232        0.498375        0.194031 
        3.12933        0.496767        0.193082 
        3.13547        0.495005         0.19214 
        3.14159         0.49333        0.191206 
        3.14773        0.492329        0.190276 
        3.15388        0.490959        0.189351 
        3.16001        0.490526        0.188434 
        3.16614        0.488689        0.187524 
        3.17228         0.48764        0.186619 
        3.17842        0.486638         0.18572 
        3.18455        0.484578        0.184827 
        3.19068        0.483235        0.183941 
        3.19682        0.482463        0.183059 
        3.20297        0.481687        0.182182 
         3.2091        0.480219        0.181313 
        3.21524        0.478932        0.180449 
        3.22138        0.477464         0.17959 
         3.2275        0.476073        0.178739 
        3.23363        0.475421        0.177893 
        3.23977        0.474221        0.177051 
        3.24591        0.473974        0.176215 
        3.25205        0.472064        0.175383 
        3.25818        0.469958        0.174558 
        3.26432        0.469693        0.173738 
        3.27046        0.468678        0.172924 
         3.2766        0.468273        0.172114 
        3.28273        0.466201         0.17131 
        3.28887        0.466138        0.170511 
          3.295        0.464139        0.169718 
        3.30113        0.463426        0.168929 
        3.30727        0.462392        0.168145 
        3.31341        0.461276        0.167367 
        3.31954        0.460186        0.166594 
        3.32568        0.459133        0.165824 
        3.33182        0.459113         0.16506 
        3.33795        0.457488        0.164302 
        3.34409         0.45762        0.163547 
        3.35022        0.456493        0.162797 
        3.35636        0.455079        0.162053 
         3.3625        0.454531        0.161313 
        3.36864        0.453255        0.160577 
        3.37477        0.452558        0.159846 
        3.38091        0.452254         0.15912 
        3.38704        0.451598        0.158399 
        3.39318         0.45038        0.157681 
        3.39931        0.450015        0.156968 
        3.40545        0.449266         0.15626 
        3.41158        0.448083        0.155556 
        3.41772        0.447319        0.154857 
        3.42385        0.446516        0.154162 
        3.42998        0.445973        0.153471 
        3.43612        0.445591        0.152785 
        3.44226        0.445411        0.152102 
         3.4484        0.444711        0.151423 
        3.45453        0.444002        0.150749 
        3.46066        0.442737         0.15008 
        3.46681        0.442054        0.149413 
        3.47295        0.442233         0.14875 
        3.47908        0.441972        0.148094 
        3.48521        0.440761         0.14744 
        3.49135        0.440774         0.14679 
        3.49749        0.439612        0.146144 
        3.50362         0.43932        0.145502 
        3.50976         0.43912        0.144864 
        3.51589        0.438617         0.14423 
        3.52203        0.437714          0.1436 
        3.52816        0.438267        0.142974 
        3.53429        0.436867        0.142351 
        3.54043        0.436923        0.141731 
        3.54657        0.436635        0.141115 
        3.55271        0.436285        0.140504 
        3.55884        0.436115        0.139896 
        3.56498        0.435831        0.139292 
        3.57112         0.43523         0.13869 
        3.57725        0.435115        0.138093 
        3.58338        0.434644          0.1375 
        3.58952        0.434766         0.13691 
        3.59566        0.434288        0.136322 
         3.6018        0.433662        0.135739 
        3.60793        0.434249        0.135159 
        3.61407        0.433598        0.134583 
        3.62021        0.434071         0.13401 
        3.62634        0.433367         0.13344 
        3.63247         0.43341        0.132874 
        3.63861        0.432966        0.132311 
        3.64475        0.433108        0.131751 
        3.65089        0.433533        0.131194 
        3.65702        0.433156        0.130642 
        3.66316        0.433413        0.130091 
        3.66929        0.432641        0.129545 
        3.67543        0.433313        0.129001 
        3.68156        0.432649        0.128461 
        3.68769        0.431996        0.127923 
        3.69383        0.433279        0.127389 
        3.69997        0.433225        0.126857 
        3.70611        0.433569        0.126329 
        3.71224        0.432979        0.125804 
        3.71838        0.433529        0.125281 
        3.72451        0.433968        0.124762 
        3.73065        0.433415        0.124247 
        3.73678        0.434971        0.123733 
        3.74292        0.433815        0.123223 
        3.74906        0.434434        0.122715 
        3.75519        0.434579         0.12221 
        3.76133        0.435011        0.121709 
        3.76746        0.435896         0.12121 
         3.7736        0.435888        0.120714 
        3.77974        0.435465         0.12022 
        3.78588        0.435949        0.119729 
        3.79201         0.43613        0.119242 
        3.79814        0.436944        0.118757 
        3.80428        0.437453        0.118275 
        3.81042         0.43769        0.117795 
        3.81655        0.437793        0.117318 
        3.82268        0.438358        0.116844 
        3.82882        0.439207        0.116372 
        3.83496        0.439495        0.115903 
        3.84109         0.44007        0.115436 
        3.84723        0.440256        0.114972 
        3.85337        0.441294         0.11451 
        3.85951        0.441443        0.114051 
        3.86565        0.442136        0.113595 
        3.87178        0.443358        0.113142 
        3.87791        0.443236         0.11269 
        3.88405        0.444428        0.112241 
        3.89019        0.445127        0.111795 
        3.89632        0.444647        0.111351 
        3.90246        0.446033        0.110909 
         3.9086        0.446661         0.11047 
        3.91473         0.44783        0.110034 
        3.92086        0.448549          0.1096 
        3.92699        0.449219        0.109168 
        3.93313        0.449727        0.108738 
        3.93927        0.450799        0.108311 
         3.9454        0.452038        0.107886 
        3.95154        0.452388        0.107463 
        3.95768        0.453282        0.107042 
        3.96382        0.454358        0.106624 
        3.96995        0.455816        0.106208 
        3.97609         0.45568        0.105794 
        3.98222        0.457096        0.105383 
        3.98836        0.458374        0.104974 
         3.9945        0.458961        0.104567 
        4.00063        0.460101        0.104162 
        4.00677        0.461313        0.103759 
        4.01291        0.462906        0.103358 
        4.01904        0.463692         0.10296 
        4.02517        0.464533        0.102564 
        4.03131        0.466744         0.10217 
        4.03745        0.467409        0.101777 
        4.04358        0.468599        0.101387 
        4.04972        0.470253        0.100999 
        4.05585         0.47048        0.100613 
        4.06199        0.472406        0.100229 
        4.06812        0.473138       0.0998474 
        4.07426        0.474996       0.0994675 
         4.0804        0.476589       0.0990892 
        4.08654        0.477257        0.098713 
        4.09267        0.479645       0.0983392 
         4.0988        0.480444       0.0979676 
        4.10494        0.482741       0.0975975 
        4.11108        0.483353       0.0972291 
        4.11721         0.48531       0.0968629 
        4.12334        0.486257       0.0964987 
        4.12948        0.487899       0.0961363 
        4.13561        0.490319       0.0957755 
        4.14176        0.491543       0.0954164 
        4.14789        0.493483       0.0950593 
        4.15403         0.49486       0.0947043 
        4.16016        0.497026        0.094351 
         4.1663        0.498361       0.0939995 
        4.17243        0.500212       0.0936501 
        4.17857        0.501019       0.0933021 
        4.18471        0.503683       0.0929559 
        4.19084        0.503728       0.0926116 
        4.19698        0.507482        0.092269 
        4.20312        0.508564        0.091928 
        4.20925        0.510673        0.091589 
        4.21538        0.512036       0.0912519 
        4.22152        0.515201        0.090916 
        4.22766        0.517404       0.0905818 
         4.2338        0.518725       0.0902497 
        4.23993        0.521091       0.0899191 
        4.24607        0.521769       0.0895901 
         4.2522        0.524699       0.0892627 
        4.25834        0.527098        0.088937 
        4.26447        0.529151       0.0886132 
        4.27061        0.530771       0.0882909 
        4.27674        0.533295         0.08797 
        4.28288        0.535201       0.0876506 
        4.28902        0.538149       0.0873329 
        4.29515         0.53988       0.0870171 
        4.30129         0.54284       0.0867026 
        4.30743        0.545491       0.0863894 
        4.31356        0.547972       0.0860781 
        4.31969        0.548879       0.0857686 
        4.32583        0.551624       0.0854604 
        4.33197        0.553834       0.0851533 
         4.3381        0.556663        0.084848 
        4.34424        0.558545       0.0845444 
        4.35038        0.562328       0.0842418 
        4.35652         0.56311       0.0839409 
        4.36265        0.567463       0.0836419 
        4.36878        0.569736       0.0833441 
        4.37492        0.572035       0.0830476 
        4.38106        0.573909       0.0827524 
        4.38719        0.577227       0.0824592 
        4.39333        0.581093       0.0821673 
        4.39946        0.582599       0.0818767 
         4.4056        0.584616       0.0815874 
        4.41173        0.588535       0.0812996 
        4.41786        0.590209       0.0810136 
          4.424        0.594235       0.0807285 
        4.43014        0.597733       0.0804445 
        4.43628        0.599858       0.0801621 
        4.44241        0.603015       0.0798812 
        4.44855        0.606192       0.0796016 
        4.45469         0.60995       0.0793231 
        4.46083        0.612937       0.0790464 
        4.46696        0.615839       0.0787711 
        4.47309        0.617615       0.0784967 
        4.47923        0.620771       0.0782237 
        4.48537         0.62407       0.0779522 
         4.4915        0.627267       0.0776819 
        4.49764         0.62993       0.0774127 
        4.50378        0.633905       0.0771448 
        4.50991        0.635867       0.0768786 
        4.51604        0.638987       0.0766136 
        4.52218        0.644361       0.0763493 
        4.52832         0.64676       0.0760867 
        4.53445        0.650626       0.0758253 
        4.54059        0.653956       0.0755651 
        4.54673        0.656163        0.075306 
        4.55286         0.66159       0.0750482 
          4.559        0.665111       0.0747916 
        4.56513        0.667727       0.0745364 
        4.57127        0.669954       0.0742823 
        4.57741        0.675671       0.0740292 
        4.58354        0.678241       0.0737774 
        4.58968        0.682611       0.0735269 
        4.59582        0.685032       0.0732772 
        4.60195        0.687884       0.0730291 
        4.60809        0.693534       0.0727821 
        4.61422        0.696672       0.0725361 
        4.62036        0.700248       0.0722914 
        4.62649        0.705781       0.0720476 
        4.63263        0.709478       0.0718051 
        4.63876        0.711869       0.0715637 
         4.6449        0.714605       0.0713233 
        4.65104        0.719009       0.0710841 
        4.65717        0.722589       0.0708461 
        4.66331        0.726742       0.0706091 
        4.66944        0.729686       0.0703731 
        4.67558        0.735066       0.0701385 
        4.68171        0.739307       0.0699047 
        4.68785        0.743508       0.0696718 
        4.69399        0.747118       0.0694402 
        4.70012        0.751511       0.0692099 
        4.70625        0.754549       0.0689804 
        4.71239        0.760212       0.0687518 
        4.71853        0.763851       0.0685244 
        4.72467        0.768469       0.0682979 
         4.7308        0.773288       0.0680725 
        4.73694        0.773985       0.0678482 
        4.74308        0.780518       0.0676248 
        4.74922        0.784485       0.0674024 
        4.75535        0.790475       0.0671812 
        4.76148        0.793788       0.0669611 
        4.76762        0.798049       0.0667416 
        4.77376        0.801674       0.0665231 
        4.77989        0.805066        0.066306 
        4.78602        0.809846       0.0660896 
        4.79216        0.814002       0.0658741 
         4.7983        0.820127       0.0656596 
        4.80443        0.824784       0.0654464 
        4.81056        0.826608       0.0652339 
         4.8167        0.832526       0.0650221 
        4.82284        0.836693       0.0648113 
        4.82898        0.842775       0.0646016 
        4.83511        0.846554        0.064393 
        4.84125        0.850805        0.064185 
        4.84739        0.856256        0.063978 
        4.85352        0.861851       0.0637721 
        4.85965        0.864344        0.063567 
        4.86579        0.870985       0.0633628 
        4.87193        0.873389       0.0631594 
        4.87807        0.879111        0.062957 
         4.8842        0.883241       0.0627555 
        4.89034        0.886238       0.0625548 
        4.89647        0.894736       0.0623551 
        4.90261        0.896677       0.0621562 
        4.90874        0.903196       0.0619583 
        4.91488        0.907173       0.0617612 
        4.92102        0.911631       0.0615648 
        4.92715        0.915584       0.0613694 
        4.93329        0.921525       0.0611749 
        4.93942        0.925346       0.0609811 
        4.94556        0.931369       0.0607881 
         4.9517        0.936442       0.0605961 
        4.95783        0.941452       0.0604049 
        4.96397         0.94716       0.0602145 
        4.97011         0.95076       0.0600249 
        4.97624        0.954502       0.0598362 
        4.98238        0.960507       0.0596483 
        4.98851        0.964034       0.0594613 
        4.99465        0.971535        0.059275 
        5.00078        0.973408       0.0590895 
        5.00691         0.98166       0.0589049 
        5.01305        0.986511        0.058721 
        5.01919        0.989548       0.0585377 
        5.02533        0.994459       0.0583553 
        5.03146        0.998026       0.0581739 
         5.0376         1.00387       0.0579932 
        5.04374         1.00946       0.0578131 
        5.04987         1.01457       0.0576338 
        5.05601          1.0183       0.0574554 
        5.06215         1.02595       0.0572776 
        5.06829         1.02905       0.0571005 
        5.07442         1.03341       0.0569244 
        5.08055         1.04119       0.0567491 
        5.08668         1.04335       0.0565743 
        5.09282         1.05071       0.0564003 
        5.09896         1.05615       0.0562271 
        5.10509         1.06225       0.0560547 
        5.11123         1.06335       0.0558829 
        5.11736         1.06888       0.0557118 
         5.1235         1.07414       0.0555414 
        5.12964         1.07786       0.0553718 
        5.13577         1.08556       0.0552028 
        5.14191          1.0879       0.0550346 
        5.14804          1.0945       0.0548672 
        5.15418         1.09932       0.0547004 
        5.16032         1.10298       0.0545343 
        5.16645         1.11026       0.0543688 
        5.17259         1.11409       0.0542041 
        5.17872          1.1189       0.0540401 
        5.18486         1.12485       0.0538766 
          5.191         1.13046       0.0537139 
        5.19713         1.13305        0.053552 
        5.20327         1.13904       0.0533907 
        5.20941          1.1432       0.0532299 
        5.21555         1.14854       0.0530698 
        5.22168         1.15442       0.0529105 
        5.22781         1.16117       0.0527519 
        5.23395         1.16515       0.0525939 
        5.24009         1.16842       0.0524364 
        5.24622         1.17235       0.0522797 
        5.25236         1.17381       0.0521237 
         5.2585          1.1805       0.0519681 
        5.26463         1.18637       0.0518132 
        5.27077         1.19304       0.0516591 
         5.2769         1.19704       0.0515056 
        5.28304         1.20148       0.0513526 
        5.28917         1.20415       0.0512004 
         5.2953         1.21178       0.0510488 
        5.30144          1.2148       0.0508977 
        5.30757         1.21983       0.0507472 
        5.31371         1.22415       0.0505973 
        5.31985         1.22788        0.050448 
        5.32599         1.23477       0.0502993 
        5.33213         1.24034       0.0501512 
        5.33826          1.2461       0.0500038 
         5.3444         1.24954       0.0498569 
        5.35053         1.25284       0.0497107 
        5.35667         1.25607        0.049565 
        5.36281         1.26439       0.0494198 
        5.36894         1.26643       0.0492753 
        5.37507         1.26937       0.0491315 
        5.38121         1.27918        0.048988 
        5.38735         1.27898       0.0488452 
        5.39348         1.28543       0.0487031 
        5.39961         1.29019       0.0485615 
        5.40575         1.29181       0.0484204 
        5.41189         1.29544       0.0482798 
        5.41803         1.30253       0.0481398 
        5.42416         1.30459       0.0480004 
         5.4303          1.3134       0.0478615 
        5.43644          1.3176       0.0477232 
        5.44257         1.31593       0.0475855 
        5.44871         1.32181       0.0474482 
        5.45484         1.32927       0.0473115 
        5.46098         1.33482       0.0471754 
        5.46712         1.33678       0.0470397 
        5.47325         1.33866       0.0469047 
        5.47938         1.34251       0.0467703 
        5.48552         1.34985       0.0466363 
        5.49165         1.35475       0.0465028 
        5.49779         1.35761       0.0463699 
        5.50393         1.36179       0.0462374 
        5.51006         1.36455       0.0461054 
         5.5162         1.36958        0.045974 
        5.52234         1.37462       0.0458431 
        5.52847         1.37872       0.0457127 
        5.53461         1.38172       0.0455828 
        5.54075         1.38735       0.0454535 
        5.54688         1.39136       0.0453247 
        5.55302         1.39458       0.0451963 
        5.55915         1.39801       0.0450685 
        5.56529         1.40192       0.0449411 
        5.57143         1.40409       0.0448142 
        5.57756         1.40885       0.0446878 
         5.5837         1.41312        0.044562 
        5.58983         1.41257       0.0444367 
        5.59597         1.41806       0.0443118 
         5.6021         1.42437       0.0441873 
        5.60824         1.42725       0.0440633 
        5.61438         1.43178       0.0439399 
        5.62051          1.4355       0.0438169 
        5.62665          1.4387       0.0436944 
        5.63278          1.4409       0.0435723 
        5.63892         1.44414       0.0434508 
        5.64505         1.44789       0.0433297 
        5.65119         1.45426        0.043209 
        5.65733         1.45505       0.0430888 
        5.66346         1.46085       0.0429691 
         5.6696         1.46069       0.0428499 
        5.67573         1.46778        0.042731 
        5.68187         1.47084       0.0426127 
          5.688         1.47177       0.0424948 
        5.69414         1.47624       0.0423774 
        5.70028         1.47898       0.0422603 
        5.70642         1.48374       0.0421437 
        5.71255         1.48675       0.0420276 
        5.71869           1.488       0.0419119 
        5.72482         1.49238       0.0417967 
        5.73096         1.49631       0.0416819 
        5.73709         1.50024       0.0415676 
        5.74322         1.50506       0.0414537 
        5.74936         1.50466       0.0413402 
         5.7555         1.50821        0.041227 
        5.76164         1.51027       0.0411144 
        5.76777         1.51641       0.0410022 
        5.77391         1.51815       0.0408904 
        5.78005         1.52289       0.0407789 
        5.78618         1.52531        0.040668 
        5.79231         1.52688       0.0405576 
        5.79845         1.53136       0.0404474 
        5.80459         1.53254       0.0403375 
        5.81073         1.53478       0.0402283 
        5.81686         1.53999       0.0401194 
          5.823         1.53975       0.0400109 
        5.82914         1.54542       0.0399027 
        5.83527         1.54862       0.0397951 
         5.8414         1.55278       0.0396879 
        5.84754         1.55155       0.0395809 
        5.85368         1.55557       0.0394744 
        5.85981         1.55798       0.0393683 
        5.86595         1.56499       0.0392626 
        5.87208         1.56509       0.0391573 
        5.87822         1.57109       0.0390525 
        5.88435         1.57022        0.038948 
        5.89049         1.57496       0.0388438 
        5.89662         1.57633         0.03874 
        5.90276         1.57935       0.0386366 
         5.9089         1.58336       0.0385336 
        5.91503         1.58359        0.038431 
        5.92117         1.58901       0.0383288 
        5.92731         1.59134       0.0382268 
        5.93344           1.592       0.0381253 
        5.93958           1.597       0.0380242 
        5.94572         1.59954       0.0379235 
        5.95186         1.60426        0.037823 
        5.95799         1.60373       0.0377231 
        5.96412         1.60636       0.0376234 
        5.97026         1.61146       0.0375241 
         5.9764         1.61108       0.0374252 
        5.98253         1.61144       0.0373267 
        5.98866         1.61836       0.0372285 
         5.9948         1.61865       0.0371306 
        6.00094         1.62279       0.0370331 
        6.00707         1.62368        0.036936 
        6.01321         1.62544       0.0368392 
        6.01935         1.63139       0.0367427 
        6.02548         1.63459       0.0366466 
        6.03162         1.63644       0.0365509 
        6.03775         1.63606       0.0364555 
        6.04389           1.643       0.0363605 
        6.05003         1.64539       0.0362657 
        6.05617         1.64814       0.0361713 
         6.0623         1.64887       0.0360772 
        6.06844         1.65366       0.0359835 
        6.07457         1.65788       0.0358902 
         6.0807         1.65771       0.0357972 
        6.08684         1.66367       0.0357046 
        6.09298         1.66462       0.0356121 
        6.09912         1.66731       0.0355201 
        6.10525         1.67051       0.0354284 
        6.11138         1.67037        0.035337 
        6.11752         1.67547       0.0352459 
        6.12366         1.67631       0.0351552 
        6.12979         1.68247       0.0350648 
        6.13593         1.68523       0.0349747 
        6.14207          1.6868       0.0348849 
         6.1482         1.68954       0.0347954 
        6.15434         1.69503       0.0347063 
        6.16047         1.69687       0.0346175 
        6.16661         1.69933        0.034529 
        6.17274         1.70206       0.0344408 
        6.17887         1.70671       0.0343529 
        6.18501         1.70705       0.0342653 
        6.19115         1.71153        0.034178 
        6.19729         1.71474        0.034091 
        6.20342         1.71701       0.0340043 
        6.20956         1.72231        0.033918 
         6.2157         1.72126       0.0338318 
        6.22183         1.72874       0.0337461 
        6.22797         1.72754       0.0336606 
         6.2341         1.73478       0.0335755 
        6.24024         1.73639       0.0334906 
        6.24638         1.74189       0.0334059 
        6.25251         1.74363       0.0333217 
        6.25865         1.74502       0.0332377 
        6.26478         1.74799       0.0331539 
        6.27092         1.75104       0.0330706 
        6.27705         1.75499       0.0329875 
        6.28318         1.73883       0.0329046 
