# k  (h/Mpc)    Pcb(k)  (Mpc/h)^3    Pcb_linear(k)  (Mpc/h)^3
     0.00783031         1223.45         1235.51 
       0.013688         1518.79         1520.73 
       0.019231         1533.77         1533.61 
      0.0249154         1402.87         1410.84 
      0.0312784         1213.79         1214.78 
      0.0375637         1033.14         1030.29 
      0.0433917         894.624         895.879 
      0.0492413         801.017         799.969 
      0.0555754         726.397         729.891 
      0.0619321         681.346         678.324 
       0.067871         630.862         633.378 
      0.0738098         581.092         583.689 
      0.0800417         521.378         525.103 
      0.0862327         463.494         464.699 
      0.0921407         411.351         411.091 
      0.0982031         364.529         365.152 
       0.104506         331.847         329.383 
       0.110769         306.905         304.972 
       0.116806         288.862         288.856 
       0.122832         277.278         276.175 
       0.129052         262.358         263.023 
       0.135211         247.041         247.703 
       0.141259         230.855         230.108 
       0.147318         212.971         211.153 
       0.153489         193.653         192.434 
       0.159709         177.753         175.986 
       0.165845         166.341         163.115 
       0.171974         155.439         153.603 
       0.178125         148.738         146.658 
       0.184229         143.499         141.189 
        0.19034         136.641         135.973 
       0.196428         131.963         130.209 
       0.202534         126.376         123.555 
       0.208729         118.403         116.128 
       0.214876          110.47         108.641 
       0.220989         104.699         101.692 
       0.227147         97.7801         95.6457 
        0.23329          92.979         90.7391 
       0.239377         89.4997         86.8769 
       0.245482         85.4219         83.7033 
       0.251667         83.3907         80.8242 
       0.257832           80.38         77.9511 
       0.263955         77.3191         74.8993 
       0.270079         74.1078         71.6222 
        0.27624         71.3724         68.2075 
       0.282372         68.0864         64.8778 
        0.28843         64.7497         61.8248 
       0.294538         61.9978         59.0987 
       0.300721         60.1505         56.7244 
        0.30691         57.5727         54.6785 
       0.313033          55.809         52.8763 
       0.319153         53.4016         51.1776 
       0.325316         52.5056         49.4781 
        0.33145         50.5429         47.7499 
       0.337538         48.9629         46.0002 
       0.343633         47.0629         44.2532 
       0.349808         45.5348         42.5422 
       0.355968         44.0058         40.9462 
       0.362074         42.4855         39.4982 
       0.368217         41.1886         38.1819 
       0.374374          39.844         36.9791 
       0.380519         38.8485         35.8616 
       0.386598         37.8122         34.8044 
       0.392688         36.9266          33.764 
        0.39888         35.7777         32.7152 
       0.405048         34.8328         31.6809 
       0.411186         33.8951         30.6717 
       0.417313          32.728         29.7021 
       0.423458         31.8496         28.7804 
       0.429607         30.9209         27.9139 
       0.435692         29.9992         27.1127 
       0.441815         29.3736         26.3551 
       0.447964         28.8323         25.6311 
       0.454126         27.7698         24.9327 
       0.460267         27.2129         24.2566 
       0.466387         26.3753         23.5972 
        0.47254         25.9078         22.9486 
       0.478662          25.385         22.3218 
       0.484765         24.6115         21.7193 
       0.490885         24.0183         21.1399 
       0.497035           23.68         20.5835 
       0.503198         23.0355         20.0525 
       0.509342         22.4597         19.5474 
       0.515458         21.9447         19.0642 
       0.521598         21.5271         18.5949 
       0.527764         21.0202         18.1374 
       0.533884         20.6539         17.6964 
           0.54         20.1822         17.2683 
       0.546137         19.8073         16.8511 
       0.552299         19.4405         16.4452 
       0.558452          18.843         16.0539 
       0.564573         18.5749          15.679 
       0.570708         18.2193         15.3173 
       0.576825         17.7482         14.9697 
       0.582926         17.4318         14.6344 
       0.589034         16.9548         14.3088 
       0.595184          16.708         13.9903 
       0.601379         16.3551         13.6788 
       0.607522         16.1008          13.379 
       0.613639         15.8914         13.0892 
       0.619772          15.462         12.8074 
       0.625918          15.336         12.5334 
       0.632068         15.0794         12.2675 
       0.638161         14.7206         12.0119 
         0.6443         14.4195          11.762 
       0.650464         14.1364         11.5185 
       0.656582         14.0222         11.2839 
       0.662703         13.7571          11.056 
       0.668861         13.5016         10.8331 
       0.675024         13.2359         10.6162 
       0.681124          13.005         10.4074 
       0.687237         12.8034         10.2038 
       0.693381         12.6377         10.0046 
       0.699536         12.2953         9.81043 
       0.705665         12.1784         9.62223 
       0.711789         11.9605         9.43919 
       0.717957         11.7664         9.25972 
        0.72409         11.5699         9.08599 
       0.730186         11.4114         8.91786 
       0.736317          11.285         8.75314 
       0.742472         11.1004         8.59204 
       0.748622         10.9262          8.4352 
        0.75476         10.7041         8.28266 
       0.760888         10.5691         8.13416 
       0.767043          10.439         7.98874 
       0.773185         10.2276          7.8472 
       0.779291         10.1487         7.70992 
       0.785407         9.98942         7.57575 
       0.791564         9.82903         7.44396 
       0.797719         9.64868         7.31539 
       0.803834         9.58819          7.1907 
       0.809972         9.48407         7.06849 
       0.816124          9.2802         6.94888 
       0.822261         9.14408         6.83238 
       0.828378         9.03394         6.71893 
       0.834502         8.95632         6.60797 
       0.840667         8.79234         6.49883 
       0.846816          8.6426         6.39248 
       0.852925         8.56612          6.2892 
       0.859047         8.45567           6.188 
       0.865192         8.37634         6.08872 
       0.871341         8.28413         5.99157 
       0.877463         8.14867           5.897 
       0.883569         8.01916         5.80472 
       0.889708         7.89101         5.71396 
       0.895864          7.8225         5.62493 
       0.902008         7.73541         5.53799 
       0.908149         7.65115         5.45295 
       0.914301         7.54038         5.36958 
       0.920448         7.42985         5.28804 
       0.926574         7.33833          5.2085 
       0.932687         7.26719         5.13077 
       0.938823         7.17076         5.05436 
       0.944975         7.07761         4.97934 
       0.951105         7.00863         4.90613 
       0.957225         6.97067         4.83452 
       0.963368         6.87221         4.76411 
       0.969511         6.78938         4.69511 
       0.975621         6.70205         4.62786 
       0.981748         6.63168         4.56175 
       0.987916         6.56723         4.49654 
        0.99406         6.45939         4.43285 
        1.00019         6.37165         4.37053 
        1.00632         6.34521         4.30947 
        1.01246          6.2702          4.2495 
        1.01859          6.1839         4.19077 
        1.02471         6.12683         4.13323 
        1.03085         6.05995         4.07659 
        1.03698         5.97793         4.02113 
        1.04314         5.93368         3.96648 
        1.04929          5.8573         3.91297 
        1.05541         5.78949         3.86068 
        1.06154          5.7413         3.80922 
        1.06769          5.7089         3.75862 
        1.07382         5.61556         3.70911 
        1.07993         5.55615         3.66062 
        1.08607         5.52313         3.61279 
        1.09222         5.46099         3.56577 
        1.09836          5.4061         3.51965 
        1.10449         5.35062         3.47441 
        1.11063          5.2944         3.42991 
        1.11677         5.25499         3.38621 
         1.1229         5.20479         3.34336 
        1.12903         5.14198         3.30121 
        1.13518         5.09078         3.25976 
        1.14131         5.02939         3.21905 
        1.14745          4.9711         3.17906 
        1.15359         4.94446         3.13975 
        1.15973          4.8886         3.10109 
        1.16584         4.83698         3.06325 
        1.17197         4.79551           3.026 
        1.17811         4.76523         2.98926 
        1.18424         4.72235         2.95323 
        1.19038         4.68843          2.9177 
        1.19652         4.63762         2.88277 
        1.20267         4.58836         2.84841 
        1.20881         4.55791         2.81463 
        1.21495         4.51661         2.78144 
        1.22108         4.46995          2.7488 
         1.2272         4.44361         2.71676 
        1.23334         4.38539         2.68517 
        1.23949         4.34448           2.654 
        1.24562         4.32268         2.62341 
        1.25174         4.27228         2.59336 
        1.25789         4.24334         2.56369 
        1.26402         4.20569         2.53454 
        1.27014         4.16719         2.50591 
        1.27628         4.13683         2.47765 
        1.28244         4.08598         2.44977 
        1.28858          4.0712         2.42235 
        1.29471          4.0236         2.39542 
        1.30084         3.98567         2.36893 
        1.30697         3.98228          2.3428 
        1.31312         3.90843         2.31703 
        1.31925         3.89114         2.29173 
        1.32537         3.85714         2.26683 
        1.33151         3.83998         2.24221 
        1.33765         3.78934         2.21798 
        1.34378         3.76461         2.19416 
        1.34992         3.74725         2.17066 
        1.35606         3.69589         2.14747 
         1.3622         3.68242         2.12465 
        1.36833         3.65048         2.10222 
        1.37445         3.62098         2.08013 
        1.38059          3.6055         2.05829 
        1.38675          3.5792         2.03671 
        1.39288         3.54462         2.01553 
        1.39901         3.50707         1.99466 
        1.40515         3.48453         1.97403 
         1.4113         3.46147         1.95371 
        1.41742          3.4373         1.93376 
        1.42355         3.41006         1.91405 
         1.4297          3.3793         1.89455 
        1.43585         3.36532         1.87533 
        1.44198         3.34512         1.85646 
        1.44809         3.30794         1.83788 
        1.45423          3.2825         1.81949 
        1.46036         3.25541         1.80138 
        1.46649         3.23322         1.78352 
        1.47263         3.20798         1.76588 
        1.47877         3.18087         1.74849 
        1.48491         3.16049         1.73131 
        1.49104          3.1437          1.7144 
        1.49718          3.1208          1.6977 
        1.50333         3.10032          1.6812 
        1.50947         3.07661         1.66495 
         1.5156         3.05425         1.64894 
        1.52172          3.0346         1.63314 
        1.52787         3.01453         1.61752 
          1.534         2.99003         1.60212 
        1.54013         2.97349         1.58693 
        1.54627         2.94569         1.57192 
        1.55241         2.92464          1.5571 
        1.55855         2.91253         1.54249 
        1.56467         2.89303         1.52811 
         1.5708         2.86795         1.51388 
        1.57695         2.84749          1.4998 
        1.58308         2.82679         1.48594 
        1.58922         2.81637         1.47224 
        1.59535          2.7959         1.45872 
         1.6015         2.77563         1.44535 
        1.60764           2.759         1.43216 
        1.61376         2.74288         1.41917 
        1.61989         2.72219         1.40633 
        1.62604         2.70215         1.39362 
        1.63218         2.69505         1.38108 
        1.63831         2.66911         1.36872 
        1.64444         2.65203          1.3565 
        1.65059          2.6358         1.34441 
        1.65673         2.62218         1.33248 
        1.66285         2.60022         1.32073 
        1.66898          2.5877         1.30911 
        1.67512         2.56578         1.29762 
        1.68127         2.55176         1.28625 
         1.6874         2.54405         1.27504 
        1.69353         2.51361         1.26397 
        1.69967         2.50284         1.25301 
        1.70581          2.4952         1.24219 
        1.71193         2.47502         1.23153 
        1.71806         2.46428         1.22097 
        1.72421         2.44784         1.21052 
        1.73035          2.4335         1.20021 
        1.73649         2.41627         1.19001 
        1.74262         2.40152         1.17994 
        1.74876         2.39359         1.16998 
        1.75489         2.37276         1.16016 
        1.76101         2.35649         1.15046 
        1.76715         2.34686         1.14085 
        1.77329         2.33551         1.13134 
        1.77943         2.31312         1.12193 
        1.78557         2.30439         1.11265 
        1.79171         2.29498         1.10347 
        1.79785         2.27598         1.09439 
        1.80399         2.26469         1.08542 
        1.81012         2.25528         1.07656 
        1.81625         2.23929          1.0678 
        1.82239         2.22458         1.05913 
        1.82853         2.20793         1.05055 
        1.83466         2.20348         1.04209 
        1.84078         2.18929         1.03372 
        1.84692         2.17963         1.02543 
        1.85306         2.16152         1.01723 
         1.8592         2.14968         1.00912 
        1.86533         2.13812         1.00111 
        1.87147         2.13063        0.993179 
        1.87761         2.11627        0.985329 
        1.88375         2.10173        0.977573 
        1.88988         2.09332        0.969909 
        1.89601         2.08026        0.962323 
        1.90215          2.0652        0.954812 
        1.90829         2.05326        0.947385 
        1.91442         2.04792        0.940037 
        1.92056         2.03379        0.932773 
         1.9267         2.02424        0.925578 
        1.93284           2.017        0.918455 
        1.93897         2.00466        0.911421 
        1.94509         1.99048        0.904476 
        1.95123         1.97837        0.897585 
        1.95737         1.96839        0.890762 
        1.96349         1.96065        0.884027 
        1.96964         1.95345        0.877342 
        1.97578         1.93852        0.870724 
        1.98192         1.93025        0.864188 
        1.98805          1.9195        0.857718 
        1.99419         1.91178        0.851314 
        2.00033         1.90579        0.844973 
        2.00647            1.89        0.838698 
         2.0126         1.88385        0.832498 
        2.01874         1.86885        0.826351 
        2.02488         1.86358         0.82026 
        2.03101         1.84838        0.814243 
        2.03714         1.84048        0.808292 
        2.04328         1.83384        0.802394 
        2.04941         1.81993        0.796559 
        2.05554         1.81513        0.790787 
        2.06167         1.80503        0.785064 
        2.06781         1.79905        0.779398 
        2.07396         1.78909        0.773779 
        2.08009          1.7793        0.768226 
        2.08622          1.7685        0.762733 
        2.09237         1.76266        0.757284 
        2.09851         1.75279        0.751887 
        2.10464         1.74843        0.746551 
        2.11077         1.73647        0.741274 
        2.11691         1.72752        0.736036 
        2.12305         1.72152        0.730849 
        2.12918         1.71317        0.725724 
        2.13531         1.70447        0.720647 
        2.14145         1.69513        0.715608 
         2.1476         1.68515        0.710611 
        2.15372          1.6781        0.705687 
        2.15985          1.6696        0.700804 
        2.16599          1.6639        0.695954 
        2.17213         1.65194        0.691155 
        2.17827         1.64738        0.686402 
         2.1844         1.64065        0.681699 
        2.19054         1.63432        0.677037 
        2.19666         1.62477        0.672426 
         2.2028         1.61675        0.667854 
        2.20893          1.6097        0.663323 
        2.21508         1.60381        0.658828 
        2.22122         1.59186        0.654374 
        2.22736         1.58537         0.64997 
        2.23349         1.58249        0.645608 
        2.23962         1.57133        0.641283 
        2.24577         1.56632        0.636995 
         2.2519          1.5571        0.632752 
        2.25802         1.55338        0.628554 
        2.26417          1.5453        0.624383 
        2.27031         1.53869        0.620246 
        2.27644          1.5318        0.616158 
        2.28257         1.52385        0.612108 
        2.28872         1.51779        0.608086 
        2.29486         1.51068        0.604102 
        2.30099          1.5032        0.600161 
        2.30712         1.49567        0.596254 
        2.31326         1.49304        0.592376 
         2.3194         1.48499        0.588534 
        2.32553         1.47975        0.584732 
        2.33166         1.47034        0.580966 
         2.3378         1.46421        0.577228 
        2.34394         1.45737        0.573522 
        2.35007         1.45116        0.569853 
        2.35619         1.44856        0.566221 
        2.36233         1.43854        0.562612 
        2.36848         1.43352        0.559028 
        2.37462         1.42842        0.555482 
        2.38075         1.42135         0.55197 
        2.38689         1.41681        0.548485 
        2.39303         1.40949        0.545032 
        2.39916         1.40326        0.541611 
        2.40529         1.39828         0.53822 
        2.41143           1.391        0.534856 
        2.41757         1.38583        0.531519 
         2.4237         1.38264        0.528217 
        2.42983         1.37308        0.524943 
        2.43598         1.37139        0.521688 
        2.44211         1.36406        0.518466 
        2.44823         1.35845        0.515278 
        2.45437         1.35311        0.512109 
        2.46052         1.34838        0.508964 
        2.46665         1.34242         0.50585 
        2.47279         1.33618        0.502764 
        2.47892         1.33064        0.499702 
        2.48507         1.32657        0.496662 
         2.4912         1.31915        0.493653 
        2.49733         1.31652        0.490671 
        2.50347         1.31079        0.487708 
        2.50961         1.30531         0.48477 
        2.51575         1.30186        0.481857 
        2.52188         1.29383        0.478973 
        2.52802         1.29083        0.476108 
        2.53416         1.28462        0.473266 
        2.54029          1.2773        0.470452 
        2.54641         1.27539        0.467663 
        2.55255         1.27069        0.464893 
        2.55869         1.26168        0.462141 
        2.56483         1.26022        0.459415 
        2.57096         1.25367        0.456714 
        2.57709         1.25081        0.454034 
        2.58323         1.24467        0.451373 
        2.58937          1.2398        0.448732 
        2.59551          1.2358        0.446116 
        2.60164         1.23172        0.443521 
        2.60778         1.22668        0.440944 
        2.61392         1.21898        0.438389 
        2.62006         1.21686        0.435854 
        2.62619         1.21394        0.433343 
        2.63232         1.20827        0.430851 
        2.63846         1.20366        0.428375 
        2.64459         1.20015        0.425922 
        2.65072         1.19574        0.423489 
        2.65686         1.19293        0.421074 
          2.663         1.18659        0.418673 
        2.66915         1.18259        0.416292 
        2.67527         1.17738        0.413935 
        2.68141         1.17404        0.411595 
        2.68755         1.17004        0.409271 
        2.69368         1.16532        0.406966 
        2.69981         1.16139        0.404683 
        2.70595         1.15668        0.402412 
        2.71209         1.15328        0.400157 
        2.71823         1.14766        0.397923 
        2.72436          1.1427        0.395707 
         2.7305         1.14145        0.393506 
        2.73663         1.13562        0.391323 
        2.74276         1.13149        0.389159 
         2.7489         1.12986        0.387008 
        2.75504          1.1257        0.384873 
        2.76118         1.12101        0.382752 
        2.76732         1.11518        0.380651 
        2.77345         1.11404        0.378565 
        2.77959         1.10936        0.376495 
        2.78572         1.10586        0.374441 
        2.79186         1.10343        0.372404 
        2.79798          1.0976        0.370383 
        2.80412         1.09517        0.368373 
        2.81027         1.09153        0.366377 
         2.8164         1.08731        0.364399 
        2.82253         1.08256        0.362436 
        2.82867          1.0811        0.360487 
        2.83481          1.0766        0.358551 
        2.84095         1.07349         0.35663 
        2.84708         1.07115        0.354725 
        2.85322          1.0654        0.352832 
        2.85935         1.06428        0.350953 
        2.86549         1.06059        0.349089 
        2.87162          1.0576        0.347239 
        2.87776         1.05185        0.345402 
        2.88389         1.04882        0.343577 
        2.89003         1.04651        0.341767 
        2.89617         1.04235        0.339969 
        2.90231          1.0388        0.338184 
        2.90844          1.0358        0.336412 
        2.91458         1.03166        0.334653 
        2.92071          1.0305        0.332909 
        2.92684         1.02643        0.331175 
        2.93298         1.02332        0.329455 
         2.9391         1.01904        0.327749 
        2.94524         1.01692        0.326052 
        2.95138         1.01403        0.324367 
        2.95752         1.00986        0.322693 
        2.96367         1.00814         0.32103 
         2.9698         1.00574        0.319382 
        2.97594         1.00109        0.317744 
        2.98207        0.999329        0.316117 
        2.98821        0.996878        0.314504 
        2.99434        0.992753        0.312901 
        3.00048        0.990633        0.311309 
        3.00662        0.986778        0.309728 
        3.01275         0.98402         0.30816 
        3.01888         0.98284        0.306602 
        3.02503         0.97848        0.305053 
        3.03117        0.975594        0.303515 
        3.03729        0.972037        0.301991 
        3.04342        0.970652        0.300476 
        3.04957        0.968335        0.298969 
         3.0557        0.964407        0.297474 
        3.06183        0.963299        0.295992 
        3.06796        0.962512        0.294518 
        3.07411        0.958872        0.293051 
        3.08025        0.955736        0.291597 
        3.08637        0.952891        0.290155 
         3.0925        0.952158        0.288721 
        3.09865         0.94792        0.287294 
         3.1048        0.945108        0.285877 
        3.11093        0.942196        0.284472 
        3.11706        0.940882        0.283077 
         3.1232         0.93833         0.28169 
        3.12933        0.935098        0.280313 
        3.13547        0.933241        0.278945 
        3.14159        0.930638        0.277589 
        3.14773        0.929254        0.276238 
        3.15388        0.926633        0.274896 
        3.16001        0.923233        0.273565 
        3.16614         0.92133        0.272243 
        3.17228        0.919229        0.270929 
        3.17842        0.917232        0.269623 
        3.18455        0.915688        0.268328 
        3.19068        0.912033        0.267041 
        3.19682        0.909927         0.26576 
        3.20297        0.909459        0.264488 
         3.2091        0.907508        0.263225 
        3.21524        0.904371        0.261971 
        3.22138        0.903081        0.260725 
         3.2275        0.900066        0.259489 
        3.23363        0.899847         0.25826 
        3.23977        0.897461        0.257038 
        3.24591        0.895148        0.255824 
        3.25205        0.893792        0.254617 
        3.25818        0.890053        0.253419 
        3.26432        0.888901        0.252229 
        3.27046        0.888078        0.251046 
         3.2766        0.887707        0.249871 
        3.28273        0.884219        0.248704 
        3.28887        0.883278        0.247544 
          3.295        0.881023        0.246392 
        3.30113        0.878279        0.245247 
        3.30727        0.877657        0.244109 
        3.31341        0.874116        0.242979 
        3.31954         0.87376        0.241857 
        3.32568        0.872834         0.24074 
        3.33182        0.870486        0.239631 
        3.33795        0.868121        0.238529 
        3.34409        0.867997        0.237434 
        3.35022        0.866146        0.236345 
        3.35636        0.864179        0.235265 
         3.3625        0.861664         0.23419 
        3.36864        0.860526        0.233122 
        3.37477        0.859453         0.23206 
        3.38091        0.859003        0.231006 
        3.38704        0.857008        0.229959 
        3.39318          0.8557        0.228918 
        3.39931        0.854986        0.227883 
        3.40545        0.853737        0.226855 
        3.41158        0.852337        0.225833 
        3.41772        0.850793        0.224817 
        3.42385        0.849129        0.223809 
        3.42998        0.848355        0.222806 
        3.43612        0.847442        0.221809 
        3.44226        0.846288        0.220818 
         3.4484         0.84459        0.219832 
        3.45453        0.842875        0.218854 
        3.46066        0.842056        0.217882 
        3.46681        0.842048        0.216914 
        3.47295        0.839675        0.215952 
        3.47908        0.840142        0.214998 
        3.48521        0.837615         0.21405 
        3.49135        0.837842        0.213106 
        3.49749        0.835751        0.212168 
        3.50362         0.83539        0.211236 
        3.50976        0.834339         0.21031 
        3.51589        0.832913        0.209389 
        3.52203          0.8332        0.208474 
        3.52816        0.831811        0.207565 
        3.53429        0.829942        0.206661 
        3.54043        0.829503        0.205762 
        3.54657        0.830047        0.204868 
        3.55271        0.828739         0.20398 
        3.55884         0.82882        0.203098 
        3.56498        0.827442         0.20222 
        3.57112        0.827648        0.201346 
        3.57725        0.826183         0.20048 
        3.58338        0.825076        0.199619 
        3.58952        0.825222        0.198761 
        3.59566        0.824054        0.197909 
         3.6018        0.822977        0.197062 
        3.60793        0.823277         0.19622 
        3.61407        0.822712        0.195384 
        3.62021        0.822421        0.194552 
        3.62634        0.821097        0.193725 
        3.63247        0.821422        0.192903 
        3.63861        0.821013        0.192086 
        3.64475         0.82038        0.191272 
        3.65089         0.82085        0.190464 
        3.65702        0.819217        0.189662 
        3.66316        0.819939        0.188863 
        3.66929        0.819145        0.188069 
        3.67543        0.819781         0.18728 
        3.68156        0.818328        0.186495 
        3.68769        0.817534        0.185715 
        3.69383        0.819291        0.184939 
        3.69997         0.81751        0.184167 
        3.70611        0.818505        0.183401 
        3.71224        0.817012        0.182638 
        3.71838        0.818297         0.18188 
        3.72451        0.818288        0.181126 
        3.73065        0.817661        0.180377 
        3.73678        0.818643        0.179632 
        3.74292        0.817005        0.178891 
        3.74906        0.818507        0.178154 
        3.75519        0.818241        0.177421 
        3.76133         0.81823        0.176693 
        3.76746        0.817183        0.175969 
         3.7736        0.818183        0.175249 
        3.77974        0.818105        0.174532 
        3.78588        0.818852         0.17382 
        3.79201        0.817998        0.173112 
        3.79814        0.819419        0.172408 
        3.80428         0.81904        0.171707 
        3.81042        0.819795         0.17101 
        3.81655        0.820093        0.170318 
        3.82268        0.820991         0.16963 
        3.82882        0.821214        0.168945 
        3.83496        0.821554        0.168264 
        3.84109        0.821875        0.167586 
        3.84723        0.821505        0.166913 
        3.85337        0.821694        0.166243 
        3.85951         0.82323        0.165576 
        3.86565        0.824685        0.164913 
        3.87178        0.824409        0.164255 
        3.87791        0.825247          0.1636 
        3.88405        0.825574        0.162948 
        3.89019        0.826894          0.1623 
        3.89632        0.826718        0.161656 
        3.90246        0.827647        0.161015 
         3.9086        0.828496        0.160377 
        3.91473        0.829134        0.159743 
        3.92086        0.829913        0.159114 
        3.92699         0.83095        0.158487 
        3.93313        0.831198        0.157862 
        3.93927        0.832494        0.157242 
         3.9454        0.833222        0.156625 
        3.95154         0.83347        0.156011 
        3.95768        0.836031        0.155401 
        3.96382        0.834251        0.154793 
        3.96995        0.837061        0.154189 
        3.97609        0.836865        0.153589 
        3.98222        0.839128        0.152992 
        3.98836        0.839692        0.152398 
         3.9945        0.840906        0.151807 
        4.00063        0.841614        0.151219 
        4.00677        0.843229        0.150634 
        4.01291        0.844902        0.150052 
        4.01904        0.846075        0.149474 
        4.02517         0.84675        0.148899 
        4.03131        0.849074        0.148326 
        4.03745        0.849757        0.147757 
        4.04358        0.850298         0.14719 
        4.04972        0.852865        0.146627 
        4.05585        0.853419        0.146067 
        4.06199        0.855297        0.145509 
        4.06812        0.855696        0.144955 
        4.07426        0.857305        0.144403 
         4.0804        0.859846        0.143854 
        4.08654        0.861154        0.143308 
        4.09267         0.86255        0.142765 
         4.0988         0.86315        0.142226 
        4.10494        0.867389        0.141689 
        4.11108        0.866453        0.141154 
        4.11721         0.86825        0.140622 
        4.12334        0.869785        0.140093 
        4.12948        0.872639        0.139567 
        4.13561         0.87244        0.139043 
        4.14176        0.875357        0.138522 
        4.14789        0.877088        0.138004 
        4.15403        0.878619        0.137488 
        4.16016         0.88077        0.136975 
         4.1663        0.883601        0.136465 
        4.17243        0.885278        0.135958 
        4.17857        0.884929        0.135453 
        4.18471        0.887643         0.13495 
        4.19084        0.889479         0.13445 
        4.19698        0.890432        0.133953 
        4.20312        0.892126        0.133458 
        4.20925        0.895991        0.132966 
        4.21538        0.897279        0.132476 
        4.22152        0.898854        0.131989 
        4.22766        0.902095        0.131503 
         4.2338        0.904536        0.131021 
        4.23993        0.905613        0.130541 
        4.24607        0.907589        0.130064 
         4.2522        0.911552        0.129588 
        4.25834         0.91284        0.129115 
        4.26447        0.914572        0.128645 
        4.27061        0.916934        0.128177 
        4.27674        0.917837        0.127712 
        4.28288        0.922028        0.127248 
        4.28902        0.925049        0.126787 
        4.29515        0.926511        0.126328 
        4.30129        0.928904        0.125871 
        4.30743        0.930688        0.125417 
        4.31356        0.934664        0.124965 
        4.31969        0.934576        0.124516 
        4.32583        0.938732        0.124068 
        4.33197        0.939634        0.123622 
         4.3381        0.943184        0.123179 
        4.34424        0.945449        0.122738 
        4.35038        0.947755        0.122299 
        4.35652        0.949493        0.121862 
        4.36265        0.953883        0.121428 
        4.36878        0.954978        0.120996 
        4.37492        0.959202        0.120565 
        4.38106        0.959213        0.120137 
        4.38719         0.96367        0.119711 
        4.39333        0.965198        0.119287 
        4.39946         0.96872        0.118865 
         4.4056        0.971228        0.118445 
        4.41173        0.974258        0.118028 
        4.41786        0.976807        0.117612 
          4.424        0.978822        0.117198 
        4.43014        0.983329        0.116786 
        4.43628        0.986014        0.116376 
        4.44241        0.987806        0.115968 
        4.44855        0.991059        0.115562 
        4.45469        0.994811        0.115158 
        4.46083        0.996697        0.114756 
        4.46696         1.00022        0.114357 
        4.47309          1.0013        0.113958 
        4.47923         1.00504        0.113562 
        4.48537         1.00789        0.113168 
         4.4915         1.01164        0.112775 
        4.49764          1.0127        0.112385 
        4.50378         1.01701        0.111996 
        4.50991         1.01782        0.111609 
        4.51604         1.02116        0.111224 
        4.52218         1.02557        0.110841 
        4.52832         1.03039        0.110459 
        4.53445         1.03214         0.11008 
        4.54059          1.0345        0.109702 
        4.54673         1.03811        0.109326 
        4.55286         1.04236        0.108952 
          4.559         1.04413        0.108579 
        4.56513         1.04569        0.108209 
        4.57127         1.05036         0.10784 
        4.57741         1.05594        0.107472 
        4.58354         1.05771        0.107107 
        4.58968         1.06035        0.106743 
        4.59582         1.06484        0.106381 
        4.60195         1.06649         0.10602 
        4.60809         1.06899        0.105662 
        4.61422         1.07192        0.105305 
        4.62036         1.07674        0.104949 
        4.62649          1.0796        0.104596 
        4.63263         1.08299        0.104244 
        4.63876         1.08393        0.103893 
         4.6449         1.08644        0.103544 
        4.65104         1.09126        0.103197 
        4.65717         1.09536        0.102851 
        4.66331         1.09802        0.102507 
        4.66944         1.10079        0.102165 
        4.67558         1.10635        0.101824 
        4.68171         1.10798        0.101485 
        4.68785         1.11281        0.101146 
        4.69399         1.11401         0.10081 
        4.70012         1.11936        0.100476 
        4.70625         1.12113        0.100143 
        4.71239         1.12481       0.0998108 
        4.71853         1.12836       0.0994806 
        4.72467         1.13116       0.0991518 
         4.7308         1.13544       0.0988246 
        4.73694         1.13815        0.098499 
        4.74308         1.14048       0.0981747 
        4.74922         1.14527       0.0978517 
        4.75535           1.149       0.0975306 
        4.76148         1.15171        0.097211 
        4.76762         1.15204       0.0968923 
        4.77376         1.15791       0.0965752 
        4.77989         1.16014         0.09626 
        4.78602          1.1661       0.0959459 
        4.79216         1.16816        0.095633 
         4.7983          1.1721       0.0953216 
        4.80443         1.17482        0.095012 
        4.81056         1.17865       0.0947035 
         4.8167         1.17849       0.0943961 
        4.82284         1.18462         0.09409 
        4.82898         1.18858       0.0937856 
        4.83511         1.19251       0.0934827 
        4.84125         1.19416       0.0931807 
        4.84739         1.19896       0.0928802 
        4.85352         1.20304       0.0925813 
        4.85965         1.20387       0.0922836 
        4.86579         1.20953       0.0919871 
        4.87193         1.21181       0.0916918 
        4.87807         1.21598        0.091398 
         4.8842         1.21828       0.0911054 
        4.89034         1.22034       0.0908141 
        4.89647         1.22676       0.0905241 
        4.90261          1.2269       0.0902354 
        4.90874         1.23298       0.0899481 
        4.91488         1.23339       0.0896619 
        4.92102         1.23711       0.0893768 
        4.92715         1.24413       0.0890931 
        4.93329         1.24502       0.0888107 
        4.93942         1.24869       0.0885294 
        4.94556         1.25191       0.0882492 
         4.9517         1.25355       0.0879704 
        4.95783          1.2589       0.0876928 
        4.96397         1.26143       0.0874164 
        4.97011         1.26314       0.0871411 
        4.97624         1.26747       0.0868672 
        4.98238         1.27002       0.0865945 
        4.98851         1.27382       0.0863229 
        4.99465         1.27574       0.0860524 
        5.00078         1.28087       0.0857832 
        5.00691         1.28416       0.0855152 
        5.01305         1.28687       0.0852482 
        5.01919          1.2878       0.0849821 
        5.02533         1.29245       0.0847173 
        5.03146         1.29436       0.0844539 
         5.0376         1.30043       0.0841915 
        5.04374         1.30409       0.0839301 
        5.04987         1.30442       0.0836698 
        5.05601          1.3092       0.0834108 
        5.06215          1.3132       0.0831526 
        5.06829         1.31428       0.0828956 
        5.07442         1.31847       0.0826399 
        5.08055          1.3218       0.0823854 
        5.08668         1.32489       0.0821317 
        5.09282         1.32723        0.081879 
        5.09896         1.33177       0.0816276 
        5.10509         1.33508       0.0813773 
        5.11123         1.33526       0.0811279 
        5.11736          1.3408       0.0808795 
         5.1235         1.34288       0.0806321 
        5.12964         1.34584       0.0803859 
        5.13577          1.3488       0.0801405 
        5.14191         1.35007       0.0798963 
        5.14804         1.35243       0.0796534 
        5.15418         1.35471       0.0794112 
        5.16032         1.35997         0.07917 
        5.16645         1.36259       0.0789297 
        5.17259         1.36453       0.0786906 
        5.17872         1.36624       0.0784525 
        5.18486         1.37107       0.0782152 
          5.191         1.37428        0.077979 
        5.19713         1.37566       0.0777439 
        5.20327         1.37973       0.0775097 
        5.20941         1.37777       0.0772763 
        5.21555         1.38451       0.0770438 
        5.22168         1.38769       0.0768126 
        5.22781         1.38933       0.0765823 
        5.23395          1.3904       0.0763529 
        5.24009         1.39465       0.0761243 
        5.24622         1.39825       0.0758968 
        5.25236         1.39815       0.0756703 
         5.2585         1.40279       0.0754444 
        5.26463          1.4059       0.0752196 
        5.27077         1.40805       0.0749958 
         5.2769         1.41127       0.0747729 
        5.28304         1.41224       0.0745509 
        5.28917          1.4156       0.0743299 
         5.2953         1.41693       0.0741098 
        5.30144         1.42151       0.0738905 
        5.30757         1.42383        0.073672 
        5.31371         1.42653       0.0734544 
        5.31985         1.42798       0.0732376 
        5.32599         1.42984       0.0730217 
        5.33213         1.43232       0.0728067 
        5.33826         1.43484       0.0725926 
         5.3444         1.43827       0.0723795 
        5.35053          1.4401       0.0721671 
        5.35667          1.4411       0.0719556 
        5.36281         1.44719       0.0717449 
        5.36894         1.44805       0.0715351 
        5.37507         1.45015       0.0713263 
        5.38121         1.45174        0.071118 
        5.38735         1.45696       0.0709107 
        5.39348         1.45507       0.0707044 
        5.39961         1.45962       0.0704988 
        5.40575         1.46018       0.0702939 
        5.41189         1.46302       0.0700898 
        5.41803         1.46462       0.0698865 
        5.42416         1.46753       0.0696842 
         5.4303         1.46887       0.0694825 
        5.43644         1.47095       0.0692817 
        5.44257         1.47317       0.0690818 
        5.44871          1.4751       0.0688825 
        5.45484          1.4773       0.0686841 
        5.46098         1.47886       0.0684864 
        5.46712         1.48428       0.0682895 
        5.47325         1.48497       0.0680934 
        5.47938         1.48628       0.0678983 
        5.48552         1.49073       0.0677039 
        5.49165         1.48927       0.0675101 
        5.49779         1.49242       0.0673171 
        5.50393         1.49376       0.0671247 
        5.51006         1.49713       0.0669331 
         5.5162         1.49901       0.0667423 
        5.52234         1.49814       0.0665523 
        5.52847         1.50169        0.066363 
        5.53461           1.507       0.0661744 
        5.54075         1.50862       0.0659867 
        5.54688         1.50853       0.0657997 
        5.55302         1.51083       0.0656132 
        5.55915         1.51191       0.0654276 
        5.56529         1.51649       0.0652428 
        5.57143         1.51468       0.0650586 
        5.57756         1.51861        0.064875 
         5.5837         1.52021       0.0646923 
        5.58983         1.52194       0.0645104 
        5.59597         1.52312       0.0643291 
         5.6021          1.5278       0.0641484 
        5.60824         1.52687       0.0639684 
        5.61438         1.53193       0.0637892 
        5.62051         1.53249       0.0636106 
        5.62665         1.53453       0.0634328 
        5.63278         1.53501       0.0632556 
        5.63892         1.53514       0.0630791 
        5.64505         1.54112       0.0629033 
        5.65119         1.54161       0.0627282 
        5.65733         1.54127       0.0625537 
        5.66346         1.54333       0.0623799 
         5.6696         1.54695       0.0622067 
        5.67573         1.54788       0.0620342 
        5.68187         1.55023       0.0618624 
          5.688         1.55124       0.0616913 
        5.69414         1.55246       0.0615208 
        5.70028         1.55443       0.0613508 
        5.70642         1.55804       0.0611815 
        5.71255         1.55897        0.061013 
        5.71869         1.55798       0.0608451 
        5.72482         1.56314       0.0606778 
        5.73096         1.56404       0.0605111 
        5.73709         1.56567       0.0603452 
        5.74322         1.56635       0.0601799 
        5.74936          1.5696        0.060015 
         5.7555         1.57001       0.0598507 
        5.76164         1.57138       0.0596872 
        5.76777         1.57379       0.0595244 
        5.77391         1.57847        0.059362 
        5.78005          1.5794       0.0592002 
        5.78618         1.57888       0.0590391 
        5.79231         1.57886       0.0588788 
        5.79845         1.58371       0.0587188 
        5.80459         1.58528       0.0585594 
        5.81073         1.58597       0.0584007 
        5.81686         1.58878       0.0582427 
          5.823         1.58986       0.0580851 
        5.82914         1.59138       0.0579281 
        5.83527          1.5943        0.057772 
         5.8414         1.59626       0.0576162 
        5.84754         1.59824        0.057461 
        5.85368         1.59952       0.0573063 
        5.85981         1.60097       0.0571523 
        5.86595         1.60306       0.0569989 
        5.87208         1.60547        0.056846 
        5.87822         1.60716       0.0566938 
        5.88435         1.60523       0.0565421 
        5.89049         1.61007       0.0563908 
        5.89662         1.61185       0.0562402 
        5.90276         1.61282         0.05609 
         5.9089         1.61427       0.0559404 
        5.91503         1.61625       0.0557915 
        5.92117         1.62106       0.0556431 
        5.92731         1.62233       0.0554951 
        5.93344          1.6234       0.0553478 
        5.93958         1.62528        0.055201 
        5.94572         1.62575       0.0550547 
        5.95186         1.63078       0.0549088 
        5.95799         1.63162       0.0547638 
        5.96412         1.63311       0.0546191 
        5.97026         1.63509       0.0544749 
         5.9764         1.63704       0.0543313 
        5.98253         1.63811       0.0541884 
        5.98866         1.63961       0.0540458 
         5.9948         1.64422       0.0539036 
        6.00094         1.64566       0.0537621 
        6.00707         1.64595       0.0536211 
        6.01321          1.6485       0.0534805 
        6.01935         1.65158       0.0533405 
        6.02548         1.65421        0.053201 
        6.03162         1.65793        0.053062 
        6.03775         1.65799       0.0529236 
        6.04389         1.66028       0.0527856 
        6.05003         1.66149        0.052648 
        6.05617         1.66267       0.0525109 
         6.0623         1.66641       0.0523744 
        6.06844         1.66959       0.0522383 
        6.07457         1.67103       0.0521028 
         6.0807         1.67277       0.0519678 
        6.08684         1.67453       0.0518333 
        6.09298         1.67931       0.0516992 
        6.09912         1.68109       0.0515655 
        6.10525         1.68347       0.0514324 
        6.11138         1.68677       0.0512997 
        6.11752         1.68752       0.0511675 
        6.12366         1.69188       0.0510357 
        6.12979         1.69647       0.0509045 
        6.13593          1.6966       0.0507738 
        6.14207         1.70019       0.0506434 
         6.1482         1.70371       0.0505135 
        6.15434         1.70585       0.0503841 
        6.16047         1.70672       0.0502552 
        6.16661         1.70958       0.0501267 
        6.17274         1.71235       0.0499986 
        6.17887         1.71642        0.049871 
        6.18501         1.71975       0.0497439 
        6.19115         1.72138       0.0496171 
        6.19729         1.72394       0.0494908 
        6.20342         1.72709        0.049365 
        6.20956         1.73093       0.0492396 
         6.2157         1.73345       0.0491145 
        6.22183         1.73438         0.04899 
        6.22797         1.73732        0.048866 
         6.2341         1.74283       0.0487424 
        6.24024         1.74651       0.0486191 
        6.24638         1.74929       0.0484962 
        6.25251         1.75307       0.0483739 
        6.25865         1.75515        0.048252 
        6.26478         1.75935       0.0481304 
        6.27092          1.7613       0.0480093 
        6.27705         1.76704       0.0478887 
        6.28318          1.7622       0.0477684 
