# k  (h/Mpc)    P(k)  (Mpc/h)^3    P_linear(k)  (Mpc/h)^3
     0.00783031         13264.6         13466.6 
       0.013688         16660.3         16542.6 
       0.019231         16676.9         16660.7 
      0.0249154         15007.2         15312.9 
      0.0312784         13035.5         13176.4 
      0.0375637         11165.2         11171.1 
      0.0433917         9547.32         9711.11 
      0.0492413         8606.92         8669.71 
      0.0555754         7675.36         7908.92 
      0.0619321          7350.9         7349.24 
       0.067871         6673.34         6861.64 
      0.0738098         6150.39         6322.86 
      0.0800417         5479.37         5687.87 
      0.0862327         4921.09         5033.32 
      0.0921407         4440.21         4452.48 
      0.0982031         3932.86         3954.78 
       0.104506         3663.34         3567.28 
       0.110769         3386.26         3302.81 
       0.116806         3189.48         3128.21 
       0.122832         3050.91         2990.81 
       0.129052         2841.58         2848.35 
       0.135211         2689.52         2682.41 
       0.141259         2555.65         2491.83 
       0.147318         2386.94         2286.53 
       0.153489          2173.2         2083.81 
       0.159709         2040.71         1905.68 
       0.165845         1950.72         1766.29 
       0.171974         1839.77         1663.28 
       0.178125         1753.95         1588.06 
       0.184229         1684.47         1528.84 
        0.19034         1588.61         1472.35 
       0.196428         1557.36         1409.93 
       0.202534         1498.41         1337.86 
       0.208729         1422.28         1257.44 
       0.214876         1352.99         1176.37 
       0.220989         1303.12         1101.11 
       0.227147         1241.93         1035.65 
        0.23329         1191.38         982.517 
       0.239377         1169.35         940.695 
       0.245482         1094.98         906.328 
       0.251667         1088.38         875.152 
       0.257832         1046.46         844.039 
       0.263955         1011.84         810.992 
       0.270079         974.956         775.508 
        0.27624         963.123         738.532 
       0.282372         922.155         702.477 
        0.28843         908.668          669.42 
       0.294538         862.464         639.903 
       0.300721         858.093         614.194 
        0.30691         821.507         592.039 
       0.313033          805.74         572.524 
       0.319153         787.083         554.132 
       0.325316          762.44         535.729 
        0.33145         743.042         517.015 
       0.337538         731.558         498.071 
       0.343633         711.456         479.154 
       0.349808         686.609         460.627 
       0.355968         681.944         443.347 
       0.362074         672.587         427.668 
       0.368217         652.798         413.415 
       0.374374         625.764         400.392 
       0.380519         624.726         388.292 
       0.386598         608.007         376.844 
       0.392688         605.675         365.579 
        0.39888         587.628         354.224 
       0.405048         577.484         343.023 
       0.411186         568.665         332.097 
       0.417313         557.222         321.598 
       0.423458         547.147         311.619 
       0.429607         538.544         302.236 
       0.435692         526.093         293.562 
       0.441815         521.783         285.358 
       0.447964         510.792          277.52 
       0.454126         501.342         269.957 
       0.460267         491.631         262.637 
       0.466387         486.087         255.498 
        0.47254         478.301         248.474 
       0.478662         476.323         241.687 
       0.484765         460.628         235.164 
       0.490885         456.912          228.89 
       0.497035         448.157         222.865 
       0.503198         443.103         217.117 
       0.509342         439.499         211.647 
       0.515458          435.36         206.415 
       0.521598         424.812         201.334 
       0.527764         417.448          196.38 
       0.533884         415.397         191.605 
           0.54         409.729          186.97 
       0.546137         407.905         182.453 
       0.552299         400.016         178.058 
       0.558452         397.941         173.821 
       0.564573         392.154         169.762 
       0.570708         386.022         165.847 
       0.576825         377.446         162.083 
       0.582926          376.34         158.452 
       0.589034         373.022         154.927 
       0.595184          369.67         151.478 
       0.601379         364.447         148.106 
       0.607522          359.13         144.859 
       0.613639         357.874         141.721 
       0.619772         349.591          138.67 
       0.625918         348.586         135.704 
       0.632068         343.087         132.825 
       0.638161         341.796         130.057 
         0.6443         335.892         127.351 
       0.650464         333.185         124.715 
       0.656582         331.062         122.175 
       0.662703         329.716         119.707 
       0.668861         323.808         117.293 
       0.675024         320.652         114.945 
       0.681124         318.538         112.685 
       0.687237         315.371          110.48 
       0.693381         310.812         108.323 
       0.699536         307.595         106.221 
       0.705665         305.441         104.183 
       0.711789         303.454         102.201 
       0.717957         301.185         100.258 
        0.72409         298.392          98.377 
       0.730186         295.003         96.5566 
       0.736317          292.01         94.7731 
       0.742472         290.577         93.0288 
       0.748622         287.739         91.3307 
        0.75476         284.872          89.679 
       0.760888         281.625         88.0711 
       0.767043         281.953         86.4966 
       0.773185          278.33         84.9642 
       0.779291         273.882         83.4778 
       0.785407         273.297         82.0251 
       0.791564         270.094         80.5981 
       0.797719           267.6          79.206 
       0.803834         265.619         77.8559 
       0.809972         264.565         76.5328 
       0.816124         264.147         75.2377 
       0.822261         260.486         73.9763 
       0.828378         258.421         72.7479 
       0.834502         257.039         71.5466 
       0.840667         254.105         70.3648 
       0.846816         252.587         69.2133 
       0.852925         251.227         68.0951 
       0.859047         249.235         66.9994 
       0.865192         246.405         65.9245 
       0.871341         244.584         64.8726 
       0.877463         243.191         63.8486 
       0.883569         242.201         62.8495 
       0.889708          239.58         61.8668 
       0.895864          237.11         60.9028 
       0.902008         236.047         59.9615 
       0.908149         234.931         59.0408 
       0.914301         231.925         58.1381 
       0.920448         230.548         57.2552 
       0.926574         228.686         56.3939 
       0.932687         228.799         55.5523 
       0.938823         226.005          54.725 
       0.944975         224.736         53.9128 
       0.951105         223.438         53.1201 
       0.957225         221.687         52.3448 
       0.963368         218.875         51.5824 
       0.969511         218.019         50.8353 
       0.975621         216.004         50.1072 
       0.981748         216.082         49.3915 
       0.987916         213.995         48.6853 
        0.99406         211.547         47.9957 
        1.00019         211.565          47.321 
        1.00632         209.793         46.6599 
        1.01246         208.179         46.0105 
        1.01859         208.102         45.3747 
        1.02471         205.185         44.7517 
        1.03085         203.431         44.1384 
        1.03698         202.663         43.5379 
        1.04314         200.788         42.9462 
        1.04929         199.626         42.3669 
        1.05541         199.713         41.8007 
        1.06154         197.178         41.2435 
        1.06769         196.952         40.6957 
        1.07382          195.31         40.1596 
        1.07993         193.702         39.6345 
        1.08607         193.125         39.1167 
        1.09222          191.93         38.6077 
        1.09836          190.37         38.1083 
        1.10449         188.407         37.6184 
        1.11063         186.876         37.1366 
        1.11677         186.639         36.6635 
         1.1229         185.155         36.1995 
        1.12903         184.254         35.7432 
        1.13518         183.184         35.2944 
        1.14131         181.499         34.8536 
        1.14745         181.394         34.4206 
        1.15359         179.879         33.9949 
        1.15973         178.804         33.5763 
        1.16584         177.193         33.1667 
        1.17197         176.854         32.7634 
        1.17811         175.362         32.3655 
        1.18424         174.446         31.9755 
        1.19038         174.004         31.5908 
        1.19652         172.557         31.2126 
        1.20267         171.952         30.8406 
        1.20881         170.361         30.4748 
        1.21495         169.589         30.1155 
        1.22108         168.581         29.7621 
         1.2272         167.208         29.4152 
        1.23334         166.672         29.0731 
        1.23949         165.451         28.7356 
        1.24562         164.609         28.4044 
        1.25174         163.179          28.079 
        1.25789         162.206         27.7578 
        1.26402         161.141         27.4421 
        1.27014          160.02         27.1322 
        1.27628         159.528         26.8262 
        1.28244         159.199         26.5243 
        1.28858          157.71         26.2275 
        1.29471         156.267         25.9359 
        1.30084         155.978         25.6491 
        1.30697         154.665         25.3661 
        1.31312         153.879         25.0871 
        1.31925         153.041         24.8132 
        1.32537         152.311         24.5436 
        1.33151         150.847         24.2771 
        1.33765         150.269         24.0147 
        1.34378         149.561         23.7567 
        1.34992         148.947         23.5024 
        1.35606         148.572         23.2512 
         1.3622         147.068         23.0042 
        1.36833         145.887         22.7613 
        1.37445         145.257         22.5221 
        1.38059         144.424         22.2856 
        1.38675         143.777          22.052 
        1.39288         143.099         21.8227 
        1.39901         142.802         21.5967 
        1.40515         141.281         21.3734 
         1.4113         140.398         21.1534 
        1.41742         139.669         20.9373 
        1.42355         138.868         20.7239 
         1.4297         138.159         20.5128 
        1.43585         137.148         20.3048 
        1.44198         136.651         20.1004 
        1.44809         135.974         19.8992 
        1.45423          135.17         19.7001 
        1.46036         134.331         19.5041 
        1.46649         133.404         19.3106 
        1.47263         132.718         19.1197 
        1.47877         132.182         18.9314 
        1.48491         130.806         18.7454 
        1.49104         130.777         18.5623 
        1.49718         129.507         18.3815 
        1.50333         129.045         18.2028 
        1.50947         128.519         18.0268 
         1.5156         127.607         17.8535 
        1.52172         126.868         17.6824 
        1.52787          126.07         17.5133 
          1.534         125.531         17.3465 
        1.54013         124.744         17.1822 
        1.54627         124.209         17.0196 
        1.55241         123.227         16.8591 
        1.55855         122.535          16.701 
        1.56467         122.164         16.5453 
         1.5708         121.217         16.3911 
        1.57695         120.818         16.2387 
        1.58308         120.109         16.0886 
        1.58922         119.679         15.9403 
        1.59535         118.745          15.794 
         1.6015         118.293         15.6492 
        1.60764         117.629         15.5064 
        1.61376         117.086         15.3657 
        1.61989         116.237         15.2267 
        1.62604         115.692         15.0891 
        1.63218         115.239         14.9533 
        1.63831         114.316         14.8195 
        1.64444         113.964         14.6872 
        1.65059         113.382         14.5563 
        1.65673         112.304         14.4271 
        1.66285         112.092         14.2999 
        1.66898         111.511         14.1741 
        1.67512          110.99         14.0497 
        1.68127         110.185         13.9266 
         1.6874         109.341         13.8052 
        1.69353         109.027         13.6854 
        1.69967         108.585         13.5667 
        1.70581         107.877         13.4495 
        1.71193         107.425         13.3341 
        1.71806          106.81         13.2198 
        1.72421         106.045         13.1067 
        1.73035         105.867         12.9949 
        1.73649         105.083         12.8846 
        1.74262         104.387         12.7756 
        1.74876         104.118         12.6677 
        1.75489          103.25         12.5614 
        1.76101         102.717         12.4563 
        1.76715         102.113         12.3523 
        1.77329         101.866         12.2493 
        1.77943         100.959         12.1475 
        1.78557         100.674          12.047 
        1.79171         99.8889         11.9476 
        1.79785         99.4689         11.8493 
        1.80399         98.8638         11.7521 
        1.81012         98.4707         11.6562 
        1.81625          97.948         11.5614 
        1.82239         97.6387         11.4674 
        1.82853         97.0172         11.3746 
        1.83466         96.3046         11.2829 
        1.84078         96.0868         11.1924 
        1.84692         95.3578         11.1026 
        1.85306         94.9015         11.0138 
         1.8592         94.4862          10.926 
        1.86533         93.7893         10.8393 
        1.87147         93.3786         10.7534 
        1.87761         92.9279         10.6684 
        1.88375          92.278         10.5844 
        1.88988         91.9053         10.5015 
        1.89601         91.3888         10.4193 
        1.90215         90.9471          10.338 
        1.90829         90.4027         10.2576 
        1.91442          90.047          10.178 
        1.92056         89.4153         10.0994 
         1.9267         89.1287         10.0215 
        1.93284         88.6201         9.94436 
        1.93897         88.1509          9.8682 
        1.94509          87.801           9.793 
        1.95123         87.2991          9.7184 
        1.95737         86.7761         9.64452 
        1.96349           86.29          9.5716 
        1.96964         85.7575         9.49922 
        1.97578         85.3783         9.42756 
        1.98192         85.1779         9.35679 
        1.98805         84.3787         9.28674 
        1.99419         84.1455         9.21741 
        2.00033         83.7824         9.14875 
        2.00647         83.2583         9.08081 
         2.0126          82.815         9.01367 
        2.01874         82.2297         8.94712 
        2.02488         81.8626         8.88118 
        2.03101         81.4061         8.81603 
        2.03714         80.8911         8.75159 
        2.04328         80.6356         8.68773 
        2.04941         80.2514         8.62456 
        2.05554         79.8795         8.56206 
        2.06167          79.402          8.5001 
        2.06781         78.8734         8.43875 
        2.07396         78.5114         8.37792 
        2.08009         78.2396         8.31779 
        2.08622         77.7706         8.25832 
        2.09237         77.3489         8.19931 
        2.09851         77.0887         8.14088 
        2.10464         76.5442         8.08311 
        2.11077         76.2351         8.02597 
        2.11691         75.9421         7.96926 
        2.12305         75.3351         7.91309 
        2.12918         74.9844         7.85761 
        2.13531         74.7099         7.80264 
        2.14145         74.1101         7.74808 
         2.1476         73.7712         7.69398 
        2.15372         73.5117         7.64066 
        2.15985         73.0787         7.58779 
        2.16599         72.7351         7.53528 
        2.17213         72.3689         7.48332 
        2.17827         71.9506         7.43186 
         2.1844         71.5673         7.38093 
        2.19054         71.4233         7.33046 
        2.19666         70.9035         7.28054 
         2.2028         70.7547         7.23104 
        2.20893         70.1998         7.18197 
        2.21508          69.881         7.13331 
        2.22122         69.5197         7.08508 
        2.22736         69.1842          7.0374 
        2.23349         68.7954         6.99017 
        2.23962         68.4121         6.94335 
        2.24577         68.1215         6.89691 
         2.2519         67.8415         6.85097 
        2.25802         67.4897         6.80552 
        2.26417         67.0191         6.76036 
        2.27031         66.7843         6.71557 
        2.27644         66.4301         6.67131 
        2.28257         66.0644         6.62746 
        2.28872         65.7233         6.58391 
        2.29486         65.2296         6.54077 
        2.30099         64.9539         6.49811 
        2.30712          64.817         6.45581 
        2.31326         64.5091         6.41381 
         2.3194         64.1074         6.37221 
        2.32553         63.7573         6.33105 
        2.33166         63.4253         6.29027 
         2.3378         63.0066          6.2498 
        2.34394         62.8093         6.20967 
        2.35007         62.4504         6.16995 
        2.35619         62.1602         6.13063 
        2.36233         61.8924         6.09155 
        2.36848         61.5762         6.05274 
        2.37462         61.1484         6.01435 
        2.38075         61.0239         5.97632 
        2.38689         60.6413          5.9386 
        2.39303         60.3203          5.9012 
        2.39916         60.0196         5.86417 
        2.40529         59.7972         5.82746 
        2.41143         59.4777         5.79103 
        2.41757         59.1346          5.7549 
         2.4237         58.9817         5.71914 
        2.42983         58.5257         5.68369 
        2.43598         58.2397         5.64845 
        2.44211         57.9943         5.61357 
        2.44823         57.7253         5.57906 
        2.45437         57.3396         5.54474 
        2.46052         57.1057         5.51069 
        2.46665            56.9         5.47698 
        2.47279         56.4948         5.44356 
        2.47892         56.2915          5.4104 
        2.48507         55.9917         5.37749 
         2.4912         55.7612         5.34491 
        2.49733         55.5362         5.31263 
        2.50347         55.1223         5.28055 
        2.50961         54.9085         5.24873 
        2.51575         54.6301          5.2172 
        2.52188         54.3269         5.18596 
        2.52802         54.1521         5.15495 
        2.53416         53.8389         5.12418 
        2.54029         53.6066         5.09371 
        2.54641         53.3534         5.06351 
        2.55255         53.1174         5.03352 
        2.55869         52.8753         5.00372 
        2.56483         52.5889         4.97421 
        2.57096         52.3048         4.94497 
        2.57709         52.0083         4.91595 
        2.58323         51.7146         4.88714 
        2.58937         51.6506         4.85855 
        2.59551         51.2726         4.83022 
        2.60164         51.0361         4.80212 
        2.60778         50.7364         4.77422 
        2.61392         50.5662         4.74656 
        2.62006          50.283         4.71911 
        2.62619         50.0978         4.69192 
        2.63232         49.7577         4.66493 
        2.63846         49.5384         4.63813 
        2.64459         49.2944         4.61157 
        2.65072          49.086         4.58523 
        2.65686         48.8048         4.55908 
          2.663         48.5868         4.53309 
        2.66915         48.4398         4.50731 
        2.67527          48.114         4.48179 
        2.68141         47.8931         4.45645 
        2.68755         47.7411         4.43128 
        2.69368         47.4955         4.40633 
        2.69981         47.2139         4.38161 
        2.70595         47.0094         4.35702 
        2.71209         46.8741          4.3326 
        2.71823         46.5854         4.30842 
        2.72436         46.3908         4.28443 
         2.7305         46.2238          4.2606 
        2.73663          45.872         4.23696 
        2.74276         45.6592         4.21352 
         2.7489         45.4103         4.19024 
        2.75504         45.2919         4.16712 
        2.76118         45.0884         4.14416 
        2.76732         44.7879         4.12141 
        2.77345         44.5428         4.09883 
        2.77959         44.3957         4.07642 
        2.78572         44.1807         4.05418 
        2.79186         44.0051         4.03211 
        2.79798         43.7987         4.01024 
        2.80412         43.5209         3.98848 
        2.81027         43.2961         3.96686 
         2.8164         43.1987         3.94545 
        2.82253          42.951          3.9242 
        2.82867         42.8029         3.90309 
        2.83481         42.5218         3.88213 
        2.84095         42.2792         3.86133 
        2.84708         42.1378         3.84071 
        2.85322         41.9003         3.82021 
        2.85935          41.805         3.79987 
        2.86549         41.5507         3.77968 
        2.87162         41.3995         3.75965 
        2.87776          41.204         3.73976 
        2.88389         40.9798            3.72 
        2.89003         40.7421          3.7004 
        2.89617         40.5709         3.68093 
        2.90231         40.3647         3.66161 
        2.90844         40.2711         3.64242 
        2.91458         40.0428         3.62338 
        2.92071         39.8609         3.60449 
        2.92684         39.7024         3.58572 
        2.93298         39.3838         3.56709 
         2.9391         39.3098         3.54862 
        2.94524         39.1483         3.53026 
        2.95138         38.9473         3.51201 
        2.95752         38.8021         3.49388 
        2.96367         38.5714         3.47587 
         2.9698         38.4419         3.45803 
        2.97594          38.232          3.4403 
        2.98207         38.0729         3.42269 
        2.98821         37.8913         3.40522 
        2.99434         37.7058         3.38787 
        3.00048         37.5453         3.37063 
        3.00662          37.289         3.35351 
        3.01275         37.2507         3.33653 
        3.01888         37.0619         3.31966 
        3.02503         36.9309         3.30289 
        3.03117         36.7209         3.28624 
        3.03729         36.5117         3.26974 
        3.04342         36.3276         3.25334 
        3.04957          36.189         3.23701 
         3.0557         36.0134         3.22083 
        3.06183         35.8619         3.20478 
        3.06796         35.6463         3.18882 
        3.07411         35.4575         3.17294 
        3.08025         35.3737          3.1572 
        3.08637         35.1735         3.14159 
         3.0925         35.0515         3.12606 
        3.09865         34.8666         3.11061 
         3.1048         34.7302         3.09526 
        3.11093         34.5574         3.08006 
        3.11706         34.4275         3.06495 
         3.1232         34.3009         3.04994 
        3.12933         34.0981         3.03502 
        3.13547         33.9162         3.02021 
        3.14159         33.7762         3.00553 
        3.14773         33.6369         2.99091 
        3.15388         33.5072         2.97637 
        3.16001         33.3344         2.96196 
        3.16614         33.1863         2.94765 
        3.17228         33.0611         2.93342 
        3.17842         32.8786         2.91929 
        3.18455         32.7432         2.90525 
        3.19068         32.6124         2.89132 
        3.19682         32.4169         2.87746 
        3.20297         32.2639         2.86368 
         3.2091          32.137         2.85001 
        3.21524         32.0011         2.83643 
        3.22138         31.8659         2.82294 
         3.2275         31.7459         2.80955 
        3.23363         31.5919         2.79625 
        3.23977         31.4534         2.78302 
        3.24591         31.3137         2.76988 
        3.25205         31.1818         2.75681 
        3.25818          31.025         2.74384 
        3.26432         30.8858         2.73095 
        3.27046         30.7495         2.71814 
         3.2766         30.6388         2.70542 
        3.28273         30.5166         2.69278 
        3.28887          30.347         2.68023 
          3.295         30.2099         2.66775 
        3.30113         30.0988         2.65536 
        3.30727         29.9598         2.64304 
        3.31341         29.8202          2.6308 
        3.31954         29.6885         2.61865 
        3.32568         29.5587         2.60655 
        3.33182         29.4374         2.59454 
        3.33795         29.3111         2.58262 
        3.34409         29.1857         2.57076 
        3.35022          29.046         2.55897 
        3.35636         28.9145         2.54727 
         3.3625         28.7757         2.53563 
        3.36864         28.6935         2.52407 
        3.37477         28.5346         2.51258 
        3.38091         28.3983         2.50117 
        3.38704         28.3064         2.48983 
        3.39318         28.1625         2.47855 
        3.39931         28.0371         2.46735 
        3.40545         27.9652         2.45622 
        3.41158         27.8046         2.44515 
        3.41772         27.6847         2.43416 
        3.42385         27.5887         2.42324 
        3.42998         27.4596         2.41238 
        3.43612         27.3289         2.40159 
        3.44226         27.2044         2.39086 
         3.4484         27.0822         2.38018 
        3.45453         27.0093         2.36959 
        3.46066         26.8747         2.35907 
        3.46681         26.7733         2.34858 
        3.47295          26.608         2.33817 
        3.47908         26.5114         2.32784 
        3.48521         26.4188         2.31758 
        3.49135          26.292         2.30735 
        3.49749         26.2002          2.2972 
        3.50362          26.084         2.28711 
        3.50976         25.9705         2.27708 
        3.51589          25.856         2.26711 
        3.52203         25.7353          2.2572 
        3.52816         25.6148         2.24737 
        3.53429         25.5324         2.23758 
        3.54043          25.396         2.22784 
        3.54657         25.2991         2.21816 
        3.55271         25.2106         2.20854 
        3.55884         25.0807           2.199 
        3.56498         24.9708         2.18949 
        3.57112         24.8752         2.18003 
        3.57725         24.7762         2.17065 
        3.58338         24.6688         2.16133 
        3.58952         24.5611         2.15204 
        3.59566         24.4448         2.14281 
         3.6018         24.3643         2.13364 
        3.60793         24.2881         2.12453 
        3.61407         24.1373         2.11547 
        3.62021         24.0388         2.10646 
        3.62634         23.9418         2.09751 
        3.63247         23.8454         2.08861 
        3.63861         23.7551         2.07976 
        3.64475         23.6519         2.07095 
        3.65089         23.5676         2.06221 
        3.65702         23.4656         2.05352 
        3.66316         23.3672         2.04487 
        3.66929         23.2829         2.03627 
        3.67543          23.184         2.02773 
        3.68156         23.0949         2.01924 
        3.68769         22.9735         2.01079 
        3.69383          22.884         2.00239 
        3.69997         22.7833         1.99403 
        3.70611         22.7063         1.98573 
        3.71224         22.6302         1.97747 
        3.71838         22.5164         1.96926 
        3.72451         22.4177          1.9611 
        3.73065         22.2796           1.953 
        3.73678         22.2407         1.94493 
        3.74292         22.1442          1.9369 
        3.74906         22.0585         1.92892 
        3.75519         21.9933         1.92099 
        3.76133         21.8601          1.9131 
        3.76746         21.7641         1.90526 
         3.7736         21.7293         1.89747 
        3.77974         21.6166         1.88971 
        3.78588         21.5247         1.88199 
        3.79201         21.4422         1.87433 
        3.79814         21.3248         1.86671 
        3.80428         21.2679         1.85912 
        3.81042         21.1746         1.85158 
        3.81655         21.0863         1.84408 
        3.82268         20.9964         1.83663 
        3.82882         20.9249         1.82922 
        3.83496         20.8114         1.82184 
        3.84109         20.7512          1.8145 
        3.84723         20.6413         1.80721 
        3.85337          20.569         1.79995 
        3.85951         20.4889         1.79273 
        3.86565         20.4061         1.78556 
        3.87178         20.3469         1.77844 
        3.87791         20.2746         1.77135 
        3.88405         20.1716         1.76429 
        3.89019         20.0802         1.75727 
        3.89632         20.0115         1.75029 
        3.90246         19.9158         1.74335 
         3.9086         19.8241         1.73645 
        3.91473         19.7468         1.72959 
        3.92086         19.6795         1.72277 
        3.92699         19.6124         1.71598 
        3.93313         19.5514         1.70922 
        3.93927         19.4593          1.7025 
         3.9454         19.3866         1.69583 
        3.95154         19.3068         1.68918 
        3.95768           19.21         1.68256 
        3.96382         19.1721         1.67599 
        3.96995         19.0597         1.66945 
        3.97609         19.0029         1.66295 
        3.98222         18.9214         1.65649 
        3.98836         18.8539         1.65005 
         3.9945         18.7821         1.64365 
        4.00063            18.7         1.63729 
        4.00677         18.6282         1.63095 
        4.01291         18.5415         1.62465 
        4.01904         18.4746          1.6184 
        4.02517         18.4019         1.61217 
        4.03131         18.3347         1.60597 
        4.03745         18.2842          1.5998 
        4.04358         18.1901         1.59367 
        4.04972         18.1383         1.58758 
        4.05585         18.0509         1.58151 
        4.06199         17.9816         1.57547 
        4.06812          17.936         1.56947 
        4.07426         17.8295          1.5635 
         4.0804         17.7712         1.55755 
        4.08654         17.7103         1.55164 
        4.09267         17.6454         1.54576 
         4.0988         17.5774         1.53992 
        4.10494         17.5144          1.5341 
        4.11108          17.439         1.52831 
        4.11721         17.3638         1.52255 
        4.12334         17.2989         1.51683 
        4.12948         17.2035         1.51113 
        4.13561         17.1697         1.50546 
        4.14176         17.0993         1.49982 
        4.14789         17.0391          1.4942 
        4.15403         16.9582         1.48862 
        4.16016         16.9142         1.48307 
         4.1663         16.8452         1.47755 
        4.17243         16.7917         1.47205 
        4.17857         16.7095         1.46658 
        4.18471         16.6548         1.46114 
        4.19084         16.5832         1.45573 
        4.19698         16.5184         1.45034 
        4.20312         16.4684         1.44498 
        4.20925         16.3935         1.43965 
        4.21538         16.3315         1.43436 
        4.22152           16.28         1.42908 
        4.22766         16.2078         1.42382 
         4.2338         16.1651          1.4186 
        4.23993         16.1064         1.41341 
        4.24607           16.02         1.40823 
         4.2522         15.9719         1.40309 
        4.25834         15.9198         1.39797 
        4.26447          15.856         1.39288 
        4.27061         15.7913         1.38781 
        4.27674         15.7242         1.38277 
        4.28288         15.6604         1.37775 
        4.28902         15.6139         1.37275 
        4.29515         15.5495         1.36779 
        4.30129          15.504         1.36285 
        4.30743         15.4545         1.35792 
        4.31356         15.3916         1.35303 
        4.31969         15.3265         1.34816 
        4.32583           15.26         1.34332 
        4.33197          15.232         1.33849 
         4.3381         15.1719         1.33369 
        4.34424         15.1039         1.32892 
        4.35038         15.0563         1.32416 
        4.35652         14.9996         1.31944 
        4.36265         14.9367         1.31473 
        4.36878         14.8837         1.31005 
        4.37492         14.8332         1.30539 
        4.38106         14.7823         1.30075 
        4.38719         14.7269         1.29614 
        4.39333         14.6647         1.29156 
        4.39946         14.6356         1.28699 
         4.4056         14.5608         1.28244 
        4.41173          14.524         1.27792 
        4.41786         14.4636         1.27342 
          4.424         14.4116         1.26894 
        4.43014         14.3582         1.26448 
        4.43628         14.3005         1.26004 
        4.44241         14.2575         1.25562 
        4.44855         14.1849         1.25123 
        4.45469         14.1496         1.24685 
        4.46083         14.1111          1.2425 
        4.46696         14.0449         1.23817 
        4.47309         13.9946         1.23386 
        4.47923         13.9457         1.22957 
        4.48537         13.8822          1.2253 
         4.4915         13.8543         1.22105 
        4.49764         13.8023         1.21682 
        4.50378         13.7558         1.21261 
        4.50991         13.7102         1.20842 
        4.51604         13.6579         1.20426 
        4.52218         13.5957          1.2001 
        4.52832         13.5442         1.19598 
        4.53445         13.5123         1.19187 
        4.54059         13.4643         1.18778 
        4.54673         13.4005          1.1837 
        4.55286         13.3632         1.17965 
          4.559         13.3074         1.17562 
        4.56513         13.2803         1.17161 
        4.57127         13.2262         1.16761 
        4.57741         13.1826         1.16363 
        4.58354         13.1426         1.15968 
        4.58968         13.0968         1.15574 
        4.59582         13.0437         1.15181 
        4.60195         13.0056         1.14791 
        4.60809         12.9543         1.14403 
        4.61422          12.907         1.14016 
        4.62036         12.8603         1.13632 
        4.62649         12.8204         1.13249 
        4.63263         12.7704         1.12867 
        4.63876         12.7308         1.12488 
         4.6449         12.6818          1.1211 
        4.65104         12.6417         1.11734 
        4.65717         12.5968          1.1136 
        4.66331         12.5466         1.10987 
        4.66944         12.5175         1.10616 
        4.67558         12.4755         1.10248 
        4.68171         12.4162          1.0988 
        4.68785         12.3859         1.09514 
        4.69399         12.3432          1.0915 
        4.70012         12.3168         1.08788 
        4.70625         12.2515         1.08427 
        4.71239         12.2199         1.08068 
        4.71853         12.1831          1.0771 
        4.72467         12.1368         1.07354 
         4.7308         12.0887            1.07 
        4.73694         12.0552         1.06648 
        4.74308          12.021         1.06296 
        4.74922         11.9692         1.05947 
        4.75535         11.9309         1.05599 
        4.76148         11.8924         1.05253 
        4.76762         11.8589         1.04908 
        4.77376         11.8177         1.04565 
        4.77989         11.7904         1.04223 
        4.78602          11.733         1.03883 
        4.79216         11.6971         1.03545 
         4.7983         11.6622         1.03207 
        4.80443         11.6279         1.02872 
        4.81056         11.5764         1.02538 
         4.8167         11.5455         1.02205 
        4.82284         11.5126         1.01874 
        4.82898         11.4705         1.01544 
        4.83511         11.4511         1.01216 
        4.84125         11.3979         1.00889 
        4.84739         11.3604         1.00564 
        4.85352         11.3227          1.0024 
        4.85965         11.2826        0.999181 
        4.86579         11.2482        0.995971 
        4.87193         11.2071        0.992773 
        4.87807         11.1715        0.989592 
         4.8842         11.1522        0.986424 
        4.89034         11.1119         0.98327 
        4.89647         11.0747         0.98013 
        4.90261         11.0334        0.977004 
        4.90874         10.9996        0.973894 
        4.91488         10.9628        0.970795 
        4.92102         10.9228        0.967708 
        4.92715         10.8938        0.964636 
        4.93329         10.8628        0.961579 
        4.93942         10.8207        0.958533 
        4.94556         10.7895          0.9555 
         4.9517         10.7568        0.952481 
        4.95783         10.7226        0.949475 
        4.96397         10.6827        0.946483 
        4.97011         10.6524        0.943502 
        4.97624         10.6126        0.940536 
        4.98238         10.5857        0.937583 
        4.98851         10.5534        0.934643 
        4.99465         10.5171        0.931714 
        5.00078         10.4964        0.928799 
        5.00691         10.4478        0.925898 
        5.01305         10.4271        0.923007 
        5.01919         10.3995        0.920126 
        5.02533         10.3566        0.917259 
        5.03146         10.3343        0.914407 
         5.0376         10.2955        0.911566 
        5.04374          10.259        0.908735 
        5.04987         10.2333        0.905917 
        5.05601         10.2016        0.903112 
        5.06215         10.1684        0.900317 
        5.06829         10.1364        0.897534 
        5.07442         10.1117        0.894766 
        5.08055         10.0835        0.892011 
        5.08668         10.0482        0.889264 
        5.09282         10.0098        0.886527 
        5.09896         9.99213        0.883805 
        5.10509         9.95102        0.881095 
        5.11123         9.93679        0.878395 
        5.11736             9.9        0.875705 
         5.1235          9.8707        0.873027 
        5.12964         9.84886        0.870361 
        5.13577         9.81543        0.867705 
        5.14191         9.78445         0.86506 
        5.14804         9.75574         0.86243 
        5.15418         9.71666        0.859808 
        5.16032         9.68146        0.857196 
        5.16645         9.67432        0.854595 
        5.17259         9.64945        0.852006 
        5.17872          9.6073        0.849428 
        5.18486          9.5914        0.846859 
          5.191         9.55062        0.844301 
        5.19713         9.52827        0.841756 
        5.20327          9.5041         0.83922 
        5.20941         9.47048        0.836693 
        5.21555         9.44425        0.834175 
        5.22168         9.42385        0.831672 
        5.22781          9.3982        0.829179 
        5.23395         9.37608        0.826695 
        5.24009         9.34266         0.82422 
        5.24622         9.31985        0.821756 
        5.25236         9.29005        0.819304 
         5.2585          9.2604        0.816858 
        5.26463         9.23453        0.814424 
        5.27077          9.2081        0.812001 
         5.2769          9.1891        0.809588 
        5.28304         9.17242        0.807184 
        5.28917         9.13441        0.804791 
         5.2953         9.11453        0.802408 
        5.30144         9.09341        0.800034 
        5.30757         9.05595        0.797668 
        5.31371         9.03385        0.795312 
        5.31985         9.00783        0.792965 
        5.32599          8.9869        0.790627 
        5.33213         8.96713        0.788299 
        5.33826         8.94376        0.785982 
         5.3444          8.9147        0.783674 
        5.35053         8.88715        0.781375 
        5.35667         8.86509        0.779084 
        5.36281         8.84403        0.776802 
        5.36894         8.81298        0.774531 
        5.37507         8.79574         0.77227 
        5.38121         8.77535        0.770016 
        5.38735         8.75078         0.76777 
        5.39348         8.73238        0.765537 
        5.39961         8.70439        0.763311 
        5.40575         8.67662        0.761092 
        5.41189         8.65596        0.758882 
        5.41803         8.64065        0.756682 
        5.42416         8.61042        0.754491 
         5.4303         8.60171        0.752307 
        5.43644         8.57912        0.750133 
        5.44257          8.5493        0.747969 
        5.44871         8.53145        0.745811 
        5.45484         8.51258        0.743663 
        5.46098         8.48561        0.741522 
        5.46712         8.46321         0.73939 
        5.47325         8.44598        0.737267 
        5.47938         8.42272        0.735155 
        5.48552         8.40389        0.733049 
        5.49165         8.38994        0.730951 
        5.49779         8.36045        0.728861 
        5.50393         8.34381        0.726779 
        5.51006         8.32278        0.724704 
         5.5162         8.29667        0.722639 
        5.52234         8.28472        0.720582 
        5.52847         8.26309        0.718532 
        5.53461         8.23205         0.71649 
        5.54075         8.22419        0.714457 
        5.54688         8.19897        0.712432 
        5.55302         8.18391        0.710414 
        5.55915         8.16073        0.708404 
        5.56529          8.1494        0.706403 
        5.57143         8.13189        0.704408 
        5.57756         8.10799        0.702421 
         5.5837         8.08957        0.700443 
        5.58983          8.0657        0.698473 
        5.59597         8.05322         0.69651 
         5.6021         8.03387        0.694554 
        5.60824         8.01259        0.692605 
        5.61438         7.99845        0.690664 
        5.62051          7.9791        0.688731 
        5.62665         7.96353        0.686805 
        5.63278         7.95182        0.684887 
        5.63892         7.92883        0.682976 
        5.64505         7.91017        0.681073 
        5.65119         7.89654        0.679176 
        5.65733         7.87392        0.677287 
        5.66346         7.86185        0.675405 
         5.6696         7.83957        0.673531 
        5.67573         7.82031        0.671663 
        5.68187         7.82053        0.669803 
          5.688         7.79232         0.66795 
        5.69414         7.78075        0.666104 
        5.70028         7.75852        0.664263 
        5.70642         7.74375         0.66243 
        5.71255         7.73119        0.660605 
        5.71869         7.71431        0.658788 
        5.72482         7.69605        0.656977 
        5.73096         7.68856        0.655172 
        5.73709         7.66559        0.653375 
        5.74322         7.65507        0.651585 
        5.74936         7.64107          0.6498 
         5.7555         7.62603        0.648021 
        5.76164         7.60939        0.646251 
        5.76777         7.59669        0.644488 
        5.77391         7.57403        0.642729 
        5.78005         7.56503        0.640978 
        5.78618         7.54789        0.639234 
        5.79231         7.53621        0.637498 
        5.79845         7.51896        0.635766 
        5.80459         7.51261         0.63404 
        5.81073         7.49555        0.632322 
        5.81686         7.48219        0.630611 
          5.823         7.46713        0.628905 
        5.82914         7.45451        0.627205 
        5.83527         7.44457        0.625514 
         5.8414         7.43435        0.623828 
        5.84754         7.41286        0.622147 
        5.85368         7.40835        0.620472 
        5.85981         7.38685        0.618805 
        5.86595         7.38228        0.617144 
        5.87208         7.37497        0.615489 
        5.87822         7.36422         0.61384 
        5.88435         7.34464        0.612198 
        5.89049         7.33057         0.61056 
        5.89662         7.31941        0.608929 
        5.90276         7.30734        0.607303 
         5.9089         7.29302        0.605684 
        5.91503         7.28616        0.604072 
        5.92117         7.27166        0.602464 
        5.92731         7.26707        0.600862 
        5.93344         7.25372        0.599267 
        5.93958         7.24568        0.597678 
        5.94572         7.23489        0.596093 
        5.95186         7.21996        0.594514 
        5.95799         7.20504        0.592943 
        5.96412         7.20468        0.591377 
        5.97026         7.18454        0.589816 
         5.9764         7.18318        0.588261 
        5.98253          7.1669        0.586714 
        5.98866         7.15802         0.58517 
         5.9948         7.15453        0.583631 
        6.00094         7.13615        0.582098 
        6.00707         7.12889        0.580571 
        6.01321         7.12901        0.579049 
        6.01935         7.11414        0.577533 
        6.02548         7.10947        0.576023 
        6.03162         7.10101        0.574518 
        6.03775         7.08473        0.573019 
        6.04389         7.08203        0.571525 
        6.05003         7.07807        0.570035 
        6.05617         7.05793        0.568551 
         6.0623         7.05789        0.567073 
        6.06844         7.04353          0.5656 
        6.07457         7.04039        0.564133 
         6.0807         7.02954        0.562671 
        6.08684         7.02719        0.561215 
        6.09298         7.01639        0.559762 
        6.09912         7.01143        0.558315 
        6.10525         7.00246        0.556874 
        6.11138         6.99528        0.555437 
        6.11752         6.99443        0.554006 
        6.12366         6.98624        0.552579 
        6.12979          6.9779        0.551159 
        6.13593         6.96985        0.549743 
        6.14207         6.96372        0.548331 
         6.1482          6.9587        0.546924 
        6.15434          6.9551        0.545524 
        6.16047         6.94665        0.544128 
        6.16661         6.93901        0.542736 
        6.17274          6.9329         0.54135 
        6.17887         6.93255        0.539969 
        6.18501         6.92738        0.538592 
        6.19115         6.92288         0.53722 
        6.19729         6.92054        0.535852 
        6.20342         6.91323        0.534489 
        6.20956         6.91429        0.533132 
         6.2157         6.90299        0.531778 
        6.22183         6.89948         0.53043 
        6.22797         6.89788        0.529087 
         6.2341         6.89629        0.527748 
        6.24024         6.89286        0.526413 
        6.24638         6.89039        0.525083 
        6.25251         6.88621        0.523759 
        6.25865         6.87727        0.522438 
        6.26478         6.87888        0.521122 
        6.27092         6.87794        0.519812 
        6.27705         6.87388        0.518505 
        6.28318         6.87164        0.517203 
