# k  (h/Mpc)    P(k)  (Mpc/h)^3    P_linear(k)  (Mpc/h)^3
     0.00783031         19117.6         19386.8 
       0.013688         24073.2         23810.9 
       0.019231         24023.6         23978.4 
      0.0249154         21506.2         22037.2 
      0.0312784         18690.7         18961.6 
      0.0375637         16039.3         16075.2 
      0.0433917         13661.1           13974 
      0.0492413           12340         12475.2 
      0.0555754         10942.6         11380.3 
      0.0619321         10533.6         10574.8 
       0.067871         9507.66         9873.13 
      0.0738098         8768.38         9097.81 
      0.0800417         7797.07         8184.08 
      0.0862327         7025.85         7242.23 
      0.0921407         6377.14         6406.46 
      0.0982031         5660.21         5690.32 
       0.104506         5301.24         5132.74 
       0.110769         4903.15          4752.2 
       0.116806         4632.86         4500.97 
       0.122832         4417.01         4303.27 
       0.129052         4100.69         4098.27 
       0.135211         3882.76          3859.5 
       0.141259          3709.1         3585.29 
       0.147318         3481.82          3289.9 
       0.153489         3176.89         2998.22 
       0.159709         2996.49         2741.92 
       0.165845         2887.01         2541.36 
       0.171974         2732.64         2393.14 
       0.178125         2603.06         2284.92 
       0.184229         2487.32          2199.7 
        0.19034         2369.28         2118.42 
       0.196428         2316.17         2028.61 
       0.202534         2221.35         1924.92 
       0.208729         2121.74         1809.21 
       0.214876         2040.56         1692.56 
       0.220989         1966.69         1584.29 
       0.227147         1888.94         1490.09 
        0.23329          1815.2         1413.65 
       0.239377         1789.61         1353.47 
       0.245482         1683.41         1304.02 
       0.251667         1675.08         1259.17 
       0.257832         1608.92          1214.4 
       0.263955         1555.21         1166.85 
       0.270079          1503.1          1115.8 
        0.27624         1484.11          1062.6 
       0.282372         1424.05         1010.72 
        0.28843         1420.38         963.158 
       0.294538          1351.8          920.69 
       0.300721         1341.31         883.699 
        0.30691         1294.05         851.823 
       0.313033         1267.37         823.745 
       0.319153         1250.23         797.283 
       0.325316         1209.13         770.804 
        0.33145         1183.71         743.878 
       0.337538         1160.36         716.621 
       0.343633         1139.09         689.404 
       0.349808         1101.92         662.746 
       0.355968         1093.18         637.885 
       0.362074         1084.48         615.325 
       0.368217         1049.04         594.819 
       0.374374         1013.66          576.08 
       0.380519         1016.24         558.672 
       0.386598         985.918           542.2 
       0.392688         981.696         525.993 
        0.39888         954.368         509.654 
       0.405048         945.103         493.539 
       0.411186         931.742         477.818 
       0.417313         912.014         462.712 
       0.423458         895.873         448.355 
       0.429607         886.365         434.854 
       0.435692         868.784         422.374 
       0.441815         860.742         410.571 
       0.447964         844.005         399.293 
       0.454126         838.834         388.411 
       0.460267         817.181         377.879 
       0.466387         806.289         367.607 
        0.47254         806.034         357.501 
       0.478662         794.396         347.737 
       0.484765         772.864         338.352 
       0.490885         768.351         329.325 
       0.497035         752.356         320.656 
       0.503198          748.26         312.386 
       0.509342         739.826         304.516 
       0.515458         736.421         296.988 
       0.521598         718.505         289.677 
       0.527764         706.712          282.55 
       0.533884         703.786          275.68 
           0.54         698.196         269.011 
       0.546137         690.055         262.511 
       0.552299          682.63         256.188 
       0.558452         676.245         250.092 
       0.564573         668.603         244.251 
       0.570708          661.15         238.618 
       0.576825         644.824         233.203 
       0.582926         647.615         227.979 
       0.589034          640.53         222.907 
       0.595184         635.028         217.945 
       0.601379         626.312         213.093 
       0.607522         617.183         208.421 
       0.613639         616.987         203.907 
       0.619772         605.924         199.517 
       0.625918         601.297         195.249 
       0.632068         593.961         191.107 
       0.638161         591.092         187.125 
         0.6443         582.064         183.231 
       0.650464         580.388         179.439 
       0.656582         574.087         175.784 
       0.662703         572.725         172.232 
       0.668861         563.529          168.76 
       0.675024          558.68         165.382 
       0.681124         554.992         162.129 
       0.687237         551.237         158.957 
       0.693381         543.767         155.855 
       0.699536         534.726         152.829 
       0.705665         534.744         149.897 
       0.711789         531.952         147.046 
       0.717957         527.168          144.25 
        0.72409         524.544         141.544 
       0.730186         516.885         138.924 
       0.736317         514.229         136.358 
       0.742472         510.554         133.849 
       0.748622         505.428         131.405 
        0.75476         497.884         129.029 
       0.760888         494.267         126.716 
       0.767043         493.551          124.45 
       0.773185         489.308         122.245 
       0.779291         484.311         120.107 
       0.785407         480.428         118.017 
       0.791564         475.914         115.964 
       0.797719         474.413         113.961 
       0.803834         468.142         112.018 
       0.809972         467.166         110.114 
       0.816124          465.63         108.251 
       0.822261          459.16         106.436 
       0.828378          456.82         104.669 
       0.834502         451.749          102.94 
       0.840667         448.499          101.24 
       0.846816         446.541         99.5833 
       0.852925         443.608         97.9744 
       0.859047         441.661         96.3979 
       0.865192         435.768         94.8513 
       0.871341         432.343         93.3379 
       0.877463         432.301         91.8646 
       0.883569         427.657         90.4271 
       0.889708         425.487         89.0132 
       0.895864         424.663         87.6262 
       0.902008         420.618         86.2718 
       0.908149         414.454         84.9471 
       0.914301         413.123         83.6483 
       0.920448         411.465         82.3781 
       0.926574         404.998         81.1389 
       0.932687         404.045          79.928 
       0.938823         400.542         78.7377 
       0.944975         400.417          77.569 
       0.951105         396.335         76.4285 
       0.957225         393.614          75.313 
       0.963368         389.031         74.2161 
       0.969511         388.254         73.1412 
       0.975621         386.261         72.0935 
       0.981748         383.229         71.0638 
       0.987916         381.328         70.0478 
        0.99406         375.973         69.0557 
        1.00019         374.197         68.0848 
        1.00632         372.759         67.1336 
        1.01246          369.65         66.1994 
        1.01859          369.32         65.2845 
        1.02471         364.508         64.3882 
        1.03085         363.242         63.5057 
        1.03698         361.165         62.6418 
        1.04314         358.599         61.7904 
        1.04929         354.867         60.9569 
        1.05541         355.843         60.1423 
        1.06154         350.068         59.3406 
        1.06769         348.958         58.5524 
        1.07382         346.083         57.7812 
        1.07993         344.579         57.0257 
        1.08607         343.656         56.2806 
        1.09222           339.5         55.5482 
        1.09836         337.301         54.8297 
        1.10449         335.411         54.1249 
        1.11063         331.105         53.4317 
        1.11677         332.272          52.751 
         1.1229         329.226         52.0834 
        1.12903         327.306         51.4268 
        1.13518         323.935         50.7811 
        1.14131         322.624         50.1468 
        1.14745         320.459         49.5239 
        1.15359          318.74         48.9114 
        1.15973         316.952         48.3092 
        1.16584         314.309         47.7198 
        1.17197         313.951         47.1395 
        1.17811         310.551         46.5671 
        1.18424         308.046         46.0059 
        1.19038         307.188         45.4524 
        1.19652         305.002         44.9082 
        1.20267         303.983          44.373 
        1.20881         301.529         43.8467 
        1.21495         299.448         43.3297 
        1.22108         297.635         42.8212 
         1.2272          295.93         42.3222 
        1.23334         294.633         41.8299 
        1.23949         291.377         41.3444 
        1.24562         290.479         40.8679 
        1.25174         289.213         40.3998 
        1.25789         286.366         39.9375 
        1.26402          284.66         39.4834 
        1.27014         282.924         39.0375 
        1.27628         280.732         38.5971 
        1.28244         280.949         38.1628 
        1.28858         278.222         37.7358 
        1.29471         277.162         37.3162 
        1.30084         274.405         36.9035 
        1.30697         273.747         36.4965 
        1.31312         270.712          36.095 
        1.31925         269.301         35.7008 
        1.32537         268.797          35.313 
        1.33151         266.274         34.9295 
        1.33765         264.019          34.552 
        1.34378         263.511         34.1809 
        1.34992         262.006         33.8149 
        1.35606          260.67         33.4535 
         1.3622          258.23         33.0981 
        1.36833         257.163         32.7487 
        1.37445         255.306         32.4045 
        1.38059         253.614         32.0643 
        1.38675         252.327         31.7281 
        1.39288         251.093         31.3981 
        1.39901         249.437          31.073 
        1.40515         248.349         30.7518 
         1.4113         246.614         30.4352 
        1.41742          244.74         30.1244 
        1.42355         243.616         29.8173 
         1.4297         241.899         29.5136 
        1.43585         240.582         29.2142 
        1.44198         240.003         28.9202 
        1.44809         237.619         28.6308 
        1.45423          236.36         28.3443 
        1.46036         235.108         28.0622 
        1.46649         233.832         27.7839 
        1.47263         232.626         27.5092 
        1.47877         230.763         27.2383 
        1.48491         228.615         26.9706 
        1.49104         228.044         26.7072 
        1.49718         226.286          26.447 
        1.50333         225.668         26.1899 
        1.50947          224.11         25.9368 
         1.5156         222.275         25.6874 
        1.52172         221.531         25.4413 
        1.52787         219.693         25.1979 
          1.534         219.158          24.958 
        1.54013         217.111         24.7215 
        1.54627         216.305         24.4876 
        1.55241         215.012         24.2567 
        1.55855         212.848         24.0291 
        1.56467         212.757         23.8051 
         1.5708         211.316         23.5834 
        1.57695         210.056         23.3641 
        1.58308         208.665         23.1481 
        1.58922         206.933         22.9347 
        1.59535          205.71         22.7241 
         1.6015         204.677         22.5159 
        1.60764         203.837         22.3104 
        1.61376         202.717          22.108 
        1.61989         201.569          21.908 
        1.62604         200.007           21.71 
        1.63218         199.263         21.5146 
        1.63831         197.643         21.3221 
        1.64444         196.744         21.1318 
        1.65059         195.877         20.9434 
        1.65673         194.558         20.7576 
        1.66285         193.087         20.5745 
        1.66898         192.405         20.3936 
        1.67512         191.335         20.2145 
        1.68127         189.478         20.0373 
         1.6874          188.95         19.8628 
        1.69353         187.656         19.6904 
        1.69967         186.361         19.5196 
        1.70581         185.555         19.3509 
        1.71193         184.075         19.1849 
        1.71806         183.552         19.0205 
        1.72421         182.199         18.8577 
        1.73035         181.568         18.6969 
        1.73649         180.382         18.5381 
        1.74262         179.293         18.3813 
        1.74876          177.88         18.2262 
        1.75489         177.287         18.0732 
        1.76101         175.734          17.922 
        1.76715         175.219         17.7723 
        1.77329         173.991         17.6241 
        1.77943         173.284         17.4776 
        1.78557         172.039          17.333 
        1.79171         171.362           17.19 
        1.79785         169.976         17.0486 
        1.80399         169.235         16.9088 
        1.81012         168.301         16.7707 
        1.81625         167.546         16.6343 
        1.82239         166.222         16.4992 
        1.82853         165.584         16.3657 
        1.83466         164.634         16.2337 
        1.84078         163.755         16.1034 
        1.84692         162.499         15.9743 
        1.85306         161.886         15.8465 
         1.8592         160.933         15.7202 
        1.86533         160.364         15.5954 
        1.87147         159.117         15.4719 
        1.87761         158.117         15.3496 
        1.88375          157.31         15.2287 
        1.88988         155.741         15.1094 
        1.89601         155.679         14.9912 
        1.90215         154.737         14.8742 
        1.90829         153.512         14.7585 
        1.91442         153.079          14.644 
        1.92056         151.975         14.5308 
         1.9267          150.94         14.4188 
        1.93284         150.105         14.3078 
        1.93897         149.573         14.1982 
        1.94509         148.794           14.09 
        1.95123         147.838         13.9827 
        1.95737         146.888         13.8764 
        1.96349         146.242         13.7715 
        1.96964         145.223         13.6673 
        1.97578         144.373         13.5642 
        1.98192          143.56         13.4624 
        1.98805          142.95         13.3616 
        1.99419         141.982         13.2619 
        2.00033         141.297         13.1631 
        2.00647         140.518         13.0653 
         2.0126         139.519         12.9687 
        2.01874         139.136          12.873 
        2.02488         138.588         12.7781 
        2.03101         137.287         12.6844 
        2.03714         136.771         12.5917 
        2.04328         135.764         12.4998 
        2.04941         135.324         12.4089 
        2.05554         134.188          12.319 
        2.06167          133.73         12.2298 
        2.06781          132.72         12.1416 
        2.07396         132.332          12.054 
        2.08009         131.336         11.9675 
        2.08622         130.449         11.8819 
        2.09237         129.971         11.7971 
        2.09851         129.269          11.713 
        2.10464         128.785         11.6299 
        2.11077         128.052         11.5477 
        2.11691         127.274         11.4661 
        2.12305         126.666         11.3852 
        2.12918         125.888         11.3054 
        2.13531          125.17         11.2263 
        2.14145         124.373         11.1478 
         2.1476         123.511           11.07 
        2.15372         123.384         10.9933 
        2.15985         122.476         10.9172 
        2.16599         121.754         10.8417 
        2.17213         121.304         10.7669 
        2.17827         120.411         10.6929 
         2.1844          119.77         10.6196 
        2.19054         119.334          10.547 
        2.19666         118.485         10.4751 
         2.2028         117.834         10.4039 
        2.20893         117.401         10.3333 
        2.21508         116.573         10.2633 
        2.22122         115.991         10.1939 
        2.22736          115.41         10.1253 
        2.23349         114.893         10.0574 
        2.23962         114.295         9.98999 
        2.24577         113.497         9.92318 
         2.2519         112.976         9.85708 
        2.25802         112.158         9.79169 
        2.26417         111.888         9.72671 
        2.27031         111.145         9.66226 
        2.27644         110.612         9.59858 
        2.28257         110.001         9.53549 
        2.28872          109.34         9.47284 
        2.29486         108.709         9.41077 
        2.30099          108.14         9.34938 
        2.30712         107.642         9.28852 
        2.31326         107.051         9.22809 
         2.3194         106.384         9.16824 
        2.32553         105.768         9.10902 
        2.33166          105.26         9.05035 
         2.3378         104.957         8.99212 
        2.34394         104.186         8.93439 
        2.35007          103.65         8.87724 
        2.35619         103.112         8.82066 
        2.36233          102.69         8.76444 
        2.36848         102.056         8.70859 
        2.37462         101.623         8.65335 
        2.38075         100.976         8.59865 
        2.38689         100.489         8.54437 
        2.39303         99.8646         8.49056 
        2.39916         99.4317         8.43728 
        2.40529          99.203         8.38446 
        2.41143         98.5493         8.33205 
        2.41757         97.9171         8.28007 
         2.4237         97.3967         8.22862 
        2.42983         96.9473         8.17762 
        2.43598         96.2791         8.12691 
        2.44211         95.9399         8.07672 
        2.44823         95.3476         8.02707 
        2.45437         94.9774         7.97769 
        2.46052         94.2619         7.92869 
        2.46665         94.0253         7.88019 
        2.47279         93.5081         7.83212 
        2.47892         92.9342         7.78441 
        2.48507         92.5591         7.73705 
         2.4912         92.0614         7.69018 
        2.49733         91.3877         7.64373 
        2.50347         91.0457         7.59758 
        2.50961         90.6054          7.5518 
        2.51575         90.0128         7.50643 
        2.52188         89.5707         7.46149 
        2.52802         89.2381         7.41687 
        2.53416         88.5346         7.37259 
        2.54029          88.202         7.32876 
        2.54641         87.7532          7.2853 
        2.55255         87.2937         7.24215 
        2.55869         86.9573         7.19928 
        2.56483         86.6052         7.15681 
        2.57096         86.0292         7.11475 
        2.57709         85.6083           7.073 
        2.58323         85.0072         7.03154 
        2.58937         84.6517          6.9904 
        2.59551         84.3163         6.94965 
        2.60164         83.8472         6.90922 
        2.60778         83.5177         6.86908 
        2.61392         83.0098         6.82927 
        2.62006         82.5834         6.78979 
        2.62619         82.1665         6.75066 
        2.63232         81.8255         6.71184 
        2.63846         81.3346         6.67327 
        2.64459         80.9754         6.63506 
        2.65072         80.5123         6.59716 
        2.65686         79.9938         6.55953 
          2.663         79.6203         6.52214 
        2.66915         79.3022         6.48505 
        2.67527         79.0097         6.44833 
        2.68141         78.4577         6.41188 
        2.68755         78.0923         6.37567 
        2.69368         77.7978         6.33977 
        2.69981         77.4499          6.3042 
        2.70595         76.9626         6.26881 
        2.71209         76.4881         6.23369 
        2.71823         76.2947         6.19889 
        2.72436         75.8402         6.16437 
         2.7305         75.3481         6.13009 
        2.73663         75.0489         6.09608 
        2.74276         74.7312         6.06236 
         2.7489         74.2847         6.02886 
        2.75504         73.9956         5.99559 
        2.76118         73.5386         5.96255 
        2.76732          73.227         5.92982 
        2.77345         72.8726         5.89733 
        2.77959          72.497         5.86509 
        2.78572         72.2274         5.83309 
        2.79186         71.8376         5.80134 
        2.79798         71.4718         5.76987 
        2.80412         71.0321         5.73856 
        2.81027         70.7402         5.70746 
         2.8164         70.4049         5.67665 
        2.82253         70.0563         5.64607 
        2.82867            69.8          5.6157 
        2.83481         69.3312         5.58555 
        2.84095         69.0564         5.55562 
        2.84708         68.6437         5.52595 
        2.85322         68.2311         5.49646 
        2.85935         68.0394         5.46719 
        2.86549         67.7072         5.43815 
        2.87162         67.3136         5.40932 
        2.87776         67.0218         5.38071 
        2.88389         66.6742         5.35229 
        2.89003         66.4116         5.32409 
        2.89617         66.0454         5.29607 
        2.90231         65.7703         5.26827 
        2.90844         65.4314         5.24066 
        2.91458         65.1073         5.21326 
        2.92071         64.7723         5.18609 
        2.92684         64.4834         5.15908 
        2.93298         64.1817         5.13228 
         2.9391         63.7682         5.10571 
        2.94524          63.559         5.07928 
        2.95138         63.2759         5.05303 
        2.95752         62.9415         5.02694 
        2.96367         62.5315         5.00103 
         2.9698         62.3392         4.97536 
        2.97594         62.1518         4.94985 
        2.98207         61.8055         4.92451 
        2.98821         61.4186         4.89938 
        2.99434            61.1         4.87441 
        3.00048         60.9257         4.84961 
        3.00662         60.6683         4.82497 
        3.01275          60.406         4.80055 
        3.01888         59.9914         4.77628 
        3.02503         59.7824         4.75214 
        3.03117         59.4344         4.72819 
        3.03729         59.2522         4.70445 
        3.04342         58.9199         4.68085 
        3.04957         58.6476         4.65737 
         3.0557         58.3913         4.63408 
        3.06183            58.1         4.61099 
        3.06796         57.8639         4.58803 
        3.07411          57.452         4.56518 
        3.08025         57.3173         4.54253 
        3.08637         56.9958         4.52007 
         3.0925         56.7321         4.49772 
        3.09865         56.4532         4.47549 
         3.1048         56.1314         4.45342 
        3.11093         56.0071         4.43154 
        3.11706         55.7274          4.4098 
         3.1232         55.4385          4.3882 
        3.12933         55.1111         4.36674 
        3.13547          54.885         4.34544 
        3.14159         54.6202          4.3243 
        3.14773         54.4572         4.30327 
        3.15388         54.1757         4.28236 
        3.16001         53.8431         4.26162 
        3.16614         53.6325         4.24103 
        3.17228          53.423         4.22056 
        3.17842         53.1877         4.20022 
        3.18455         52.9223         4.18004 
        3.19068         52.6327         4.15999 
        3.19682         52.4394         4.14004 
        3.20297         52.1349         4.12022 
         3.2091         51.9586         4.10055 
        3.21524         51.7266         4.08101 
        3.22138         51.4307          4.0616 
         3.2275         51.2803         4.04234 
        3.23363         50.9739         4.02321 
        3.23977         50.8022         4.00417 
        3.24591         50.5179         3.98526 
        3.25205         50.3264         3.96646 
        3.25818         50.0338         3.94779 
        3.26432          49.863         3.92925 
        3.27046         49.6236         3.91082 
         3.2766         49.3879         3.89252 
        3.28273         49.1669         3.87433 
        3.28887         48.9293         3.85627 
          3.295         48.6503         3.83832 
        3.30113         48.4642         3.82049 
        3.30727         48.2467         3.80276 
        3.31341         48.1211         3.78516 
        3.31954         47.8517         3.76767 
        3.32568         47.6784         3.75027 
        3.33182         47.4184         3.73299 
        3.33795         47.2814         3.71584 
        3.34409         46.9912         3.69877 
        3.35022         46.7912         3.68181 
        3.35636         46.5715         3.66498 
         3.3625         46.4139         3.64823 
        3.36864          46.164         3.63159 
        3.37477         45.9711         3.61506 
        3.38091         45.7888         3.59864 
        3.38704         45.5994         3.58233 
        3.39318         45.3374          3.5661 
        3.39931         45.0848         3.54998 
        3.40545         44.9835         3.53397 
        3.41158         44.8022         3.51805 
        3.41772         44.5375         3.50223 
        3.42385         44.3353         3.48651 
        3.42998          44.176         3.47089 
        3.43612         43.9065         3.45537 
        3.44226         43.7393         3.43993 
         3.4484          43.549         3.42456 
        3.45453         43.3859         3.40933 
        3.46066         43.1769         3.39419 
        3.46681         43.0447          3.3791 
        3.47295         42.8201         3.36412 
        3.47908         42.5804         3.34927 
        3.48521         42.4778         3.33449 
        3.49135         42.3177         3.31978 
        3.49749         42.0772         3.30517 
        3.50362         41.8964         3.29066 
        3.50976         41.7474         3.27623 
        3.51589         41.5076         3.26189 
        3.52203         41.3847         3.24763 
        3.52816         41.1691         3.23348 
        3.53429         40.9848         3.21939 
        3.54043         40.7944         3.20538 
        3.54657         40.5883         3.19145 
        3.55271         40.4213         3.17762 
        3.55884         40.2989         3.16388 
        3.56498         40.0844          3.1502 
        3.57112          39.896          3.1366 
        3.57725         39.7043         3.12309 
        3.58338         39.5908         3.10968 
        3.58952         39.3999         3.09633 
        3.59566         39.2615         3.08304 
         3.6018         39.1057         3.06985 
        3.60793         38.8961         3.05674 
        3.61407         38.7289         3.04371 
        3.62021         38.5194         3.03075 
        3.62634         38.3849         3.01786 
        3.63247          38.233         3.00506 
        3.63861         38.1132         2.99233 
        3.64475         37.8882         2.97965 
        3.65089         37.7584         2.96707 
        3.65702         37.5666         2.95457 
        3.66316         37.4284         2.94212 
        3.66929         37.2953         2.92976 
        3.67543         37.1745         2.91747 
        3.68156         36.9551         2.90524 
        3.68769          36.824         2.89309 
        3.69383         36.6444           2.881 
        3.69997         36.4934         2.86898 
        3.70611         36.3233         2.85704 
        3.71224         36.1596         2.84516 
        3.71838         35.9784         2.83334 
        3.72451         35.8681         2.82161 
        3.73065         35.7324         2.80994 
        3.73678         35.5676         2.79833 
        3.74292          35.421         2.78678 
        3.74906         35.2678          2.7753 
        3.75519         35.1323         2.76389 
        3.76133         35.0089         2.75254 
        3.76746         34.8157         2.74126 
         3.7736         34.6629         2.73005 
        3.77974         34.5178         2.71888 
        3.78588          34.407         2.70778 
        3.79201         34.2627         2.69675 
        3.79814         34.1184         2.68579 
        3.80428         33.9602         2.67488 
        3.81042          33.794         2.66402 
        3.81655         33.6957         2.65323 
        3.82268         33.5448         2.64251 
        3.82882         33.4137         2.63185 
        3.83496         33.2815         2.62123 
        3.84109         33.1542         2.61068 
        3.84723         32.9648         2.60019 
        3.85337         32.8681         2.58975 
        3.85951         32.7256         2.57936 
        3.86565         32.5635         2.56904 
        3.87178         32.4699         2.55879 
        3.87791         32.3265         2.54858 
        3.88405         32.1713         2.53843 
        3.89019          32.065         2.52833 
        3.89632         31.9353         2.51829 
        3.90246         31.7826         2.50831 
         3.9086         31.6746         2.49837 
        3.91473         31.5011          2.4885 
        3.92086         31.4353         2.47869 
        3.92699         31.2593         2.46892 
        3.93313         31.1642          2.4592 
        3.93927         31.0163         2.44954 
         3.9454          30.891         2.43993 
        3.95154         30.7714         2.43036 
        3.95768         30.6498         2.42085 
        3.96382         30.5566         2.41139 
        3.96995         30.3715         2.40198 
        3.97609         30.2607         2.39262 
        3.98222         30.1422         2.38333 
        3.98836         30.0142         2.37407 
         3.9945          29.898         2.36486 
        4.00063         29.8009         2.35571 
        4.00677         29.6646         2.34659 
        4.01291         29.5215         2.33753 
        4.01904         29.4455         2.32852 
        4.02517         29.3216         2.31957 
        4.03131         29.2062         2.31064 
        4.03745         29.0801         2.30177 
        4.04358         28.9832         2.29295 
        4.04972         28.8318         2.28418 
        4.05585         28.7671         2.27545 
        4.06199         28.6051         2.26676 
        4.06812         28.5392         2.25812 
        4.07426         28.4096         2.24953 
         4.0804         28.2775         2.24098 
        4.08654         28.1685         2.23247 
        4.09267         28.0725         2.22402 
         4.0988         27.9387         2.21561 
        4.10494         27.8285         2.20724 
        4.11108         27.7326         2.19891 
        4.11721         27.6456         2.19063 
        4.12334          27.516         2.18239 
        4.12948         27.4121         2.17419 
        4.13561           27.29         2.16603 
        4.14176         27.1815         2.15791 
        4.14789           27.06         2.14984 
        4.15403          26.978         2.14181 
        4.16016         26.8567         2.13382 
         4.1663         26.7413         2.12587 
        4.17243         26.6669         2.11797 
        4.17857         26.5699          2.1101 
        4.18471         26.4783         2.10227 
        4.19084         26.3565         2.09448 
        4.19698         26.2508         2.08673 
        4.20312         26.1304         2.07902 
        4.20925         26.0036         2.07135 
        4.21538          25.942         2.06373 
        4.22152         25.8545         2.05613 
        4.22766          25.758         2.04857 
         4.2338         25.6341         2.04106 
        4.23993         25.5558         2.03358 
        4.24607         25.4621         2.02614 
         4.2522         25.3184         2.01874 
        4.25834         25.2355         2.01137 
        4.26447         25.1234         2.00405 
        4.27061         25.0511         1.99676 
        4.27674         24.9327          1.9895 
        4.28288         24.8296         1.98228 
        4.28902         24.7758          1.9751 
        4.29515         24.6526         1.96795 
        4.30129         24.5676         1.96084 
        4.30743          24.475         1.95376 
        4.31356         24.3662         1.94672 
        4.31969         24.2908         1.93972 
        4.32583         24.1774         1.93275 
        4.33197         24.1021          1.9258 
         4.3381         24.0112          1.9189 
        4.34424         23.9276         1.91203 
        4.35038         23.8461         1.90519 
        4.35652         23.7589         1.89838 
        4.36265         23.6752         1.89162 
        4.36878         23.5668         1.88488 
        4.37492          23.474         1.87818 
        4.38106         23.3853          1.8715 
        4.38719          23.304         1.86487 
        4.39333         23.1998         1.85827 
        4.39946         23.1193          1.8517 
         4.4056         23.0267         1.84515 
        4.41173         22.9449         1.83865 
        4.41786         22.8841         1.83218 
          4.424         22.7549         1.82573 
        4.43014          22.688         1.81931 
        4.43628         22.6246         1.81292 
        4.44241         22.5345         1.80657 
        4.44855         22.4517         1.80024 
        4.45469         22.3731         1.79394 
        4.46083         22.2999         1.78769 
        4.46696         22.1949         1.78146 
        4.47309         22.1267         1.77525 
        4.47923         22.0558         1.76908 
        4.48537         21.9454         1.76294 
         4.4915         21.8755         1.75683 
        4.49764         21.7863         1.75074 
        4.50378         21.7093         1.74468 
        4.50991         21.6529         1.73866 
        4.51604         21.5494         1.73267 
        4.52218         21.4745         1.72669 
        4.52832         21.3915         1.72075 
        4.53445         21.3173         1.71484 
        4.54059         21.2362         1.70895 
        4.54673         21.1766         1.70309 
        4.55286         21.0981         1.69726 
          4.559         21.0111         1.69146 
        4.56513         20.9244         1.68569 
        4.57127         20.8586         1.67994 
        4.57741         20.8135         1.67422 
        4.58354         20.7118         1.66852 
        4.58968         20.6109         1.66286 
        4.59582         20.5482         1.65721 
        4.60195         20.4852          1.6516 
        4.60809         20.4271         1.64601 
        4.61422         20.3507         1.64045 
        4.62036         20.2537         1.63491 
        4.62649         20.1893          1.6294 
        4.63263         20.1288         1.62392 
        4.63876         20.0574         1.61846 
         4.6449         19.9756         1.61302 
        4.65104         19.9099         1.60761 
        4.65717         19.8376         1.60223 
        4.66331         19.7618         1.59687 
        4.66944         19.6929         1.59153 
        4.67558         19.6094         1.58622 
        4.68171         19.5559         1.58094 
        4.68785         19.4782         1.57567 
        4.69399         19.4232         1.57043 
        4.70012         19.3379         1.56522 
        4.70625         19.3089         1.56003 
        4.71239         19.2205         1.55486 
        4.71853         19.1577         1.54972 
        4.72467         19.0765          1.5446 
         4.7308         19.0315          1.5395 
        4.73694          18.933         1.53443 
        4.74308         18.8869         1.52938 
        4.74922         18.8259         1.52434 
        4.75535         18.7707         1.51934 
        4.76148          18.691         1.51436 
        4.76762         18.6227          1.5094 
        4.77376         18.5555         1.50446 
        4.77989         18.4954         1.49955 
        4.78602         18.4139         1.49466 
        4.79216         18.3739         1.48978 
         4.7983         18.2943         1.48493 
        4.80443         18.2443         1.48011 
        4.81056         18.1709          1.4753 
         4.8167         18.1112         1.47051 
        4.82284         18.0576         1.46574 
        4.82898         18.0107           1.461 
        4.83511         17.9387         1.45628 
        4.84125         17.8828         1.45158 
        4.84739         17.8171          1.4469 
        4.85352         17.7451         1.44224 
        4.85965          17.694          1.4376 
        4.86579           17.64         1.43298 
        4.87193          17.588         1.42839 
        4.87807         17.5078         1.42381 
         4.8842         17.4488         1.41925 
        4.89034         17.4007         1.41471 
        4.89647         17.3355         1.41019 
        4.90261         17.2715          1.4057 
        4.90874         17.2343         1.40122 
        4.91488         17.1677         1.39676 
        4.92102         17.1011         1.39232 
        4.92715         17.0534          1.3879 
        4.93329         16.9909          1.3835 
        4.93942         16.9389         1.37912 
        4.94556         16.8897         1.37476 
         4.9517         16.8409         1.37041 
        4.95783         16.7732         1.36609 
        4.96397         16.7225         1.36178 
        4.97011         16.6533         1.35749 
        4.97624         16.6169         1.35323 
        4.98238         16.5494         1.34898 
        4.98851         16.5067         1.34475 
        4.99465         16.4626         1.34053 
        5.00078         16.4043         1.33634 
        5.00691         16.3425         1.33217 
        5.01305         16.2876         1.32801 
        5.01919         16.2263         1.32386 
        5.02533         16.1792         1.31974 
        5.03146         16.1271         1.31563 
         5.0376         16.0854         1.31154 
        5.04374         16.0318         1.30747 
        5.04987         15.9691         1.30342 
        5.05601         15.9359         1.29938 
        5.06215         15.8778         1.29536 
        5.06829         15.8262         1.29136 
        5.07442         15.7712         1.28737 
        5.08055         15.7234         1.28341 
        5.08668          15.648         1.27946 
        5.09282         15.6201         1.27552 
        5.09896         15.5583          1.2716 
        5.10509          15.507          1.2677 
        5.11123         15.4834         1.26382 
        5.11736         15.4245         1.25995 
         5.1235         15.3721          1.2561 
        5.12964           15.33         1.25226 
        5.13577         15.2775         1.24844 
        5.14191         15.2338         1.24463 
        5.14804         15.1746         1.24085 
        5.15418         15.1403         1.23708 
        5.16032         15.0983         1.23332 
        5.16645         15.0498         1.22958 
        5.17259         14.9989         1.22585 
        5.17872         14.9475         1.22214 
        5.18486         14.9099         1.21844 
          5.191         14.8503         1.21476 
        5.19713          14.815          1.2111 
        5.20327         14.7724         1.20745 
        5.20941         14.7269         1.20382 
        5.21555         14.6803          1.2002 
        5.22168         14.6327         1.19659 
        5.22781         14.5945         1.19301 
        5.23395         14.5421         1.18943 
        5.24009         14.4981         1.18587 
        5.24622          14.458         1.18233 
        5.25236          14.433          1.1788 
         5.2585         14.3688         1.17528 
        5.26463         14.3193         1.17178 
        5.27077         14.2978         1.16829 
         5.2769         14.2444         1.16482 
        5.28304         14.1916         1.16136 
        5.28917         14.1572         1.15792 
         5.2953         14.1146         1.15449 
        5.30144         14.0756         1.15107 
        5.30757         14.0413         1.14767 
        5.31371         13.9987         1.14428 
        5.31985         13.9566          1.1409 
        5.32599         13.9228         1.13754 
        5.33213         13.8853         1.13419 
        5.33826         13.8403         1.13086 
         5.3444         13.7891         1.12754 
        5.35053         13.7675         1.12423 
        5.35667         13.7143         1.12093 
        5.36281         13.6875         1.11765 
        5.36894         13.6398         1.11438 
        5.37507         13.6035         1.11113 
        5.38121         13.5625         1.10788 
        5.38735         13.5286         1.10465 
        5.39348         13.4935         1.10144 
        5.39961         13.4502         1.09824 
        5.40575         13.4033         1.09505 
        5.41189         13.3877         1.09187 
        5.41803         13.3518          1.0887 
        5.42416         13.3111         1.08555 
         5.4303         13.2692         1.08241 
        5.43644         13.2364         1.07928 
        5.44257          13.194         1.07616 
        5.44871         13.1595         1.07306 
        5.45484         13.1177         1.06997 
        5.46098         13.0896         1.06689 
        5.46712         13.0547         1.06382 
        5.47325         13.0115         1.06077 
        5.47938         12.9836         1.05773 
        5.48552         12.9435          1.0547 
        5.49165          12.912         1.05168 
        5.49779         12.8864         1.04867 
        5.50393         12.8437         1.04568 
        5.51006         12.8141         1.04269 
         5.5162         12.7655         1.03972 
        5.52234         12.7437         1.03676 
        5.52847         12.7079         1.03381 
        5.53461         12.6738         1.03087 
        5.54075         12.6368         1.02795 
        5.54688         12.6163         1.02503 
        5.55302         12.5715         1.02213 
        5.55915          12.549         1.01924 
        5.56529         12.5181         1.01636 
        5.57143         12.4807         1.01349 
        5.57756         12.4589         1.01063 
         5.5837         12.4238         1.00778 
        5.58983         12.3849         1.00495 
        5.59597         12.3515         1.00213 
         5.6021         12.3281        0.999311 
        5.60824         12.2986        0.996507 
        5.61438         12.2742        0.993715 
        5.62051         12.2413        0.990933 
        5.62665         12.2013        0.988162 
        5.63278         12.1794        0.985402 
        5.63892         12.1488        0.982653 
        5.64505         12.1167        0.979914 
        5.65119         12.0816        0.977186 
        5.65733         12.0621        0.974468 
        5.66346         12.0324        0.971761 
         5.6696         12.0072        0.969063 
        5.67573         11.9856        0.966376 
        5.68187         11.9471        0.963699 
          5.688         11.9222        0.961034 
        5.69414         11.8999        0.958377 
        5.70028         11.8725         0.95573 
        5.70642         11.8357        0.953092 
        5.71255         11.8175        0.950466 
        5.71869         11.7944        0.947851 
        5.72482         11.7576        0.945245 
        5.73096         11.7345        0.942649 
        5.73709         11.7151        0.940064 
        5.74322         11.7018        0.937488 
        5.74936         11.6616         0.93492 
         5.7555         11.6362        0.932361 
        5.76164          11.607        0.929813 
        5.76777          11.587        0.927277 
        5.77391         11.5612        0.924747 
        5.78005         11.5392        0.922226 
        5.78618         11.5236        0.919718 
        5.79231         11.4916         0.91722 
        5.79845         11.4677        0.914728 
        5.80459          11.441        0.912244 
        5.81073         11.4122        0.909773 
        5.81686         11.3861        0.907311 
          5.823         11.3643        0.904856 
        5.82914         11.3484        0.902411 
        5.83527         11.3284        0.899977 
         5.8414         11.3049        0.897552 
        5.84754         11.2889        0.895133 
        5.85368         11.2653        0.892724 
        5.85981         11.2385        0.890324 
        5.86595         11.2152        0.887935 
        5.87208         11.1947        0.885553 
        5.87822         11.1714        0.883181 
        5.88435         11.1534        0.880818 
        5.89049         11.1322        0.878462 
        5.89662         11.1053        0.876115 
        5.90276         11.0983        0.873776 
         5.9089         11.0778        0.871446 
        5.91503         11.0543        0.869126 
        5.92117         11.0269        0.866813 
        5.92731         11.0089        0.864509 
        5.93344         10.9941        0.862213 
        5.93958         10.9754        0.859927 
        5.94572         10.9553        0.857647 
        5.95186         10.9407        0.855376 
        5.95799         10.9147        0.853115 
        5.96412         10.9052        0.850862 
        5.97026         10.8901        0.848615 
         5.9764         10.8729        0.846379 
        5.98253          10.848        0.844152 
        5.98866         10.8356        0.841931 
         5.9948         10.8151        0.839716 
        6.00094         10.7951        0.837511 
        6.00707         10.7811        0.835314 
        6.01321          10.766        0.833125 
        6.01935         10.7531        0.830944 
        6.02548         10.7392         0.82877 
        6.03162         10.7253        0.826606 
        6.03775          10.703        0.824449 
        6.04389         10.6945        0.822299 
        6.05003         10.6852        0.820155 
        6.05617         10.6555         0.81802 
         6.0623         10.6497        0.815893 
        6.06844         10.6318        0.813774 
        6.07457         10.6175        0.811663 
         6.0807         10.6071         0.80956 
        6.08684         10.5917        0.807465 
        6.09298         10.5912        0.805375 
        6.09912         10.5634        0.803292 
        6.10525         10.5483        0.801219 
        6.11138          10.539        0.799152 
        6.11752         10.5283        0.797092 
        6.12366         10.5196         0.79504 
        6.12979         10.4982        0.792996 
        6.13593         10.4972        0.790959 
        6.14207         10.4812        0.788928 
         6.1482         10.4744        0.786904 
        6.15434         10.4584        0.784888 
        6.16047         10.4499         0.78288 
        6.16661         10.4384        0.780878 
        6.17274         10.4253        0.778883 
        6.17887         10.4168        0.776896 
        6.18501         10.4024        0.774915 
        6.19115         10.4005        0.772941 
        6.19729         10.3831        0.770973 
        6.20342         10.3747        0.769013 
        6.20956          10.365        0.767059 
         6.2157         10.3551        0.765112 
        6.22183         10.3517        0.763172 
        6.22797         10.3375         0.76124 
         6.2341         10.3385        0.759314 
        6.24024          10.331        0.757393 
        6.24638         10.3196        0.755479 
        6.25251          10.312        0.753574 
        6.25865         10.3057        0.751674 
        6.26478         10.3079         0.74978 
        6.27092         10.2915        0.747894 
        6.27705         10.2902        0.746015 
        6.28318         10.2762        0.744142 
