# k  (h/Mpc)    Pcb(k)  (Mpc/h)^3    Pcb_linear(k)  (Mpc/h)^3
     0.00783031         5561.96         5627.53 
       0.013688         6948.73         6924.09 
       0.019231         6989.79         6980.15 
      0.0249154         6344.69         6419.47 
      0.0312784         5502.48         5526.17 
      0.0375637         4697.71         4686.41 
      0.0433917         4044.04         4074.73 
      0.0492413         3632.97         3638.31 
      0.0555754         3269.83         3319.42 
      0.0619321         3100.12         3084.79 
       0.067871         2843.46         2880.33 
      0.0738098          2619.1         2654.31 
      0.0800417          2341.8         2387.85 
      0.0862327         2091.69         2113.14 
      0.0921407         1869.26         1869.35 
      0.0982031         1653.78         1660.44 
       0.104506         1523.03         1497.77 
       0.110769         1407.82         1386.76 
       0.116806         1322.29         1313.47 
       0.122832         1270.05          1255.8 
       0.129052         1192.05            1196 
       0.135211         1125.15         1126.33 
       0.141259         1059.76         1046.32 
       0.147318         982.818         960.126 
       0.153489         893.196         875.009 
       0.159709         828.995         800.216 
       0.165845         783.279         741.691 
       0.171974         733.272         698.436 
       0.178125         701.433         666.856 
       0.184229         676.523         641.989 
        0.19034         636.712         618.272 
       0.196428         622.048         592.061 
       0.202534         599.089         561.802 
       0.208729         563.583         528.032 
       0.214876         528.253          493.99 
       0.220989         506.068         462.391 
       0.227147         475.429         434.899 
        0.23329         454.434         412.589 
       0.239377         442.023         395.027 
       0.245482         415.063         380.597 
       0.251667         409.825         367.506 
       0.257832         396.121         354.441 
       0.263955         381.509         340.565 
       0.270079           366.6         325.664 
        0.27624         358.602         310.137 
       0.282372         343.224         294.997 
        0.28843         330.048         281.115 
       0.294538         315.132         268.719 
       0.300721         310.719         257.923 
        0.30691         296.424         248.621 
       0.313033         289.325         240.426 
       0.319153         277.784         232.702 
       0.325316         271.396         224.974 
        0.33145         262.079         217.116 
       0.337538         257.709         209.161 
       0.343633         248.682         201.217 
       0.349808         240.577         193.437 
       0.355968         235.975          186.18 
       0.362074         229.354         179.596 
       0.368217          223.01         173.611 
       0.374374         215.846         168.142 
       0.380519         211.842         163.061 
       0.386598         206.313         158.253 
       0.392688         203.199         153.523 
        0.39888         197.796         148.754 
       0.405048         193.091         144.051 
       0.411186         188.715         139.462 
       0.417313         184.383         135.054 
       0.423458         180.421         130.863 
       0.429607         176.054         126.923 
       0.435692         170.537          123.28 
       0.441815         169.213         119.835 
       0.447964         166.221         116.543 
       0.454126         159.025         113.367 
       0.460267         157.228         110.293 
       0.466387         154.805         107.295 
        0.47254         151.658         104.346 
       0.478662         150.059         101.496 
       0.484765         145.691         98.7563 
       0.490885         143.275         96.1216 
       0.497035         141.399         93.5917 
       0.503198          137.51         91.1776 
       0.509342         135.105         88.8806 
       0.515458          133.15         86.6834 
       0.521598         131.253         84.5495 
       0.527764         129.221         82.4694 
       0.533884         127.121         80.4641 
           0.54         124.824         78.5176 
       0.546137           123.7         76.6206 
       0.552299         121.676         74.7751 
       0.558452         119.045         72.9958 
       0.564573         116.928         71.2912 
       0.570708         115.327         69.6469 
       0.576825         113.697         68.0663 
       0.582926         111.536         66.5417 
       0.589034         109.633         65.0611 
       0.595184         108.335          63.613 
       0.601379         107.061         62.1966 
       0.607522         104.493         60.8332 
       0.613639         104.229         59.5157 
       0.619772         101.856         58.2342 
       0.625918          100.83         56.9886 
       0.632068          99.648         55.7796 
       0.638161         98.4537         54.6173 
         0.6443         97.1047         53.4809 
       0.650464         95.8911         52.3739 
       0.656582         94.6429         51.3072 
       0.662703         92.9032         50.2706 
       0.668861         91.8656         49.2572 
       0.675024          90.791         48.2711 
       0.681124         89.6874         47.3218 
       0.687237         88.0938         46.3959 
       0.693381         87.1707         45.4903 
       0.699536         86.0627         44.6073 
       0.705665         86.4062         43.7516 
       0.711789         84.0298         42.9193 
       0.717957         83.5139         42.1032 
        0.72409         82.3265         41.3133 
       0.730186         80.9527         40.5488 
       0.736317         80.7653         39.7999 
       0.742472          79.761         39.0674 
       0.748622         78.9943         38.3542 
        0.75476         78.1198         37.6606 
       0.760888         77.0051         36.9854 
       0.767043         76.2711         36.3242 
       0.773185         75.3659         35.6806 
       0.779291         74.8217         35.0564 
       0.785407         74.1522         34.4464 
       0.791564         73.1984         33.8471 
       0.797719          72.109         33.2625 
       0.803834         71.8478         32.6956 
       0.809972         70.6049         32.1399 
       0.816124         70.0688          31.596 
       0.822261         69.5351         31.0663 
       0.828378         68.9673         30.5504 
       0.834502         68.2235         30.0459 
       0.840667         67.6024         29.5497 
       0.846816         66.7301         29.0661 
       0.852925         66.1694         28.5965 
       0.859047         65.3042         28.1364 
       0.865192         64.9764          27.685 
       0.871341         64.6039         27.2432 
       0.877463         63.4453         26.8132 
       0.883569         63.0557         26.3936 
       0.889708         62.7078          25.981 
       0.895864          62.126         25.5761 
       0.902008         61.5558         25.1808 
       0.908149         61.1075         24.7942 
       0.914301         60.5784         24.4151 
       0.920448         60.0064         24.0443 
       0.926574         59.4723         23.6826 
       0.932687         59.0997         23.3292 
       0.938823         58.1845         22.9818 
       0.944975         58.0153         22.6407 
       0.951105         57.4443         22.3078 
       0.957225         56.7266         21.9822 
       0.963368         56.6658          21.662 
       0.969511         56.2161         21.3483 
       0.975621         55.7743         21.0425 
       0.981748         55.1464         20.7419 
       0.987916         54.8091         20.4454 
        0.99406         54.4743         20.1558 
        1.00019         53.8047         19.8724 
        1.00632         53.5783         19.5948 
        1.01246         53.1161         19.3221 
        1.01859          52.429         19.0551 
        1.02471         52.5488         18.7935 
        1.03085         51.9596         18.5359 
        1.03698          51.458         18.2838 
        1.04314         50.9852         18.0353 
        1.04929         50.7383          17.792 
        1.05541         50.1947         17.5542 
        1.06154         50.1409         17.3202 
        1.06769         49.6539         17.0901 
        1.07382         49.3705         16.8651 
        1.07993         49.1506         16.6445 
        1.08607         48.6047         16.4271 
        1.09222         48.4136         16.2133 
        1.09836         48.0287         16.0036 
        1.10449         47.6645         15.7979 
        1.11063         47.1461         15.5955 
        1.11677         46.9069         15.3968 
         1.1229         46.7127          15.202 
        1.12903         46.0469         15.0104 
        1.13518         46.1286         14.8219 
        1.14131         45.8976         14.6368 
        1.14745         45.2745         14.4549 
        1.15359         45.2295         14.2762 
        1.15973         44.7042         14.1004 
        1.16584         44.4248         13.9284 
        1.17197         44.2725          13.759 
        1.17811         43.9534         13.5919 
        1.18424         43.5047         13.4281 
        1.19038         43.4321         13.2666 
        1.19652          43.212         13.1077 
        1.20267         42.8787         12.9515 
        1.20881         42.5589         12.7979 
        1.21495         42.2415          12.647 
        1.22108         42.0072         12.4986 
         1.2272         41.5663         12.3529 
        1.23334         41.4527         12.2092 
        1.23949         41.3451         12.0675 
        1.24562         41.0075         11.9285 
        1.25174         40.8285         11.7918 
        1.25789         40.5495         11.6569 
        1.26402         40.2469         11.5243 
        1.27014         39.8961         11.3942 
        1.27628         39.7701         11.2657 
        1.28244         39.4807         11.1389 
        1.28858         39.3466         11.0142 
        1.29471         39.1753         10.8918 
        1.30084          38.933         10.7713 
        1.30697         38.6121         10.6525 
        1.31312          38.293         10.5353 
        1.31925         38.2209         10.4203 
        1.32537         38.0194         10.3071 
        1.33151         37.7262         10.1952 
        1.33765         37.6782          10.085 
        1.34378         37.4259         9.97665 
        1.34992         36.9907         9.86984 
        1.35606         36.8306         9.76436 
         1.3622         36.6408         9.66062 
        1.36833         36.4491         9.55864 
        1.37445         36.4259         9.45818 
        1.38059         36.1749         9.35887 
        1.38675         35.8466         9.26075 
        1.39288         35.7679         9.16443 
        1.39901         35.4478         9.06954 
        1.40515         35.3131         8.97578 
         1.4113         35.1989         8.88338 
        1.41742         34.8445         8.79265 
        1.42355         34.7664         8.70301 
         1.4297         34.5332         8.61437 
        1.43585         34.4817         8.52699 
        1.44198         34.1737         8.44117 
        1.44809         34.0255          8.3567 
        1.45423         33.9003         8.27307 
        1.46036         33.7685         8.19075 
        1.46649         33.5076         8.10952 
        1.47263         33.3485         8.02933 
        1.47877         33.2437         7.95026 
        1.48491         33.0666         7.87214 
        1.49104         32.8946         7.79524 
        1.49718         32.5816         7.71931 
        1.50333         32.5469         7.64427 
        1.50947         32.3898         7.57039 
         1.5156         32.1786         7.49759 
        1.52172         31.9723         7.42575 
        1.52787         31.9844         7.35471 
          1.534         31.6988         7.28469 
        1.54013         31.4957         7.21566 
        1.54627          31.444          7.1474 
        1.55241         31.2311         7.08001 
        1.55855         31.0645         7.01359 
        1.56467         30.8689         6.94821 
         1.5708         30.8416         6.88347 
        1.57695          30.525         6.81947 
        1.58308         30.5704         6.75644 
        1.58922          30.381         6.69416 
        1.59535         30.1728         6.63269 
         1.6015          30.019         6.57191 
        1.60764         29.9433         6.51192 
        1.61376         29.7368         6.45285 
        1.61989          29.513         6.39447 
        1.62604         29.5044         6.33668 
        1.63218         29.2971         6.27965 
        1.63831         29.2057         6.22345 
        1.64444          29.067         6.16792 
        1.65059         28.8509         6.11294 
        1.65673         28.7327         6.05869 
        1.66285         28.6324         6.00525 
        1.66898         28.4811         5.95244 
        1.67512         28.4008         5.90016 
        1.68127         28.1753         5.84847 
         1.6874         28.0918         5.79751 
        1.69353          27.981         5.74719 
        1.69967         27.8088         5.69735 
        1.70581         27.7096         5.64812 
        1.71193         27.5828         5.59967 
        1.71806         27.4317         5.55167 
        1.72421         27.2744         5.50415 
        1.73035         27.1736         5.45724 
        1.73649         27.0822         5.41088 
        1.74262         26.9256          5.3651 
        1.74876         26.8931         5.31983 
        1.75489         26.6934         5.27517 
        1.76101         26.5827         5.23103 
        1.76715          26.472         5.18735 
        1.77329         26.3926         5.14411 
        1.77943         26.2375         5.10134 
        1.78557         26.1226         5.05913 
        1.79171         26.0225         5.01739 
        1.79785         25.8764         4.97611 
        1.80399         25.7575         4.93531 
        1.81012         25.7145         4.89502 
        1.81625         25.5709          4.8552 
        1.82239         25.5262         4.81576 
        1.82853         25.2907         4.77679 
        1.83466         25.1803         4.73828 
        1.84078         25.0226         4.70024 
        1.84692         25.0056         4.66256 
        1.85306         24.8669         4.62524 
         1.8592         24.7454          4.5884 
        1.86533         24.6263         4.55197 
        1.87147         24.5323          4.5159 
        1.87761         24.5129         4.48021 
        1.88375         24.3747         4.44494 
        1.88988         24.2897          4.4101 
        1.89601         24.1022          4.3756 
        1.90215         24.0576         4.34145 
        1.90829         23.9928         4.30769 
        1.91442         23.8292         4.27427 
        1.92056         23.7628         4.24124 
         1.9267         23.6301         4.20853 
        1.93284         23.5132         4.17614 
        1.93897         23.4584         4.14416 
        1.94509         23.3525         4.11258 
        1.95123          23.211         4.08125 
        1.95737         23.1431         4.05022 
        1.96349         23.0407          4.0196 
        1.96964         22.9196         3.98921 
        1.97578         22.8855         3.95911 
        1.98192         22.7153         3.92939 
        1.98805         22.6813         3.89997 
        1.99419         22.5602         3.87086 
        2.00033         22.4114         3.84202 
        2.00647         22.3455         3.81349 
         2.0126         22.2339          3.7853 
        2.01874         22.1742         3.75735 
        2.02488         22.1581         3.72966 
        2.03101           22.01          3.7023 
        2.03714         21.9054         3.67524 
        2.04328         21.8004         3.64842 
        2.04941          21.728         3.62189 
        2.05554          21.666         3.59565 
        2.06167         21.5771         3.56962 
        2.06781         21.4881         3.54386 
        2.07396         21.4032         3.51831 
        2.08009         21.3416         3.49306 
        2.08622         21.2093         3.46809 
        2.09237         21.1359         3.44331 
        2.09851         21.0438         3.41877 
        2.10464         20.9889         3.39451 
        2.11077         20.8293         3.37051 
        2.11691         20.8192          3.3467 
        2.12305         20.7058         3.32311 
        2.12918         20.6519         3.29981 
        2.13531         20.5551         3.27673 
        2.14145         20.4816         3.25381 
         2.1476         20.3725         3.23109 
        2.15372         20.3058          3.2087 
        2.15985         20.1894          3.1865 
        2.16599         20.1453         3.16445 
        2.17213         20.0862         3.14263 
        2.17827         19.9586         3.12102 
         2.1844         19.8672         3.09963 
        2.19054         19.8068         3.07843 
        2.19666         19.7595         3.05747 
         2.2028         19.7018         3.03668 
        2.20893         19.5723         3.01608 
        2.21508         19.5011         2.99564 
        2.22122          19.384         2.97538 
        2.22736         19.3669         2.95536 
        2.23349         19.2676         2.93553 
        2.23962         19.1859         2.91586 
        2.24577         19.0863         2.89636 
         2.2519         19.0556         2.87707 
        2.25802         18.9948         2.85798 
        2.26417         18.9182         2.83902 
        2.27031         18.8339         2.82021 
        2.27644         18.7738         2.80162 
        2.28257         18.6802         2.78321 
        2.28872          18.584         2.76492 
        2.29486         18.5311          2.7468 
        2.30099         18.4464         2.72889 
        2.30712         18.4405         2.71112 
        2.31326         18.3383         2.69348 
         2.3194         18.2586         2.67601 
        2.32553         18.1794         2.65873 
        2.33166         18.0863         2.64161 
         2.3378         18.0186         2.62461 
        2.34394          17.975         2.60776 
        2.35007         17.8943         2.59108 
        2.35619          17.785         2.57456 
        2.36233         17.7606         2.55815 
        2.36848         17.6835         2.54185 
        2.37462         17.6465         2.52573 
        2.38075         17.5601         2.50976 
        2.38689         17.5278         2.49392 
        2.39303         17.4147         2.47821 
        2.39916         17.3626         2.46266 
        2.40529         17.2865         2.44724 
        2.41143          17.242         2.43195 
        2.41757         17.1727         2.41677 
         2.4237         17.0945         2.40176 
        2.42983         17.0418         2.38687 
        2.43598         16.9775         2.37207 
        2.44211          16.898         2.35742 
        2.44823         16.8229         2.34293 
        2.45437         16.7895         2.32852 
        2.46052         16.7251         2.31422 
        2.46665          16.675         2.30006 
        2.47279         16.5888         2.28603 
        2.47892         16.5527          2.2721 
        2.48507         16.4842         2.25828 
         2.4912         16.4192          2.2446 
        2.49733         16.3486         2.23104 
        2.50347          16.309         2.21757 
        2.50961         16.2386         2.20421 
        2.51575         16.1688         2.19097 
        2.52188         16.0996         2.17785 
        2.52802          16.059         2.16482 
        2.53416         15.9909          2.1519 
        2.54029         15.9225         2.13911 
        2.54641         15.8804         2.12642 
        2.55255         15.8054         2.11383 
        2.55869         15.7427         2.10132 
        2.56483         15.7136         2.08892 
        2.57096         15.6263         2.07664 
        2.57709         15.6027         2.06446 
        2.58323         15.5358         2.05236 
        2.58937         15.4665         2.04035 
        2.59551         15.3951         2.02845 
        2.60164         15.3704         2.01666 
        2.60778         15.3206         2.00494 
        2.61392         15.2668         1.99332 
        2.62006         15.1778         1.98179 
        2.62619         15.1494         1.97037 
        2.63232         15.0626         1.95904 
        2.63846         15.0422         1.94779 
        2.64459         14.9554         1.93663 
        2.65072         14.9118         1.92557 
        2.65686         14.8412         1.91459 
          2.663         14.8036         1.90367 
        2.66915         14.7584         1.89285 
        2.67527         14.7306         1.88213 
        2.68141         14.6404         1.87149 
        2.68755         14.6067         1.86092 
        2.69368         14.5426         1.85044 
        2.69981         14.4933         1.84006 
        2.70595         14.4544         1.82973 
        2.71209          14.394         1.81948 
        2.71823         14.3242         1.80932 
        2.72436         14.2779         1.79925 
         2.7305         14.2279         1.78924 
        2.73663         14.2072         1.77931 
        2.74276         14.1585         1.76947 
         2.7489         14.1152          1.7597 
        2.75504         14.0532         1.74998 
        2.76118          13.996         1.74034 
        2.76732         13.9384         1.73079 
        2.77345         13.9011         1.72131 
        2.77959         13.8342         1.71189 
        2.78572         13.7925         1.70256 
        2.79186         13.7421         1.69329 
        2.79798         13.6824          1.6841 
        2.80412          13.623         1.67496 
        2.81027         13.5865         1.66589 
         2.8164         13.5496         1.65689 
        2.82253          13.492         1.64797 
        2.82867         13.4579          1.6391 
        2.83481         13.4107          1.6303 
        2.84095         13.3651         1.62157 
        2.84708         13.3316         1.61291 
        2.85322         13.2628          1.6043 
        2.85935          13.215         1.59576 
        2.86549         13.1611         1.58728 
        2.87162         13.1358         1.57887 
        2.87776         13.0827         1.57052 
        2.88389         13.0385         1.56222 
        2.89003         12.9855         1.55399 
        2.89617         12.9671         1.54581 
        2.90231         12.8951         1.53769 
        2.90844         12.8743         1.52964 
        2.91458         12.8303         1.52164 
        2.92071         12.7785         1.51371 
        2.92684         12.7422         1.50583 
        2.93298          12.693           1.498 
         2.9391          12.664         1.49025 
        2.94524         12.5992         1.48253 
        2.95138         12.5719         1.47487 
        2.95752         12.5204         1.46726 
        2.96367         12.4904          1.4597 
         2.9698         12.4502          1.4522 
        2.97594         12.3975         1.44475 
        2.98207         12.3402         1.43736 
        2.98821         12.3058         1.43002 
        2.99434         12.2611         1.42274 
        3.00048         12.2175          1.4155 
        3.00662         12.1902         1.40831 
        3.01275         12.1396         1.40118 
        3.01888         12.0987          1.3941 
        3.02503         12.0537         1.38705 
        3.03117         12.0278         1.38006 
        3.03729         11.9884         1.37313 
        3.04342         11.9269         1.36624 
        3.04957          11.886         1.35939 
         3.0557          11.857         1.35259 
        3.06183         11.8209         1.34585 
        3.06796         11.7704         1.33915 
        3.07411         11.7337         1.33248 
        3.08025         11.6974         1.32587 
        3.08637         11.6489         1.31931 
         3.0925         11.6199         1.31279 
        3.09865         11.5851          1.3063 
         3.1048         11.5302         1.29986 
        3.11093         11.5105         1.29347 
        3.11706         11.4718         1.28713 
         3.1232         11.4308         1.28082 
        3.12933         11.3975         1.27456 
        3.13547         11.3632         1.26834 
        3.14159         11.3157         1.26217 
        3.14773         11.2594         1.25603 
        3.15388         11.2616         1.24993 
        3.16001         11.2171         1.24388 
        3.16614          11.179         1.23787 
        3.17228         11.1444         1.23189 
        3.17842         11.1003         1.22596 
        3.18455         11.0792         1.22006 
        3.19068         11.0316         1.21421 
        3.19682          10.988         1.20839 
        3.20297         10.9568         1.20261 
         3.2091          10.912         1.19686 
        3.21524         10.8777         1.19116 
        3.22138         10.8547         1.18549 
         3.2275          10.824         1.17987 
        3.23363         10.7705         1.17429 
        3.23977         10.7587         1.16873 
        3.24591         10.7198         1.16321 
        3.25205         10.6776         1.15772 
        3.25818         10.6402         1.15228 
        3.26432         10.6065         1.14686 
        3.27046          10.582         1.14149 
         3.2766          10.541         1.13614 
        3.28273         10.5245         1.13084 
        3.28887         10.4659         1.12556 
          3.295         10.4424         1.12032 
        3.30113         10.3959         1.11512 
        3.30727          10.373         1.10994 
        3.31341          10.342         1.10481 
        3.31954         10.3121          1.0997 
        3.32568         10.2851         1.09462 
        3.33182          10.246         1.08958 
        3.33795         10.2231         1.08457 
        3.34409         10.1714         1.07959 
        3.35022         10.1442         1.07464 
        3.35636         10.1179         1.06973 
         3.3625         10.0912         1.06484 
        3.36864         10.0549         1.05998 
        3.37477         10.0193         1.05516 
        3.38091          9.9797         1.05037 
        3.38704         9.94774         1.04561 
        3.39318         9.94006         1.04087 
        3.39931         9.88421         1.03616 
        3.40545         9.85701         1.03149 
        3.41158         9.82882         1.02684 
        3.41772         9.79657         1.02223 
        3.42385         9.76383         1.01764 
        3.42998         9.72822         1.01308 
        3.43612          9.7094         1.00855 
        3.44226         9.68559         1.00404 
         3.4484         9.65338        0.999557 
        3.45453         9.62013        0.995111 
        3.46066          9.5865        0.990692 
        3.46681         9.56232        0.986289 
        3.47295          9.5337        0.981915 
        3.47908         9.50275         0.97758 
        3.48521         9.45814        0.973267 
        3.49135         9.44099        0.968974 
        3.49749         9.41568         0.96471 
        3.50362         9.39665        0.960473 
        3.50976         9.35173        0.956262 
        3.51589         9.31659        0.952075 
        3.52203         9.29274        0.947914 
        3.52816         9.27198        0.943783 
        3.53429         9.24231        0.939673 
        3.54043         9.21032        0.935581 
        3.54657         9.18974        0.931516 
        3.55271         9.15637        0.927479 
        3.55884         9.13234        0.923469 
        3.56498          9.0984        0.919476 
        3.57112         9.07058        0.915506 
        3.57725         9.04226        0.911565 
        3.58338         9.01359         0.90765 
        3.58952         8.99156        0.903752 
        3.59566         8.96804        0.899875 
         3.6018         8.92996        0.896024 
        3.60793         8.90996        0.892198 
        3.61407         8.87869        0.888395 
        3.62021         8.85449         0.88461 
        3.62634         8.81113         0.88085 
        3.63247         8.80533        0.877114 
        3.63861         8.77185        0.873398 
        3.64475         8.75105        0.869697 
        3.65089         8.72215        0.866024 
        3.65702         8.69127        0.862376 
        3.66316         8.65667        0.858743 
        3.66929         8.64978        0.855134 
        3.67543         8.61739        0.851546 
        3.68156         8.58574        0.847979 
        3.68769          8.5657        0.844432 
        3.69383         8.54896        0.840903 
        3.69997         8.50571        0.837395 
        3.70611         8.49111        0.833909 
        3.71224         8.46826        0.830441 
        3.71838         8.43349        0.826993 
        3.72451         8.41299        0.823567 
        3.73065         8.39296        0.820162 
        3.73678         8.35851        0.816774 
        3.74292          8.3323        0.813402 
        3.74906         8.30917        0.810051 
        3.75519         8.28876         0.80672 
        3.76133         8.25802        0.803408 
        3.76746         8.24476        0.800116 
         3.7736         8.21861        0.796842 
        3.77974         8.18869        0.793584 
        3.78588         8.17512        0.790343 
        3.79201         8.13597        0.787124 
        3.79814         8.11421        0.783924 
        3.80428         8.09091        0.780739 
        3.81042         8.07392        0.777571 
        3.81655          8.0416        0.774422 
        3.82268         8.03106        0.771294 
        3.82882         8.00394        0.768181 
        3.83496         7.98284        0.765082 
        3.84109         7.95673        0.762002 
        3.84723         7.92773         0.75894 
        3.85337         7.90046        0.755892 
        3.85951         7.88016        0.752859 
        3.86565         7.85948        0.749848 
        3.87178         7.84108        0.746855 
        3.87791         7.81546        0.743877 
        3.88405         7.79612        0.740913 
        3.89019          7.7632        0.737966 
        3.89632         7.74643        0.735037 
        3.90246         7.73112        0.732121 
         3.9086         7.70164        0.729221 
        3.91473         7.67322         0.72634 
        3.92086         7.65676        0.723477 
        3.92699         7.63276        0.720626 
        3.93313         7.60849        0.717787 
        3.93927         7.59509        0.714967 
         3.9454         7.56219        0.712162 
        3.95154         7.54348         0.70937 
        3.95768         7.52298        0.706594 
        3.96382         7.50853        0.703833 
        3.96995         7.48231        0.701087 
        3.97609         7.46526        0.698356 
        3.98222         7.43801        0.695642 
        3.98836          7.4154         0.69294 
         3.9945         7.39897        0.690252 
        4.00063         7.37405        0.687581 
        4.00677         7.35999         0.68492 
        4.01291         7.33407        0.682274 
        4.01904         7.30863        0.679647 
        4.02517         7.28685        0.677033 
        4.03131         7.27748        0.674428 
        4.03745          7.2487        0.671837 
        4.04358         7.22652        0.669263 
        4.04972         7.20648        0.666703 
        4.05585         7.18604        0.664154 
        4.06199         7.16939        0.661619 
        4.06812         7.14353        0.659098 
        4.07426         7.12872         0.65659 
         4.0804         7.10702        0.654094 
        4.08654         7.09089         0.65161 
        4.09267         7.07285        0.649143 
         4.0988         7.04993         0.64669 
        4.10494          7.0231        0.644247 
        4.11108         7.00857        0.641814 
        4.11721         6.98135        0.639397 
        4.12334         6.96624        0.636993 
        4.12948          6.9483        0.634601 
        4.13561         6.92378        0.632219 
        4.14176         6.90818        0.629849 
        4.14789         6.88538        0.627491 
        4.15403           6.866        0.625148 
        4.16016         6.84601        0.622816 
         4.1663         6.82895        0.620496 
        4.17243         6.80179        0.618189 
        4.17857         6.79103        0.615892 
        4.18471         6.77306        0.613607 
        4.19084         6.75793        0.611334 
        4.19698         6.73769        0.609073 
        4.20312         6.71993        0.606821 
        4.20925         6.70241        0.604583 
        4.21538         6.67462        0.602358 
        4.22152         6.66274        0.600141 
        4.22766         6.64842        0.597935 
         4.2338         6.62499        0.595742 
        4.23993         6.60063         0.59356 
        4.24607         6.58343        0.591388 
         4.2522         6.57186        0.589227 
        4.25834         6.54882        0.587077 
        4.26447         6.53245        0.584939 
        4.27061         6.51521        0.582812 
        4.27674           6.498        0.580694 
        4.28288         6.47164        0.578585 
        4.28902         6.46205        0.576489 
        4.29515         6.43967        0.574404 
        4.30129         6.41968        0.572327 
        4.30743         6.41225         0.57026 
        4.31356         6.38521        0.568205 
        4.31969           6.371        0.566162 
        4.32583         6.34862        0.564128 
        4.33197         6.33505          0.5621 
         4.3381         6.31839        0.560085 
        4.34424         6.30356        0.558081 
        4.35038         6.29018        0.556083 
        4.35652         6.25977        0.554097 
        4.36265         6.24889        0.552123 
        4.36878         6.24018        0.550158 
        4.37492          6.2119          0.5482 
        4.38106         6.20326        0.546252 
        4.38719         6.18236        0.544316 
        4.39333         6.16941        0.542389 
        4.39946         6.15436        0.540471 
         4.4056         6.13453        0.538562 
        4.41173         6.12178        0.536662 
        4.41786         6.10014        0.534773 
          4.424         6.08389        0.532892 
        4.43014         6.06931        0.531017 
        4.43628         6.05751        0.529152 
        4.44241         6.03572        0.527299 
        4.44855         6.01987        0.525453 
        4.45469         6.00637        0.523614 
        4.46083         5.98754        0.521788 
        4.46696          5.9695         0.51997 
        4.47309         5.95778        0.518159 
        4.47923         5.94285        0.516357 
        4.48537         5.91748        0.514565 
         4.4915         5.90504         0.51278 
        4.49764         5.88855        0.511004 
        4.50378         5.87512        0.509235 
        4.50991         5.86012        0.507478 
        4.51604         5.84592        0.505729 
        4.52218         5.82659        0.503984 
        4.52832         5.81307         0.50225 
        4.53445         5.79999        0.500525 
        4.54059         5.78305        0.498807 
        4.54673         5.76469        0.497097 
        4.55286         5.75555        0.495395 
          4.559         5.73504        0.493701 
        4.56513         5.72752        0.492017 
        4.57127         5.70898        0.490339 
        4.57741         5.69001        0.488668 
        4.58354         5.67712        0.487006 
        4.58968         5.66278        0.485352 
        4.59582         5.64901        0.483705 
        4.60195         5.63343        0.482066 
        4.60809         5.62401        0.480436 
        4.61422         5.60531        0.478812 
        4.62036         5.58749        0.477197 
        4.62649         5.57412        0.475588 
        4.63263         5.55849        0.473987 
        4.63876         5.54175        0.472393 
         4.6449         5.53338        0.470806 
        4.65104         5.51316        0.469227 
        4.65717         5.50109        0.467656 
        4.66331         5.48779        0.466092 
        4.66944         5.47317        0.464534 
        4.67558         5.45664        0.462985 
        4.68171         5.44927        0.461442 
        4.68785         5.43451        0.459904 
        4.69399          5.4234        0.458375 
        4.70012          5.4025        0.456855 
        4.70625         5.38853        0.455341 
        4.71239         5.37713        0.453832 
        4.71853         5.36343         0.45233 
        4.72467         5.35008        0.450835 
         4.7308         5.33257        0.449348 
        4.73694         5.32083        0.447867 
        4.74308         5.31205        0.446392 
        4.74922         5.29985        0.444924 
        4.75535         5.28724        0.443464 
        4.76148         5.27013        0.442011 
        4.76762         5.25298        0.440561 
        4.77376           5.244         0.43912 
        4.77989         5.23215        0.437686 
        4.78602         5.21387        0.436258 
        4.79216         5.20282        0.434835 
         4.7983          5.1922         0.43342 
        4.80443         5.17679        0.432012 
        4.81056         5.16218        0.430609 
         4.8167         5.15438        0.429211 
        4.82284         5.13628         0.42782 
        4.82898         5.12804        0.426436 
        4.83511          5.1156        0.425058 
        4.84125         5.10152        0.423685 
        4.84739         5.08902        0.422319 
        4.85352         5.08009         0.42096 
        4.85965         5.06808        0.419606 
        4.86579         5.04897        0.418258 
        4.87193         5.03819        0.416915 
        4.87807          5.0251        0.415579 
         4.8842         5.01559        0.414249 
        4.89034         4.99962        0.412924 
        4.89647         4.99016        0.411606 
        4.90261         4.97968        0.410293 
        4.90874         4.96589        0.408987 
        4.91488         4.95222        0.407685 
        4.92102         4.94555        0.406389 
        4.92715         4.93134        0.405099 
        4.93329          4.9188        0.403815 
        4.93942         4.90766        0.402536 
        4.94556         4.89607        0.401262 
         4.9517         4.88307        0.399994 
        4.95783         4.87374        0.398732 
        4.96397         4.85684        0.397475 
        4.97011         4.85063        0.396224 
        4.97624         4.83249        0.394978 
        4.98238          4.8299        0.393738 
        4.98851         4.81322        0.392503 
        4.99465          4.8042        0.391273 
        5.00078         4.79229        0.390049 
        5.00691         4.77839        0.388831 
        5.01305         4.76904        0.387617 
        5.01919         4.75895        0.386407 
        5.02533         4.74722        0.385203 
        5.03146          4.7388        0.384005 
         5.0376         4.72536        0.382812 
        5.04374         4.71104        0.381623 
        5.04987         4.70787         0.38044 
        5.05601         4.69334        0.379262 
        5.06215         4.68184        0.378088 
        5.06829         4.66918        0.376919 
        5.07442         4.66191        0.375757 
        5.08055         4.65608          0.3746 
        5.08668         4.63645        0.373446 
        5.09282         4.62986        0.372297 
        5.09896         4.62588        0.371154 
        5.10509          4.6112        0.370016 
        5.11123         4.59649        0.368882 
        5.11736         4.58793        0.367752 
         5.1235         4.57887        0.366628 
        5.12964          4.5707        0.365508 
        5.13577         4.55651        0.364392 
        5.14191         4.54906        0.363282 
        5.14804         4.53993        0.362177 
        5.15418         4.52698        0.361076 
        5.16032         4.51833        0.359979 
        5.16645         4.50605        0.358887 
        5.17259          4.4941          0.3578 
        5.17872          4.4911        0.356717 
        5.18486         4.48026        0.355638 
          5.191         4.46973        0.354564 
        5.19713         4.46161        0.353495 
        5.20327         4.44898         0.35243 
        5.20941         4.44438        0.351369 
        5.21555         4.43204        0.350312 
        5.22168         4.42266        0.349261 
        5.22781         4.41309        0.348214 
        5.23395         4.39921        0.347171 
        5.24009         4.39342        0.346131 
        5.24622         4.38353        0.345096 
        5.25236         4.37289        0.344067 
         5.2585         4.36918         0.34304 
        5.26463         4.35712        0.342017 
        5.27077         4.35224           0.341 
         5.2769         4.33909        0.339986 
        5.28304         4.33034        0.338977 
        5.28917         4.32159        0.337972 
         5.2953         4.31434        0.336971 
        5.30144         4.30445        0.335974 
        5.30757         4.29694        0.334981 
        5.31371         4.28705        0.333991 
        5.31985          4.2764        0.333005 
        5.32599          4.2685        0.332024 
        5.33213         4.26324        0.331046 
        5.33826          4.2528        0.330073 
         5.3444         4.24246        0.329104 
        5.35053         4.23578        0.328138 
        5.35667         4.22907        0.327176 
        5.36281         4.21781        0.326218 
        5.36894         4.20751        0.325264 
        5.37507         4.20301        0.324315 
        5.38121         4.19252        0.323368 
        5.38735         4.18978        0.322425 
        5.39348         4.18043        0.321487 
        5.39961         4.17091        0.320552 
        5.40575         4.16144        0.319621 
        5.41189         4.15366        0.318692 
        5.41803         4.14661        0.317768 
        5.42416         4.14292        0.316848 
         5.4303         4.13104        0.315931 
        5.43644         4.12341        0.315018 
        5.44257         4.11486        0.314109 
        5.44871         4.11103        0.313203 
        5.45484         4.10348        0.312301 
        5.46098         4.09415        0.311402 
        5.46712         4.08272        0.310507 
        5.47325         4.07935        0.309615 
        5.47938         4.07076        0.308728 
        5.48552         4.06562        0.307844 
        5.49165         4.06039        0.306963 
        5.49779         4.04988        0.306085 
        5.50393          4.0406        0.305211 
        5.51006         4.03579        0.304339 
         5.5162         4.03157        0.303472 
        5.52234         4.02014        0.302608 
        5.52847         4.01509        0.301747 
        5.53461         4.00988         0.30089 
        5.54075         3.99814        0.300036 
        5.54688         3.99429        0.299186 
        5.55302           3.988        0.298338 
        5.55915         3.98067        0.297494 
        5.56529         3.97666        0.296654 
        5.57143         3.96413        0.295816 
        5.57756         3.96341        0.294982 
         5.5837         3.95512        0.294151 
        5.58983         3.95069        0.293324 
        5.59597         3.94216        0.292499 
         5.6021          3.9341        0.291678 
        5.60824         3.93018        0.290859 
        5.61438         3.92425        0.290044 
        5.62051         3.91486        0.289232 
        5.62665         3.91472        0.288424 
        5.63278         3.90468        0.287618 
        5.63892         3.90001        0.286816 
        5.64505         3.89546        0.286016 
        5.65119         3.88821         0.28522 
        5.65733         3.88314        0.284426 
        5.66346         3.87819        0.283636 
         5.6696         3.87196        0.282849 
        5.67573         3.86581        0.282065 
        5.68187         3.85932        0.281283 
          5.688         3.85355        0.280505 
        5.69414         3.85036         0.27973 
        5.70028         3.84071        0.278957 
        5.70642         3.84043        0.278187 
        5.71255         3.83128        0.277421 
        5.71869         3.82893        0.276658 
        5.72482         3.82024        0.275897 
        5.73096         3.81956        0.275139 
        5.73709         3.81241        0.274385 
        5.74322         3.80585        0.273633 
        5.74936         3.80281        0.272883 
         5.7555         3.79512        0.272136 
        5.76164         3.79247        0.271393 
        5.76777         3.78874        0.270652 
        5.77391         3.78179        0.269914 
        5.78005         3.77837        0.269178 
        5.78618         3.77289        0.268446 
        5.79231         3.77054        0.267717 
        5.79845         3.76413         0.26699 
        5.80459         3.76062        0.266265 
        5.81073         3.75921        0.265543 
        5.81686         3.75296        0.264825 
          5.823         3.75144        0.264108 
        5.82914         3.74107        0.263395 
        5.83527         3.73895        0.262684 
         5.8414         3.73395        0.261976 
        5.84754         3.73125         0.26127 
        5.85368         3.72461        0.260567 
        5.85981         3.72265        0.259867 
        5.86595         3.71905        0.259169 
        5.87208         3.71701        0.258474 
        5.87822         3.71249        0.257782 
        5.88435         3.70919        0.257092 
        5.89049         3.70017        0.256404 
        5.89662          3.7005        0.255719 
        5.90276          3.6981        0.255037 
         5.9089         3.69247        0.254357 
        5.91503         3.69038         0.25368 
        5.92117         3.68609        0.253004 
        5.92731         3.68296        0.252332 
        5.93344         3.67927        0.251662 
        5.93958         3.67678        0.250994 
        5.94572         3.67076        0.250329 
        5.95186         3.66964        0.249666 
        5.95799         3.66858        0.249006 
        5.96412         3.66187        0.248349 
        5.97026         3.66509        0.247693 
         5.9764         3.66035         0.24704 
        5.98253         3.65772         0.24639 
        5.98866         3.65223        0.245742 
         5.9948         3.64951        0.245095 
        6.00094          3.6493        0.244452 
        6.00707         3.64436        0.243811 
        6.01321         3.64103        0.243171 
        6.01935         3.64007        0.242535 
        6.02548         3.64059          0.2419 
        6.03162         3.63343        0.241269 
        6.03775         3.63232        0.240639 
        6.04389          3.6329        0.240012 
        6.05003          3.6283        0.239386 
        6.05617         3.62758        0.238763 
         6.0623         3.62394        0.238142 
        6.06844          3.6232        0.237523 
        6.07457         3.62102        0.236907 
         6.0807         3.61798        0.236293 
        6.08684         3.61766        0.235682 
        6.09298         3.61564        0.235072 
        6.09912         3.61682        0.234464 
        6.10525         3.61527        0.233859 
        6.11138         3.61067        0.233256 
        6.11752         3.61493        0.232654 
        6.12366         3.61168        0.232055 
        6.12979         3.60856        0.231459 
        6.13593         3.60656        0.230864 
        6.14207         3.60272        0.230271 
         6.1482         3.60161        0.229681 
        6.15434         3.60393        0.229092 
        6.16047         3.60311        0.228506 
        6.16661         3.60269        0.227922 
        6.17274         3.60209         0.22734 
        6.17887         3.60026         0.22676 
        6.18501         3.60009        0.226181 
        6.19115         3.59942        0.225605 
        6.19729         3.60028        0.225031 
        6.20342         3.59855        0.224458 
        6.20956          3.5982        0.223888 
         6.2157         3.59969         0.22332 
        6.22183         3.59672        0.222754 
        6.22797         3.59643         0.22219 
         6.2341         3.59836        0.221628 
        6.24024          3.5989        0.221067 
        6.24638         3.59824        0.220508 
        6.25251         3.60151        0.219952 
        6.25865         3.59945        0.219398 
        6.26478         3.59771        0.218845 
        6.27092         3.60102        0.218295 
        6.27705         3.60039        0.217746 
        6.28318         3.60003        0.217199 
