# k  (h/Mpc)    P(k)  (Mpc/h)^3    P_linear(k)  (Mpc/h)^3
     0.00783031         123.238         130.481 
       0.013688         152.411         160.591 
       0.019231         154.223         161.879 
      0.0249154         141.649         148.861 
      0.0312784         122.353         128.138 
      0.0375637         103.969          108.66 
      0.0433917         90.3212         94.4733 
      0.0492413         80.7105         84.3511 
      0.0555754         73.4874         76.9557 
      0.0619321         68.4552         71.5144 
       0.067871         63.7277         66.7729 
      0.0738098         58.7127         61.5323 
      0.0800417          52.787         55.3546 
      0.0862327         46.7963         48.9859 
      0.0921407         41.4367         43.3341 
      0.0982031         36.7891         38.4909 
       0.104506         33.2749           34.72 
       0.110769         30.7885         32.1464 
       0.116806         29.0812         30.4473 
       0.122832           27.84         29.1103 
       0.129052         26.4558         27.7238 
       0.135211         24.9039         26.1089 
       0.141259          23.177         24.2541 
       0.147318         21.3115         22.2561 
       0.153489         19.4059          20.283 
       0.159709         17.7555         18.5492 
       0.165845         16.5103         17.1926 
       0.171974         15.4904         16.1899 
       0.178125         14.7977         15.4578 
       0.184229         14.2587         14.8814 
        0.19034          13.684         14.3316 
       0.196428         13.1288          13.724 
       0.202534         12.4992         13.0226 
       0.208729         11.7248         12.2398 
       0.214876         10.9533         11.4507 
       0.220989         10.2958         10.7182 
       0.227147         9.65012          10.081 
        0.23329         9.15551         9.56381 
       0.239377         8.77099         9.15673 
       0.245482         8.43703         8.82221 
       0.251667         8.17153         8.51875 
       0.257832           7.869          8.2159 
       0.263955         7.56724         7.89423 
       0.270079         7.24067         7.54884 
        0.27624         6.91515         7.18893 
       0.282372         6.57978         6.83798 
        0.28843         6.25721          6.5162 
       0.294538         5.98465         6.22888 
       0.300721         5.76097         5.97863 
        0.30691         5.53548         5.76298 
       0.313033         5.35621         5.57302 
       0.319153         5.16066           5.394 
       0.325316         5.02373         5.21486 
        0.33145         4.84482          5.0327 
       0.337538         4.66617         4.84829 
       0.343633         4.48327         4.66416 
       0.349808         4.31941         4.48382 
       0.355968         4.16001         4.31562 
       0.362074         4.01048         4.16299 
       0.368217          3.8785         4.02426 
       0.374374         3.74734         3.89748 
       0.380519         3.64357         3.77971 
       0.386598         3.54084         3.66827 
       0.392688         3.44065         3.55862 
        0.39888         3.33047         3.44808 
       0.405048         3.22728         3.33906 
       0.411186         3.12743          3.2327 
       0.417313         3.02452          3.1305 
       0.423458         2.93691         3.03337 
       0.429607         2.84318         2.94203 
       0.435692         2.76236          2.8576 
       0.441815         2.68675         2.77774 
       0.447964         2.62137         2.70144 
       0.454126         2.54207         2.62782 
       0.460267         2.47366         2.55657 
       0.466387         2.40413         2.48707 
        0.47254         2.34109          2.4187 
       0.478662         2.28054         2.35264 
       0.484765         2.21564         2.28914 
       0.490885         2.15936         2.22807 
       0.497035         2.11127         2.16942 
       0.503198         2.05283         2.11347 
       0.509342         2.00443         2.06023 
       0.515458         1.95185          2.0093 
       0.521598         1.90499         1.95984 
       0.527764         1.85452         1.91162 
       0.533884         1.81677         1.86513 
           0.54         1.77146         1.82002 
       0.546137         1.73114         1.77604 
       0.552299         1.68933         1.73327 
       0.558452         1.64616         1.69202 
       0.564573          1.6111          1.6525 
       0.570708         1.57448          1.6144 
       0.576825         1.53691         1.57776 
       0.582926         1.50683         1.54242 
       0.589034         1.46682          1.5081 
       0.595184         1.43615         1.47453 
       0.601379         1.40506          1.4417 
       0.607522         1.37756          1.4101 
       0.613639         1.35161         1.37956 
       0.619772         1.31767         1.34985 
       0.625918         1.29202         1.32098 
       0.632068         1.26708         1.29295 
       0.638161         1.23887         1.26601 
         0.6443         1.21332         1.23967 
       0.650464         1.18608         1.21401 
       0.656582         1.16468         1.18929 
       0.662703         1.14208         1.16526 
       0.668861         1.12243         1.14177 
       0.675024         1.09763         1.11891 
       0.681124         1.07398         1.09691 
       0.687237         1.05649         1.07544 
       0.693381         1.03661         1.05445 
       0.699536         1.01208         1.03398 
       0.705665        0.994268         1.01415 
       0.711789        0.977765        0.994856 
       0.717957        0.957737         0.97594 
        0.72409        0.940601         0.95763 
       0.730186        0.922911         0.93991 
       0.736317        0.909554        0.922549 
       0.742472        0.892194         0.90557 
       0.748622        0.875005        0.889039 
        0.75476        0.858016        0.872962 
       0.760888        0.842497         0.85731 
       0.767043        0.832303        0.841984 
       0.773185         0.81498        0.827066 
       0.779291        0.800993        0.812597 
       0.785407        0.787732        0.798456 
       0.791564        0.774798        0.784566 
       0.797719        0.762564        0.771015 
       0.803834        0.750156        0.757873 
       0.809972        0.736795        0.744993 
       0.816124        0.724071        0.732386 
       0.822261        0.711119        0.720108 
       0.828378        0.701144         0.70815 
       0.834502        0.690878        0.696456 
       0.840667        0.677432        0.684952 
       0.846816        0.666834        0.673744 
       0.852925        0.658448        0.662858 
       0.859047        0.647955        0.652193 
       0.865192         0.63651        0.641729 
       0.871341        0.626494        0.631489 
       0.877463        0.618873        0.621522 
       0.883569        0.607775        0.611796 
       0.889708        0.598781        0.602231 
       0.895864        0.589502        0.592846 
       0.902008         0.57995        0.583683 
       0.908149        0.571305        0.574721 
       0.914301        0.560902        0.565934 
       0.920448        0.553605         0.55734 
       0.926574        0.545077        0.548956 
       0.932687        0.536834        0.540764 
       0.938823        0.531141         0.53271 
       0.944975        0.522988        0.524804 
       0.951105        0.515688        0.517087 
       0.957225        0.509554         0.50954 
       0.963368        0.501545        0.502119 
       0.969511        0.493502        0.494847 
       0.975621        0.486272        0.487759 
       0.981748         0.48125        0.480792 
       0.987916        0.473903        0.473918 
        0.99406        0.466966        0.467206 
        1.00019        0.461722        0.460637 
        1.00632         0.45382        0.454202 
        1.01246         0.44759        0.447881 
        1.01859        0.442511        0.441691 
        1.02471        0.436233        0.435627 
        1.03085        0.431701        0.429657 
        1.03698        0.424847        0.423812 
        1.04314        0.419607        0.418052 
        1.04929        0.413462        0.412413 
        1.05541        0.408867        0.406901 
        1.06154        0.402983        0.401477 
        1.06769        0.397396        0.396145 
        1.07382        0.392618        0.390927 
        1.07993        0.387209        0.385815 
        1.08607        0.383681        0.380775 
        1.09222         0.37787        0.375819 
        1.09836        0.374403        0.370958 
        1.10449        0.369498         0.36619 
        1.11063        0.363898          0.3615 
        1.11677        0.358935        0.356894 
         1.1229        0.355238        0.352378 
        1.12903        0.350388        0.347935 
        1.13518        0.346819        0.343567 
        1.14131        0.342082        0.339276 
        1.14745        0.336771        0.335061 
        1.15359        0.333849        0.330918 
        1.15973        0.328965        0.326843 
        1.16584        0.326361        0.322855 
        1.17197        0.322175        0.318929 
        1.17811        0.318896        0.315056 
        1.18424        0.315624         0.31126 
        1.19038        0.311111        0.307515 
        1.19652        0.306765        0.303833 
        1.20267        0.304424        0.300212 
        1.20881        0.300498        0.296651 
        1.21495        0.297731        0.293154 
        1.22108        0.293993        0.289714 
         1.2272        0.291087        0.286337 
        1.23334        0.287289        0.283007 
        1.23949        0.284122        0.279722 
        1.24562        0.281035        0.276498 
        1.25174        0.278153        0.273331 
        1.25789        0.275393        0.270203 
        1.26402        0.271421        0.267131 
        1.27014        0.268856        0.264114 
        1.27628        0.266393        0.261135 
        1.28244        0.262481        0.258196 
        1.28858        0.260201        0.255307 
        1.29471        0.258145        0.252469 
        1.30084        0.254744        0.249676 
        1.30697        0.251973        0.246922 
        1.31312        0.248564        0.244206 
        1.31925        0.246355         0.24154 
        1.32537        0.244134        0.238915 
        1.33151        0.241863        0.236321 
        1.33765        0.239399        0.233767 
        1.34378        0.236245        0.231256 
        1.34992        0.234017         0.22878 
        1.35606        0.231718        0.226335 
         1.3622        0.229401         0.22393 
        1.36833        0.226882        0.221567 
        1.37445        0.224004        0.219238 
        1.38059        0.222045        0.216936 
        1.38675        0.220759        0.214662 
        1.39288        0.218158        0.212429 
        1.39901        0.215898        0.210229 
        1.40515        0.214106        0.208056 
         1.4113        0.211391        0.205914 
        1.41742        0.209361        0.203811 
        1.42355        0.207847        0.201733 
         1.4297        0.205304        0.199679 
        1.43585        0.203562        0.197653 
        1.44198        0.201957        0.195664 
        1.44809        0.199536        0.193706 
        1.45423        0.197842        0.191768 
        1.46036        0.195769        0.189859 
        1.46649        0.194432        0.187976 
        1.47263        0.192263        0.186118 
        1.47877        0.190111        0.184285 
        1.48491        0.188682        0.182474 
        1.49104        0.186432        0.180692 
        1.49718        0.184805        0.178931 
        1.50333        0.183588        0.177192 
        1.50947        0.181577         0.17548 
         1.5156         0.17983        0.173792 
        1.52172        0.178327        0.172127 
        1.52787        0.176667         0.17048 
          1.534        0.174777        0.168857 
        1.54013        0.173237        0.167257 
        1.54627        0.172024        0.165675 
        1.55241        0.170123        0.164113 
        1.55855        0.168425        0.162573 
        1.56467        0.167669        0.161058 
         1.5708        0.165797        0.159557 
        1.57695        0.164363        0.158074 
        1.58308        0.162801        0.156612 
        1.58922        0.161509        0.155169 
        1.59535        0.160085        0.153744 
         1.6015        0.158522        0.152335 
        1.60764        0.157257        0.150945 
        1.61376        0.155599        0.149575 
        1.61989        0.154505        0.148222 
        1.62604        0.153331        0.146883 
        1.63218        0.151939        0.145561 
        1.63831        0.150732        0.144258 
        1.64444        0.149399        0.142971 
        1.65059        0.148099        0.141696 
        1.65673        0.146933        0.140439 
        1.66285        0.145919          0.1392 
        1.66898        0.144564        0.137976 
        1.67512        0.143092        0.136764 
        1.68127        0.141868        0.135566 
         1.6874        0.141058        0.134385 
        1.69353        0.139446        0.133218 
        1.69967         0.13886        0.132063 
        1.70581        0.137198        0.130922 
        1.71193        0.136227        0.129799 
        1.71806        0.134939        0.128686 
        1.72421        0.134294        0.127585 
        1.73035        0.132891        0.126497 
        1.73649        0.132074        0.125423 
        1.74262        0.130928        0.124362 
        1.74876        0.129821        0.123312 
        1.75489        0.128927        0.122277 
        1.76101        0.127642        0.121254 
        1.76715        0.126675        0.120241 
        1.77329        0.125535        0.119239 
        1.77943        0.124656        0.118248 
        1.78557        0.123895        0.117269 
        1.79171        0.122914        0.116302 
        1.79785        0.121925        0.115345 
        1.80399        0.120941        0.114399 
        1.81012        0.120052        0.113465 
        1.81625        0.119082        0.112542 
        1.82239        0.118167        0.111628 
        1.82853        0.117152        0.110725 
        1.83466        0.116408        0.109832 
        1.84078        0.115502         0.10895 
        1.84692        0.114473        0.108077 
        1.85306        0.113868        0.107212 
         1.8592        0.112769        0.106358 
        1.86533        0.112128        0.105514 
        1.87147        0.111209        0.104678 
        1.87761         0.11056         0.10385 
        1.88375        0.109558        0.103033 
        1.88988        0.108741        0.102225 
        1.89601        0.107893        0.101426 
        1.90215        0.107198        0.100634 
        1.90829         0.10625       0.0998512 
        1.91442        0.105765       0.0990766 
        1.92056        0.104841       0.0983111 
         1.9267        0.103979       0.0975528 
        1.93284        0.103271       0.0968021 
        1.93897        0.102509       0.0960607 
        1.94509        0.101934       0.0953287 
        1.95123        0.101115       0.0946024 
        1.95737         0.10046       0.0938833 
        1.96349       0.0996459       0.0931734 
        1.96964       0.0988808       0.0924689 
        1.97578       0.0982124       0.0917714 
        1.98192       0.0976412       0.0910825 
        1.98805       0.0969835       0.0904006 
        1.99419       0.0961071       0.0897256 
        2.00033       0.0954393       0.0890573 
        2.00647       0.0949986       0.0883959 
         2.0126       0.0940976       0.0877424 
        2.01874       0.0936606       0.0870946 
        2.02488        0.093011       0.0864527 
        2.03101         0.09234       0.0858185 
        2.03714       0.0915844       0.0851912 
        2.04328        0.091151       0.0845696 
        2.04941       0.0903221       0.0839547 
        2.05554       0.0898532       0.0833463 
        2.06167       0.0894241       0.0827432 
        2.06781       0.0885691       0.0821459 
        2.07396       0.0880279       0.0815538 
        2.08009       0.0874343       0.0809684 
        2.08622        0.086906       0.0803895 
        2.09237       0.0863392       0.0798152 
        2.09851       0.0857684       0.0792464 
        2.10464       0.0852602        0.078684 
        2.11077       0.0845847       0.0781278 
        2.11691       0.0840681       0.0775758 
        2.12305       0.0834902        0.077029 
        2.12918       0.0830573       0.0764889 
        2.13531       0.0823453       0.0759539 
        2.14145        0.081741       0.0754227 
         2.1476       0.0813352       0.0748961 
        2.15372       0.0809717       0.0743771 
        2.15985       0.0802995       0.0738625 
        2.16599       0.0797601       0.0733513 
        2.17213        0.079293       0.0728455 
        2.17827       0.0787162       0.0723445 
         2.1844       0.0783484       0.0718488 
        2.19054       0.0777996       0.0713575 
        2.19666       0.0772395       0.0708716 
         2.2028       0.0767724       0.0703897 
        2.20893       0.0764554       0.0699121 
        2.21508       0.0757889       0.0694383 
        2.22122       0.0752481       0.0689689 
        2.22736       0.0749859       0.0685047 
        2.23349       0.0744508        0.068045 
        2.23962       0.0741083       0.0675892 
        2.24577       0.0735017       0.0671372 
         2.2519       0.0730959         0.06669 
        2.25802        0.072626       0.0662476 
        2.26417       0.0722137       0.0658079 
        2.27031       0.0717084       0.0653719 
        2.27644       0.0712961       0.0649411 
        2.28257       0.0708742       0.0645142 
        2.28872       0.0704683       0.0640904 
        2.29486       0.0701857       0.0636704 
        2.30099       0.0695868       0.0632551 
        2.30712       0.0691667       0.0628433 
        2.31326       0.0686932       0.0624345 
         2.3194       0.0685061       0.0620296 
        2.32553       0.0680031       0.0616289 
        2.33166       0.0677418        0.061232 
         2.3378       0.0672861        0.060838 
        2.34394       0.0668141       0.0604474 
        2.35007       0.0663996       0.0600607 
        2.35619       0.0659166       0.0596779 
        2.36233       0.0656518       0.0592976 
        2.36848       0.0653973       0.0589197 
        2.37462       0.0648581        0.058546 
        2.38075       0.0645553       0.0581759 
        2.38689       0.0641922       0.0578086 
        2.39303        0.063879       0.0574446 
        2.39916        0.063428       0.0570841 
        2.40529       0.0631016       0.0567267 
        2.41143       0.0626765       0.0563722 
        2.41757       0.0623542       0.0560205 
         2.4237       0.0620803       0.0556724 
        2.42983       0.0617268       0.0553273 
        2.43598       0.0614549       0.0549843 
        2.44211        0.060961       0.0546447 
        2.44823       0.0607053       0.0543087 
        2.45437       0.0603018       0.0539747 
        2.46052       0.0600302       0.0536432 
        2.46665       0.0596187       0.0533151 
        2.47279       0.0592799       0.0529898 
        2.47892       0.0588592        0.052667 
        2.48507       0.0586107       0.0523466 
         2.4912        0.058319       0.0520295 
        2.49733       0.0580972       0.0517153 
        2.50347       0.0578115        0.051403 
        2.50961       0.0573863       0.0510933 
        2.51575       0.0571035       0.0507863 
        2.52188       0.0567471       0.0504823 
        2.52802       0.0564803       0.0501803 
        2.53416       0.0561744       0.0498808 
        2.54029       0.0558908       0.0495843 
        2.54641       0.0556115       0.0492902 
        2.55255       0.0553281       0.0489983 
        2.55869       0.0550521       0.0487082 
        2.56483       0.0547134       0.0484209 
        2.57096       0.0544835       0.0481363 
        2.57709       0.0542202       0.0478539 
        2.58323       0.0539007       0.0475734 
        2.58937       0.0535605       0.0472951 
        2.59551       0.0533995       0.0470193 
        2.60164       0.0530627       0.0467458 
        2.60778       0.0528025       0.0464742 
        2.61392       0.0524337       0.0462049 
        2.62006        0.052199       0.0459378 
        2.62619       0.0520575       0.0456731 
        2.63232        0.051643       0.0454104 
        2.63846       0.0514783       0.0451494 
        2.64459       0.0513175       0.0448909 
        2.65072       0.0509329       0.0446345 
        2.65686       0.0507388       0.0443799 
          2.663       0.0504685       0.0441269 
        2.66915       0.0501584        0.043876 
        2.67527        0.049999       0.0436276 
        2.68141       0.0497483       0.0433809 
        2.68755       0.0494362       0.0431359 
        2.69368       0.0492618       0.0428931 
        2.69981       0.0490364       0.0426524 
        2.70595       0.0488489        0.042413 
        2.71209       0.0485561       0.0421754 
        2.71823       0.0483315         0.04194 
        2.72436       0.0480627       0.0417064 
         2.7305       0.0478572       0.0414745 
        2.73663       0.0477143       0.0412443 
        2.74276       0.0473577       0.0410162 
         2.7489       0.0471642       0.0407896 
        2.75504       0.0469621       0.0405645 
        2.76118       0.0467431        0.040341 
        2.76732       0.0465227       0.0401195 
        2.77345       0.0463465       0.0398997 
        2.77959        0.046172       0.0396816 
        2.78572       0.0458634       0.0394651 
        2.79186       0.0456203       0.0392503 
        2.79798        0.045502       0.0390373 
        2.80412       0.0452703       0.0388255 
        2.81027       0.0450652       0.0386151 
         2.8164        0.044854       0.0384067 
        2.82253       0.0446265       0.0381998 
        2.82867       0.0444868       0.0379943 
        2.83481       0.0442285       0.0377903 
        2.84095       0.0440124       0.0375878 
        2.84708       0.0439399       0.0373871 
        2.85322       0.0437502       0.0371875 
        2.85935       0.0434822       0.0369895 
        2.86549        0.043325        0.036793 
        2.87162        0.043159        0.036598 
        2.87776        0.042927       0.0364044 
        2.88389        0.042785       0.0362121 
        2.89003       0.0426138       0.0360213 
        2.89617       0.0423862       0.0358318 
        2.90231        0.042235       0.0356436 
        2.90844       0.0419966       0.0354569 
        2.91458       0.0418699       0.0352715 
        2.92071        0.041695       0.0350877 
        2.92684       0.0414954        0.034905 
        2.93298       0.0413901       0.0347236 
         2.9391       0.0411973       0.0345438 
        2.94524       0.0410059        0.034365 
        2.95138       0.0408402       0.0341874 
        2.95752        0.040681       0.0340109 
        2.96367       0.0405169       0.0338357 
         2.9698       0.0403413        0.033662 
        2.97594       0.0402114       0.0334893 
        2.98207       0.0400268       0.0333179 
        2.98821       0.0399206       0.0331479 
        2.99434       0.0397813        0.032979 
        3.00048        0.039558       0.0328112 
        3.00662       0.0394046       0.0326445 
        3.01275       0.0392718       0.0324792 
        3.01888       0.0391009       0.0323151 
        3.02503       0.0389522       0.0321517 
        3.03117       0.0388388       0.0319896 
        3.03729        0.038654       0.0318291 
        3.04342       0.0385261       0.0316694 
        3.04957       0.0383846       0.0315105 
         3.0557       0.0382222       0.0313529 
        3.06183       0.0380517       0.0311967 
        3.06796       0.0380248       0.0310414 
        3.07411       0.0378727       0.0308868 
        3.08025       0.0377199       0.0307335 
        3.08637        0.037503       0.0305816 
         3.0925       0.0374062       0.0304304 
        3.09865       0.0373054         0.03028 
         3.1048       0.0371832       0.0301307 
        3.11093       0.0369835       0.0299826 
        3.11706       0.0368919       0.0298356 
         3.1232       0.0368164       0.0296894 
        3.12933       0.0365992       0.0295442 
        3.13547       0.0365186       0.0294001 
        3.14159       0.0364001       0.0292571 
        3.14773       0.0362778       0.0291148 
        3.15388       0.0361278       0.0289733 
        3.16001       0.0360435        0.028833 
        3.16614        0.035837       0.0286937 
        3.17228       0.0357411       0.0285552 
        3.17842        0.035626       0.0284176 
        3.18455         0.03547        0.028281 
        3.19068       0.0354003       0.0281454 
        3.19682       0.0352498       0.0280105 
        3.20297       0.0351482       0.0278764 
         3.2091       0.0349808       0.0277433 
        3.21524       0.0349072       0.0276111 
        3.22138       0.0348148       0.0274798 
         3.2275       0.0346718       0.0273495 
        3.23363       0.0345805         0.02722 
        3.23977       0.0344593       0.0270912 
        3.24591       0.0343958       0.0269633 
        3.25205       0.0343107       0.0268361 
        3.25818       0.0341519       0.0267098 
        3.26432       0.0340933       0.0265843 
        3.27046       0.0340251       0.0264597 
         3.2766       0.0339057       0.0263358 
        3.28273       0.0337698       0.0262128 
        3.28887       0.0336813       0.0260905 
          3.295       0.0336844       0.0259691 
        3.30113       0.0335416       0.0258485 
        3.30727       0.0334383       0.0257285 
        3.31341       0.0333818       0.0256094 
        3.31954       0.0333055       0.0254911 
        3.32568       0.0332348       0.0253734 
        3.33182       0.0331642       0.0252565 
        3.33795       0.0330695       0.0251404 
        3.34409       0.0329653       0.0250249 
        3.35022       0.0329345       0.0249102 
        3.35636       0.0328336       0.0247963 
         3.3625       0.0328137        0.024683 
        3.36864       0.0327902       0.0245705 
        3.37477       0.0326637       0.0244586 
        3.38091       0.0326402       0.0243475 
        3.38704       0.0325322       0.0242372 
        3.39318       0.0325273       0.0241274 
        3.39931       0.0325235       0.0240183 
        3.40545       0.0324382         0.02391 
        3.41158       0.0323855       0.0238023 
        3.41772       0.0323242       0.0236952 
        3.42385       0.0323434       0.0235889 
        3.42998       0.0322804       0.0234832 
        3.43612       0.0322346       0.0233782 
        3.44226       0.0322586       0.0232737 
         3.4484       0.0321731       0.0231698 
        3.45453       0.0321345       0.0230667 
        3.46066       0.0321132       0.0229643 
        3.46681       0.0321339       0.0228622 
        3.47295       0.0320967       0.0227608 
        3.47908       0.0320475       0.0226603 
        3.48521       0.0320424       0.0225604 
        3.49135       0.0320301       0.0224609 
        3.49749       0.0320502        0.022362 
        3.50362        0.032027       0.0222638 
        3.50976       0.0320222       0.0221662 
        3.51589       0.0319885       0.0220692 
        3.52203       0.0319599       0.0219727 
        3.52816       0.0319546       0.0218769 
        3.53429       0.0319665       0.0217817 
        3.54043       0.0320333       0.0216868 
        3.54657       0.0319568       0.0215926 
        3.55271       0.0320023        0.021499 
        3.55884       0.0320768       0.0214061 
        3.56498       0.0320486       0.0213135 
        3.57112       0.0320799       0.0212215 
        3.57725       0.0320744       0.0211301 
        3.58338       0.0320948       0.0210394 
        3.58952       0.0321466        0.020949 
        3.59566       0.0321754       0.0208592 
         3.6018       0.0321983       0.0207699 
        3.60793       0.0321881       0.0206812 
        3.61407       0.0322784       0.0205931 
        3.62021         0.03236       0.0205053 
        3.62634       0.0323382       0.0204182 
        3.63247       0.0324338       0.0203316 
        3.63861       0.0324368       0.0202454 
        3.64475       0.0324628       0.0201597 
        3.65089       0.0325527       0.0200745 
        3.65702       0.0326457       0.0199899 
        3.66316       0.0327254       0.0199057 
        3.66929       0.0327117       0.0198221 
        3.67543       0.0328075       0.0197389 
        3.68156       0.0328768       0.0196562 
        3.68769       0.0329212        0.019574 
        3.69383       0.0330205       0.0194922 
        3.69997       0.0330803       0.0194109 
        3.70611       0.0331926       0.0193301 
        3.71224       0.0332489       0.0192497 
        3.71838       0.0333712       0.0191698 
        3.72451       0.0334608       0.0190904 
        3.73065       0.0334978       0.0190114 
        3.73678       0.0336626       0.0189329 
        3.74292       0.0337167       0.0188547 
        3.74906         0.03378       0.0187771 
        3.75519       0.0339386       0.0186999 
        3.76133       0.0340206       0.0186231 
        3.76746       0.0341338       0.0185468 
         3.7736       0.0342311       0.0184709 
        3.77974       0.0342554       0.0183954 
        3.78588       0.0344812       0.0183203 
        3.79201       0.0345818       0.0182456 
        3.79814       0.0346823       0.0181714 
        3.80428       0.0348707       0.0180976 
        3.81042       0.0350019       0.0180242 
        3.81655       0.0351063       0.0179512 
        3.82268       0.0352715       0.0178787 
        3.82882       0.0354563       0.0178065 
        3.83496       0.0356002       0.0177347 
        3.84109       0.0357109       0.0176633 
        3.84723       0.0359064       0.0175923 
        3.85337       0.0360258       0.0175217 
        3.85951       0.0362069       0.0174514 
        3.86565       0.0363388       0.0173816 
        3.87178       0.0365265       0.0173122 
        3.87791       0.0366813       0.0172432 
        3.88405       0.0368974       0.0171745 
        3.89019       0.0370419       0.0171062 
        3.89632        0.037269       0.0170383 
        3.90246       0.0374893       0.0169707 
         3.9086       0.0375708       0.0169035 
        3.91473         0.03793       0.0168367 
        3.92086       0.0379905       0.0167703 
        3.92699       0.0382495       0.0167042 
        3.93313       0.0384405       0.0166384 
        3.93927       0.0386712       0.0165731 
         3.9454        0.038927        0.016508 
        3.95154       0.0391036       0.0164433 
        3.95768       0.0393482        0.016379 
        3.96382        0.039498        0.016315 
        3.96995       0.0398552       0.0162513 
        3.97609       0.0400241        0.016188 
        3.98222       0.0402589       0.0161251 
        3.98836       0.0405517       0.0160625 
         3.9945       0.0407069       0.0160002 
        4.00063        0.041042       0.0159382 
        4.00677       0.0412473       0.0158766 
        4.01291       0.0414951       0.0158152 
        4.01904        0.041806       0.0157543 
        4.02517         0.04213       0.0156938 
        4.03131       0.0423132       0.0156334 
        4.03745       0.0425796       0.0155733 
        4.04358       0.0428882       0.0155136 
        4.04972       0.0432026       0.0154543 
        4.05585       0.0435467       0.0153952 
        4.06199       0.0439053       0.0153365 
        4.06812        0.044096        0.015278 
        4.07426       0.0445116       0.0152199 
         4.0804       0.0447118        0.015162 
        4.08654       0.0450639       0.0151045 
        4.09267        0.045438       0.0150473 
         4.0988       0.0458044       0.0149904 
        4.10494       0.0461194       0.0149338 
        4.11108       0.0464589       0.0148774 
        4.11721       0.0468266       0.0148214 
        4.12334       0.0471021       0.0147656 
        4.12948       0.0476283       0.0147102 
        4.13561       0.0478928        0.014655 
        4.14176       0.0482512          0.0146 
        4.14789       0.0487942       0.0145454 
        4.15403       0.0490693       0.0144911 
        4.16016       0.0494798        0.014437 
         4.1663        0.049767       0.0143832 
        4.17243       0.0502912       0.0143298 
        4.17857       0.0506087       0.0142765 
        4.18471       0.0510218       0.0142235 
        4.19084       0.0514824       0.0141709 
        4.19698       0.0519611       0.0141184 
        4.20312       0.0522946       0.0140663 
        4.20925       0.0527401       0.0140144 
        4.21538       0.0533261       0.0139628 
        4.22152       0.0536952       0.0139114 
        4.22766       0.0542577       0.0138603 
         4.2338       0.0547607       0.0138095 
        4.23993       0.0550779       0.0137589 
        4.24607       0.0556461       0.0137085 
         4.2522       0.0560996       0.0136584 
        4.25834       0.0565913       0.0136086 
        4.26447       0.0571426        0.013559 
        4.27061       0.0577943       0.0135097 
        4.27674       0.0581717       0.0134606 
        4.28288        0.058674       0.0134118 
        4.28902       0.0592216       0.0133632 
        4.29515        0.059734       0.0133148 
        4.30129       0.0602564       0.0132667 
        4.30743        0.060989       0.0132188 
        4.31356       0.0616133       0.0131711 
        4.31969       0.0621931       0.0131238 
        4.32583       0.0626461       0.0130766 
        4.33197       0.0632182       0.0130296 
         4.3381       0.0638839       0.0129829 
        4.34424       0.0644086       0.0129365 
        4.35038       0.0650281       0.0128902 
        4.35652       0.0657584       0.0128441 
        4.36265       0.0663547       0.0127984 
        4.36878        0.066747       0.0127528 
        4.37492       0.0676345       0.0127074 
        4.38106       0.0682447       0.0126623 
        4.38719        0.069232       0.0126174 
        4.39333       0.0696839       0.0125727 
        4.39946       0.0703277       0.0125283 
         4.4056       0.0712345        0.012484 
        4.41173       0.0719947         0.01244 
        4.41786       0.0726849       0.0123962 
          4.424       0.0734128       0.0123526 
        4.43014       0.0742003       0.0123091 
        4.43628        0.074716       0.0122659 
        4.44241       0.0757135       0.0122229 
        4.44855       0.0764899       0.0121802 
        4.45469       0.0772654       0.0121375 
        4.46083       0.0779813       0.0120952 
        4.46696       0.0789723       0.0120531 
        4.47309       0.0796173       0.0120111 
        4.47923       0.0806457       0.0119693 
        4.48537        0.081599       0.0119278 
         4.4915       0.0821181       0.0118864 
        4.49764       0.0833076       0.0118452 
        4.50378       0.0840726       0.0118042 
        4.50991       0.0850031       0.0117635 
        4.51604       0.0858672        0.011723 
        4.52218       0.0868596       0.0116825 
        4.52832       0.0880168       0.0116423 
        4.53445       0.0888989       0.0116023 
        4.54059       0.0897547       0.0115625 
        4.54673       0.0906916       0.0115229 
        4.55286       0.0918978       0.0114834 
          4.559       0.0927255       0.0114442 
        4.56513       0.0939062       0.0114051 
        4.57127       0.0949672       0.0113662 
        4.57741        0.096123       0.0113275 
        4.58354       0.0972338        0.011289 
        4.58968       0.0982332       0.0112506 
        4.59582       0.0992169       0.0112124 
        4.60195        0.100165       0.0111745 
        4.60809         0.10172       0.0111367 
        4.61422        0.102573        0.011099 
        4.62036        0.104142       0.0110616 
        4.62649        0.104973       0.0110243 
        4.63263        0.106273       0.0109872 
        4.63876        0.107613       0.0109502 
         4.6449        0.108617       0.0109135 
        4.65104         0.11011       0.0108769 
        4.65717        0.111291       0.0108404 
        4.66331        0.113013       0.0108042 
        4.66944        0.114148       0.0107681 
        4.67558        0.115258       0.0107322 
        4.68171        0.116813       0.0106964 
        4.68785        0.118172       0.0106608 
        4.69399        0.119587       0.0106253 
        4.70012        0.120969       0.0105901 
        4.70625        0.122523        0.010555 
        4.71239        0.124291         0.01052 
        4.71853        0.125611       0.0104852 
        4.72467        0.126851       0.0104505 
         4.7308        0.128813       0.0104161 
        4.73694        0.130236       0.0103817 
        4.74308        0.131498       0.0103475 
        4.74922        0.133753       0.0103135 
        4.75535        0.135101       0.0102797 
        4.76148        0.136279        0.010246 
        4.76762        0.138549       0.0102124 
        4.77376        0.140218        0.010179 
        4.77989        0.142002       0.0101457 
        4.78602        0.143274       0.0101126 
        4.79216        0.145184       0.0100797 
         4.7983        0.147072       0.0100468 
        4.80443        0.149167       0.0100142 
        4.81056        0.150592      0.00998169 
         4.8167        0.152604      0.00994929 
        4.82284        0.154649      0.00991704 
        4.82898        0.156516      0.00988495 
        4.83511        0.158604      0.00985303 
        4.84125        0.160472       0.0098212 
        4.84739        0.163231      0.00978953 
        4.85352        0.164989      0.00975803 
        4.85965        0.166314      0.00972665 
        4.86579        0.168702       0.0096954 
        4.87193        0.170923      0.00966428 
        4.87807        0.173959       0.0096333 
         4.8842        0.175798      0.00960247 
        4.89034        0.177572      0.00957176 
        4.89647        0.180454       0.0095412 
        4.90261        0.182213      0.00951077 
        4.90874        0.184248      0.00948049 
        4.91488         0.18669      0.00945033 
        4.92102         0.18938      0.00942028 
        4.92715        0.191987      0.00939037 
        4.93329        0.195252      0.00936062 
        4.93942        0.197745      0.00933096 
        4.94556        0.200056      0.00930144 
         4.9517        0.202283      0.00927205 
        4.95783        0.205791      0.00924279 
        4.96397        0.208481      0.00921366 
        4.97011        0.210299      0.00918465 
        4.97624        0.213948      0.00915577 
        4.98238        0.216101      0.00912703 
        4.98851         0.21964      0.00909841 
        4.99465        0.222359       0.0090699 
        5.00078        0.225089      0.00904152 
        5.00691        0.228534      0.00901328 
        5.01305        0.231558      0.00898514 
        5.01919        0.234755      0.00895709 
        5.02533        0.238029      0.00892919 
        5.03146        0.241334      0.00890142 
         5.0376        0.244727      0.00887377 
        5.04374        0.247215      0.00884621 
        5.04987        0.250764      0.00881878 
        5.05601        0.255487      0.00879148 
        5.06215        0.258312      0.00876427 
        5.06829        0.262512      0.00873718 
        5.07442        0.265528      0.00871023 
        5.08055        0.269276      0.00868341 
        5.08668        0.272773      0.00865667 
        5.09282        0.277727      0.00863003 
        5.09896        0.281307      0.00860354 
        5.10509        0.285375      0.00857715 
        5.11123        0.289762      0.00855087 
        5.11736        0.294094      0.00852469 
         5.1235        0.297342      0.00849862 
        5.12964        0.300507      0.00847266 
        5.13577        0.305515      0.00844681 
        5.14191        0.309799      0.00842106 
        5.14804        0.314149      0.00839546 
        5.15418        0.319035      0.00836994 
        5.16032        0.323448      0.00834451 
        5.16645        0.326782      0.00831919 
        5.17259         0.33261      0.00829399 
        5.17872        0.338001       0.0082689 
        5.18486         0.34248      0.00824388 
          5.191        0.348898      0.00821898 
        5.19713        0.352456      0.00819421 
        5.20327        0.360197      0.00816953 
        5.20941         0.36352      0.00814493 
        5.21555         0.36781      0.00812042 
        5.22168        0.373661      0.00809605 
        5.22781        0.379325      0.00807178 
        5.23395        0.385311       0.0080476 
        5.24009        0.390188      0.00802351 
        5.24622        0.397208      0.00799953 
        5.25236         0.40378      0.00797565 
         5.2585        0.408145      0.00795185 
        5.26463        0.415324      0.00792815 
        5.27077        0.421871      0.00790456 
         5.2769        0.428689      0.00788108 
        5.28304        0.434494      0.00785768 
        5.28917        0.442348      0.00783438 
         5.2953        0.446856      0.00781119 
        5.30144        0.454318      0.00778807 
        5.30757         0.46214      0.00776504 
        5.31371        0.467165      0.00774211 
        5.31985        0.477133      0.00771926 
        5.32599        0.485804       0.0076965 
        5.33213        0.490745      0.00767384 
        5.33826        0.496879      0.00765128 
         5.3444         0.50683      0.00762882 
        5.35053        0.513937      0.00760643 
        5.35667        0.522523      0.00758414 
        5.36281        0.529281      0.00756193 
        5.36894        0.539972      0.00753982 
        5.37507        0.546658      0.00751781 
        5.38121        0.556175      0.00749586 
        5.38735        0.563923      0.00747401 
        5.39348        0.575871      0.00745226 
        5.39961        0.581858       0.0074306 
        5.40575        0.592803        0.007409 
        5.41189        0.600701      0.00738749 
        5.41803        0.610312      0.00736607 
        5.42416        0.621236      0.00734474 
         5.4303        0.630804      0.00732348 
        5.43644        0.640671      0.00730232 
        5.44257        0.649124      0.00728125 
        5.44871         0.66491      0.00726025 
        5.45484        0.673369      0.00723933 
        5.46098        0.683199       0.0072185 
        5.46712        0.696629      0.00719774 
        5.47325        0.708619      0.00717708 
        5.47938        0.716781      0.00715651 
        5.48552         0.72846      0.00713602 
        5.49165        0.742853      0.00711559 
        5.49779        0.756823      0.00709525 
        5.50393        0.770454      0.00707498 
        5.51006        0.780874      0.00705478 
         5.5162        0.794125      0.00703468 
        5.52234        0.807601      0.00701465 
        5.52847         0.82566       0.0069947 
        5.53461        0.837803      0.00697482 
        5.54075        0.853174      0.00695503 
        5.54688        0.861849      0.00693532 
        5.55302         0.87854      0.00691567 
        5.55915        0.889992      0.00689611 
        5.56529         0.90911      0.00687663 
        5.57143        0.922266      0.00685721 
        5.57756        0.935378      0.00683787 
         5.5837        0.955077      0.00681861 
        5.58983        0.978236      0.00679944 
        5.59597        0.990796      0.00678033 
         5.6021         1.00633      0.00676129 
        5.60824         1.02905      0.00674231 
        5.61438          1.0401      0.00672342 
        5.62051         1.06254      0.00670461 
        5.62665         1.08152      0.00668586 
        5.63278         1.09829      0.00666719 
        5.63892          1.1174      0.00664858 
        5.64505          1.1394      0.00663006 
        5.65119         1.15793       0.0066116 
        5.65733         1.17482      0.00659321 
        5.66346         1.20228      0.00657489 
         5.6696         1.21547      0.00655664 
        5.67573         1.25078      0.00653846 
        5.68187         1.26482      0.00652035 
          5.688         1.29063      0.00650231 
        5.69414         1.31008      0.00648434 
        5.70028         1.32998      0.00646643 
        5.70642         1.35512      0.00644858 
        5.71255         1.38281      0.00643082 
        5.71869         1.40884      0.00641312 
        5.72482         1.43698      0.00639549 
        5.73096         1.46186      0.00637793 
        5.73709         1.49471      0.00636044 
        5.74322         1.51212      0.00634301 
        5.74936         1.54181      0.00632563 
         5.7555         1.58026      0.00630832 
        5.76164         1.58937      0.00629109 
        5.76777         1.63116      0.00627392 
        5.77391         1.65532      0.00625681 
        5.78005         1.69278      0.00623975 
        5.78618         1.72442      0.00622278 
        5.79231         1.74439      0.00620589 
        5.79845         1.78638      0.00618902 
        5.80459         1.82627      0.00617222 
        5.81073         1.86412       0.0061555 
        5.81686         1.88983      0.00613884 
          5.823         1.92999      0.00612223 
        5.82914         1.95716      0.00610569 
        5.83527         1.99586      0.00608923 
         5.8414         2.04814      0.00607281 
        5.84754         2.06992      0.00605645 
        5.85368          2.1012      0.00604015 
        5.85981         2.15696      0.00602392 
        5.86595         2.19599      0.00600775 
        5.87208         2.22568      0.00599163 
        5.87822         2.29614      0.00597559 
        5.88435         2.31323       0.0059596 
        5.89049         2.36218      0.00594366 
        5.89662         2.39909      0.00592778 
        5.90276         2.47895      0.00591195 
         5.9089         2.50152      0.00589619 
        5.91503         2.55252       0.0058805 
        5.92117         2.60135      0.00586485 
        5.92731         2.65246      0.00584925 
        5.93344         2.72354      0.00583372 
        5.93958         2.74072      0.00581825 
        5.94572         2.79128      0.00580283 
        5.95186         2.87956      0.00578746 
        5.95799         2.90591      0.00577217 
        5.96412         2.95018      0.00575693 
        5.97026         3.01799      0.00574172 
         5.9764         3.07886      0.00572659 
        5.98253         3.13393      0.00571152 
        5.98866         3.18264       0.0056965 
         5.9948          3.2742      0.00568151 
        6.00094         3.33582       0.0056666 
        6.00707         3.36149      0.00565173 
        6.01321         3.44356      0.00563692 
        6.01935         3.51728      0.00562216 
        6.02548         3.58218      0.00560746 
        6.03162         3.63863      0.00559281 
        6.03775         3.69707      0.00557822 
        6.04389         3.76132      0.00556368 
        6.05003         3.85591      0.00554917 
        6.05617         3.92459      0.00553472 
         6.0623         3.95358      0.00552033 
        6.06844         4.03579        0.005506 
        6.07457          4.1203      0.00549172 
         6.0807         4.19411      0.00547749 
        6.08684         4.22894      0.00546331 
        6.09298         4.30907      0.00544917 
        6.09912         4.40685      0.00543508 
        6.10525         4.46574      0.00542105 
        6.11138         4.56048      0.00540707 
        6.11752         4.68625      0.00539313 
        6.12366         4.71501      0.00537925 
        6.12979         4.82257      0.00536542 
        6.13593         4.81107      0.00535164 
        6.14207          4.9946      0.00533789 
         6.1482         4.98867       0.0053242 
        6.15434         5.09061      0.00531056 
        6.16047         5.15704      0.00529698 
        6.16661         5.27137      0.00528343 
        6.17274         5.29944      0.00526994 
        6.17887         5.27747      0.00525649 
        6.18501         5.46502      0.00524309 
        6.19115         5.47667      0.00522973 
        6.19729         5.65218      0.00521641 
        6.20342         5.69666      0.00520315 
        6.20956         5.73096      0.00518994 
         6.2157         5.82669      0.00517676 
        6.22183         5.93724      0.00516363 
        6.22797         5.96924      0.00515056 
         6.2341         6.10754      0.00513753 
        6.24024         6.05173      0.00512454 
        6.24638         6.22487      0.00511159 
        6.25251         6.14988       0.0050987 
        6.25865         6.25775      0.00508584 
        6.26478         6.23258      0.00507303 
        6.27092         6.26416      0.00506027 
        6.27705         6.32841      0.00504756 
        6.28318         4.49443      0.00503488 
