# k  (h/Mpc)    Pcb(k)  (Mpc/h)^3    Pcb_linear(k)  (Mpc/h)^3
     0.00783031         15744.5         15974.7 
       0.013688           19824         19647.9 
       0.019231         19830.4         19800.4 
      0.0249154         17811.9         18205.4 
      0.0312784           15480         15669.5 
      0.0375637         13272.1           13287 
      0.0433917           11331         11551.8 
      0.0492413         10224.5         10313.9 
      0.0555754         9096.58          9409.5 
      0.0619321         8732.23          8744.1 
       0.067871          7907.8         8164.28 
      0.0738098          7290.2         7523.46 
      0.0800417         6489.58         6768.07 
      0.0862327          5836.7         5989.35 
      0.0921407         5279.93         5298.29 
      0.0982031         4680.26         4706.12 
       0.104506         4370.37         4245.05 
       0.110769         4040.62         3930.38 
       0.116806         3810.63         3722.64 
       0.122832         3640.01         3559.17 
       0.129052         3385.07         3389.65 
       0.135211         3205.02          3192.2 
       0.141259         3052.42         2965.42 
       0.147318         2856.98         2721.12 
       0.153489         2603.27         2479.88 
       0.159709         2449.78          2267.9 
       0.165845         2349.52         2102.03 
       0.171974         2219.67         1979.44 
       0.178125         2114.99         1889.93 
       0.184229         2027.23         1819.45 
        0.19034         1918.75         1752.23 
       0.196428         1879.34         1677.95 
       0.202534         1806.01         1592.19 
       0.208729         1718.76         1496.48 
       0.214876         1642.76            1400 
       0.220989         1582.77         1310.45 
       0.227147         1513.85         1232.53 
        0.23329         1453.21          1169.3 
       0.239377         1429.21         1119.53 
       0.245482         1340.43         1078.63 
       0.251667         1333.38         1041.53 
       0.257832         1280.91          1004.5 
       0.263955         1238.51         965.177 
       0.270079         1194.81         922.946 
        0.27624         1180.66         878.942 
       0.282372         1131.11         836.033 
        0.28843         1121.05         796.691 
       0.294538         1064.64         761.561 
       0.300721         1058.66         730.965 
        0.30691         1016.43         704.601 
       0.313033         996.605         681.376 
       0.319153         977.648         659.486 
       0.325316         946.251         637.585 
        0.33145         924.187         615.315 
       0.337538         908.271         592.768 
       0.343633         886.823         570.255 
       0.349808         856.172         548.207 
       0.355968         850.389          527.64 
       0.362074         841.242          508.98 
       0.368217         815.199         492.018 
       0.374374         783.398         476.519 
       0.380519         784.061         462.118 
       0.386598         761.997         448.494 
       0.392688         759.472         435.088 
        0.39888         737.016         421.573 
       0.405048         726.661         408.244 
       0.411186         716.432         395.239 
       0.417313           701.5         382.745 
       0.423458         688.869         370.868 
       0.429607         679.809         359.702 
       0.435692         664.776         349.377 
       0.441815         659.111         339.615 
       0.447964         645.488         330.285 
       0.454126         637.877         321.285 
       0.460267         622.982         312.573 
       0.466387         615.901         304.077 
        0.47254         609.704         295.717 
       0.478662         604.983          287.64 
       0.484765         586.018         279.877 
       0.490885         582.066         272.411 
       0.497035         570.417         265.241 
       0.503198         566.069         258.399 
       0.509342         560.837         251.889 
       0.515458         556.738         245.662 
       0.521598         542.615         239.615 
       0.527764         533.282          233.72 
       0.533884         531.243         228.037 
           0.54         524.893          222.52 
       0.546137         521.537         217.144 
       0.552299         513.164         211.914 
       0.558452         510.011         206.871 
       0.564573         503.226          202.04 
       0.570708          496.78          197.38 
       0.576825         483.916         192.901 
       0.582926         484.782          188.58 
       0.589034         480.341         184.384 
       0.595184         476.177          180.28 
       0.601379         468.944         176.266 
       0.607522         462.489         172.402 
       0.613639         461.843         168.668 
       0.619772         451.748         165.037 
       0.625918         449.889         161.507 
       0.632068         443.156          158.08 
       0.638161         441.512         154.786 
         0.6443         433.982         151.566 
       0.650464         431.442         148.428 
       0.656582         428.126         145.405 
       0.662703         426.735         142.468 
       0.668861         419.419         139.596 
       0.675024         415.999         136.801 
       0.681124         412.784         134.111 
       0.687237         409.173         131.487 
       0.693381          403.58          128.92 
       0.699536         398.219         126.418 
       0.705665         396.663         123.993 
       0.711789          394.73         121.634 
       0.717957         391.188         119.321 
        0.72409          388.64         117.083 
       0.730186         383.399         114.916 
       0.736317         380.348         112.793 
       0.742472         378.439         110.717 
       0.748622         374.324         108.696 
        0.75476         369.647         106.731 
       0.760888         366.004         104.817 
       0.767043         366.517         102.943 
       0.773185         362.317         101.119 
       0.779291         357.549         99.3504 
       0.785407         356.227         97.6215 
       0.791564         351.868         95.9231 
       0.797719         349.642         94.2664 
       0.803834         346.113         92.6596 
       0.809972         345.408         91.0848 
       0.816124         344.447         89.5435 
       0.822261         339.835         88.0423 
       0.828378         337.592         86.5803 
       0.834502         334.359         85.1506 
       0.840667         331.708         83.7441 
       0.846816         330.218         82.3737 
       0.852925         327.898         81.0428 
       0.859047         325.827         79.7388 
       0.865192         321.903         78.4595 
       0.871341          319.48         77.2076 
       0.877463         318.771         75.9889 
       0.883569          316.44         74.7999 
       0.889708          313.46         73.6303 
       0.895864          311.64          72.483 
       0.902008         309.241         71.3627 
       0.908149         306.603         70.2669 
       0.914301         303.769         69.1926 
       0.920448         302.148         68.1419 
       0.926574         298.437         67.1168 
       0.932687         298.689         66.1152 
       0.938823         295.433         65.1306 
       0.944975         294.898         64.1639 
       0.951105         292.199         63.2205 
       0.957225         290.281         62.2978 
       0.963368         286.642         61.3905 
       0.969511         285.734         60.5013 
       0.975621         283.479         59.6347 
       0.981748         282.706         58.7829 
       0.987916         280.855         57.9425 
        0.99406          276.73         57.1218 
        1.00019         276.096         56.3187 
        1.00632          274.73         55.5319 
        1.01246         272.373         54.7591 
        1.01859         272.914         54.0024 
        1.02471         268.371          53.261 
        1.03085         267.005          52.531 
        1.03698         265.991         51.8164 
        1.04314         263.326         51.1121 
        1.04929         261.472         50.4227 
        1.05541         262.099         49.7488 
        1.06154         257.746         49.0857 
        1.06769         257.322         48.4337 
        1.07382         255.411         47.7957 
        1.07993         253.779         47.1708 
        1.08607         253.113         46.5545 
        1.09222         250.792         45.9486 
        1.09836         249.094         45.3543 
        1.10449         246.703         44.7713 
        1.11063         244.676         44.1979 
        1.11677         244.393         43.6348 
         1.1229         242.414         43.0826 
        1.12903         241.171         42.5395 
        1.13518           239.4         42.0054 
        1.14131         237.643         41.4807 
        1.14745         237.386         40.9654 
        1.15359         235.254         40.4588 
        1.15973         233.527         39.9606 
        1.16584          231.96         39.4731 
        1.17197         232.033         38.9931 
        1.17811         229.029         38.5196 
        1.18424         227.802         38.0554 
        1.19038          227.22         37.5976 
        1.19652         225.256         37.1474 
        1.20267         224.798         36.7047 
        1.20881         222.815         36.2693 
        1.21495         221.439         35.8417 
        1.22108         220.114         35.4211 
         1.2272         218.672         35.0083 
        1.23334          217.81         34.6011 
        1.23949         216.021         34.1995 
        1.24562         215.195         33.8054 
        1.25174         213.758         33.4181 
        1.25789         212.213         33.0357 
        1.26402         210.375         32.6601 
        1.27014          209.25         32.2912 
        1.27628         208.256          31.927 
        1.28244         208.151         31.5677 
        1.28858         205.775         31.2145 
        1.29471         204.436         30.8675 
        1.30084         203.489         30.5261 
        1.30697         202.032         30.1894 
        1.31312         200.368         29.8573 
        1.31925         199.692         29.5312 
        1.32537         199.028         29.2104 
        1.33151          197.04         28.8932 
        1.33765         195.779          28.581 
        1.34378         195.153         28.2739 
        1.34992         194.113         27.9712 
        1.35606         194.062         27.6723 
         1.3622         192.013         27.3783 
        1.36833         190.239         27.0893 
        1.37445          189.63         26.8046 
        1.38059          188.03         26.5231 
        1.38675         187.442         26.2451 
        1.39288         186.364         25.9721 
        1.39901         185.848         25.7032 
        1.40515         183.933         25.4374 
         1.4113         183.129         25.1756 
        1.41742         181.766         24.9184 
        1.42355         180.925         24.6644 
         1.4297         179.494         24.4132 
        1.43585         178.802         24.1656 
        1.44198         177.893         23.9224 
        1.44809         177.013          23.683 
        1.45423         176.087          23.446 
        1.46036         174.836         23.2127 
        1.46649         173.658         22.9825 
        1.47263          172.62         22.7552 
        1.47877         171.569         22.5311 
        1.48491         170.056         22.3097 
        1.49104         169.902         22.0918 
        1.49718         168.233         21.8766 
        1.50333         167.602         21.6639 
        1.50947         166.722         21.4545 
         1.5156         165.544         21.2482 
        1.52172         164.876         21.0447 
        1.52787         163.326         20.8433 
          1.534         163.035         20.6449 
        1.54013         161.895         20.4492 
        1.54627         160.928         20.2558 
        1.55241         159.895         20.0648 
        1.55855         158.991         19.8766 
        1.56467         157.838         19.6913 
         1.5708         157.128         19.5078 
        1.57695         156.514         19.3265 
        1.58308         155.612         19.1478 
        1.58922         154.737         18.9713 
        1.59535         153.458         18.7971 
         1.6015         153.055         18.6248 
        1.60764         152.064         18.4548 
        1.61376         151.127         18.2874 
        1.61989         150.325          18.122 
        1.62604         149.195         17.9582 
        1.63218          148.79         17.7966 
        1.63831         147.651         17.6373 
        1.64444         147.025         17.4799 
        1.65059         146.115         17.3241 
        1.65673         145.016         17.1704 
        1.66285         144.529         17.0189 
        1.66898         143.418         16.8693 
        1.67512         143.225         16.7211 
        1.68127          141.86         16.5746 
         1.6874          140.96         16.4302 
        1.69353         140.509         16.2876 
        1.69967         139.514         16.1463 
        1.70581         138.827         16.0068 
        1.71193         137.951         15.8695 
        1.71806         137.383         15.7335 
        1.72421         136.553         15.5988 
        1.73035         136.253         15.4659 
        1.73649         135.252         15.3345 
        1.74262         134.281         15.2048 
        1.74876         133.699         15.0764 
        1.75489         132.823         14.9499 
        1.76101         131.846         14.8248 
        1.76715         131.531          14.701 
        1.77329         130.988         14.5784 
        1.77943         129.993         14.4572 
        1.78557         129.489         14.3376 
        1.79171         128.625         14.2193 
        1.79785         127.838         14.1023 
        1.80399         127.101         13.9867 
        1.81012         126.507         13.8725 
        1.81625         125.939         13.7597 
        1.82239         125.316         13.6479 
        1.82853         124.536         13.5375 
        1.83466         123.743         13.4283 
        1.84078         123.248         13.3205 
        1.84692         122.133         13.2137 
        1.85306         122.005          13.108 
         1.8592         121.106         13.0036 
        1.86533         120.282         12.9003 
        1.87147         119.593         12.7981 
        1.87761         118.915          12.697 
        1.88375          118.17          12.597 
        1.88988         117.633         12.4983 
        1.89601         116.998         12.4005 
        1.90215         116.374         12.3037 
        1.90829         115.801          12.208 
        1.91442         115.216         12.1133 
        1.92056         114.435         12.0197 
         1.9267         114.085          11.927 
        1.93284         113.341         11.8352 
        1.93897         112.655         11.7446 
        1.94509         112.195         11.6551 
        1.95123         111.564         11.5663 
        1.95737         111.028         11.4784 
        1.96349           110.4         11.3916 
        1.96964         109.424         11.3054 
        1.97578         108.858         11.2202 
        1.98192         108.619         11.1359 
        1.98805         107.836         11.0526 
        1.99419         107.431           10.97 
        2.00033         106.657         10.8883 
        2.00647         106.329         10.8075 
         2.0126          105.46         10.7276 
        2.01874          104.91         10.6484 
        2.02488         104.581         10.5699 
        2.03101         103.749         10.4923 
        2.03714          103.21         10.4157 
        2.04328         102.736         10.3397 
        2.04941         102.164         10.2645 
        2.05554         101.523         10.1901 
        2.06167         101.213         10.1163 
        2.06781         100.441         10.0433 
        2.07396         100.037         9.97093 
        2.08009         99.5586         9.89936 
        2.08622         98.8798         9.82859 
        2.09237         98.3863         9.75837 
        2.09851         97.9151         9.68882 
        2.10464         97.4512         9.62007 
        2.11077         96.9204         9.55206 
        2.11691         96.5159         9.48457 
        2.12305           95.76         9.41772 
        2.12918         95.1915         9.35168 
        2.13531         94.8296         9.28627 
        2.14145         94.0975         9.22133 
         2.1476         93.5952         9.15694 
        2.15372         93.2999         9.09349 
        2.15985          92.848         9.03057 
        2.16599         92.1702         8.96807 
        2.17213         91.7805         8.90623 
        2.17827         91.3324         8.84499 
         2.1844         90.6727         8.78437 
        2.19054         90.4102         8.72431 
        2.19666         89.9638         8.66489 
         2.2028         89.3788         8.60598 
        2.20893         88.9871         8.54758 
        2.21508         88.4634         8.48967 
        2.22122         87.9836         8.43227 
        2.22736         87.5449         8.37552 
        2.23349         87.1716         8.31931 
        2.23962         86.6925         8.26358 
        2.24577          86.265         8.20832 
         2.2519         85.9123         8.15364 
        2.25802         85.2089         8.09955 
        2.26417         84.8899          8.0458 
        2.27031         84.4371         7.99249 
        2.27644         83.9121         7.93982 
        2.28257         83.4144         7.88763 
        2.28872         83.2296         7.83581 
        2.29486         82.5684         7.78446 
        2.30099         82.1153         7.73369 
        2.30712         81.8456         7.68334 
        2.31326         81.3497         7.63336 
         2.3194          80.886         7.58385 
        2.32553         80.5986         7.53486 
        2.33166         80.1487         7.48633 
         2.3378         79.5936         7.43816 
        2.34394         79.2441          7.3904 
        2.35007         78.8751         7.34313 
        2.35619          78.535         7.29633 
        2.36233         78.0026         7.24983 
        2.36848         77.5869         7.20363 
        2.37462         77.1537         7.15794 
        2.38075         76.8583         7.11269 
        2.38689         76.4045         7.06779 
        2.39303         75.9071         7.02328 
        2.39916          75.657         6.97921 
        2.40529         75.3759         6.93551 
        2.41143         74.7642         6.89216 
        2.41757         74.5463         6.84916 
         2.4237         74.1931          6.8066 
        2.42983            73.7         6.76442 
        2.43598         73.2969         6.72247 
        2.44211         73.1414         6.68096 
        2.44823         72.6444         6.63988 
        2.45437         72.0991         6.59904 
        2.46052         71.8202         6.55851 
        2.46665         71.5946         6.51839 
        2.47279         71.0954         6.47862 
        2.47892         70.7983         6.43916 
        2.48507          70.366         6.39999 
         2.4912         70.0733         6.36122 
        2.49733         69.7424         6.32279 
        2.50347         69.4519         6.28461 
        2.50961         69.1212         6.24675 
        2.51575         68.7317         6.20922 
        2.52188         68.2818         6.17205 
        2.52802          67.955         6.13513 
        2.53416         67.7218         6.09851 
        2.54029         67.2142         6.06225 
        2.54641         66.9609          6.0263 
        2.55255         66.6068         5.99061 
        2.55869         66.2401         5.95515 
        2.56483         65.9861         5.92002 
        2.57096          65.603         5.88522 
        2.57709         65.2531         5.85069 
        2.58323          64.812          5.8164 
        2.58937         64.6564         5.78237 
        2.59551         64.3657         5.74865 
        2.60164         63.9536         5.71522 
        2.60778         63.7601         5.68201 
        2.61392         63.3697         5.64908 
        2.62006           63.12         5.61642 
        2.62619          62.746         5.58406 
        2.63232          62.388         5.55194 
        2.63846          62.096         5.52004 
        2.64459         61.7965         5.48844 
        2.65072         61.4299         5.45708 
        2.65686         61.1696         5.42596 
          2.663         60.9006         5.39503 
        2.66915         60.6353         5.36435 
        2.67527         60.2034         5.33397 
        2.68141         59.9538         5.30382 
        2.68755         59.7503         5.27387 
        2.69368         59.5238         5.24417 
        2.69981         59.1626         5.21475 
        2.70595         58.7959         5.18548 
        2.71209         58.5415         5.15642 
        2.71823         58.2882         5.12764 
        2.72436         57.9599         5.09908 
         2.7305         57.6978         5.07073 
        2.73663         57.4613         5.04259 
        2.74276         57.0862          5.0147 
         2.7489         56.8679         4.98699 
        2.75504         56.5859         4.95947 
        2.76118          56.274         4.93214 
        2.76732         55.9756         4.90507 
        2.77345         55.7748          4.8782 
        2.77959         55.4518         4.85152 
        2.78572         55.1769         4.82506 
        2.79186         54.8612         4.79879 
        2.79798         54.6573         4.77276 
        2.80412         54.4129         4.74686 
        2.81027         54.0548         4.72114 
         2.8164         53.8406         4.69565 
        2.82253         53.6182         4.67036 
        2.82867         53.3217         4.64524 
        2.83481         53.0912          4.6203 
        2.84095         52.7573         4.59554 
        2.84708         52.5265         4.57099 
        2.85322         52.2639          4.5466 
        2.85935          52.077         4.52239 
        2.86549          51.752         4.49837 
        2.87162         51.6054         4.47452 
        2.87776         51.2924         4.45085 
        2.88389         51.0672         4.42734 
        2.89003         50.8671         4.40401 
        2.89617         50.4732         4.38084 
        2.90231         50.3319         4.35784 
        2.90844         50.1231         4.33501 
        2.91458         49.8621         4.31234 
        2.92071         49.6223         4.28987 
        2.92684         49.3916         4.26753 
        2.93298         49.1316         4.24536 
         2.9391          48.893         4.22337 
        2.94524         48.7109         4.20151 
        2.95138         48.4779          4.1798 
        2.95752         48.1888         4.15822 
        2.96367          48.084         4.13679 
         2.9698          47.836         4.11555 
        2.97594         47.6179         4.09445 
        2.98207         47.3813         4.07349 
        2.98821         47.1664          4.0527 
        2.99434         46.8264         4.03205 
        3.00048         46.6436         4.01154 
        3.00662         46.4706         3.99116 
        3.01275         46.2435         3.97095 
        3.01888         46.0169         3.95088 
        3.02503         45.7432         3.93091 
        3.03117         45.5749         3.91109 
        3.03729         45.4112         3.89146 
        3.04342         45.1262         3.87194 
        3.04957         44.9883         3.85251 
         3.0557         44.7357         3.83325 
        3.06183         44.5174         3.81415 
        3.06796         44.3304         3.79516 
        3.07411         44.1552         3.77626 
        3.08025         43.9059         3.75752 
        3.08637         43.6652         3.73894 
         3.0925         43.5629         3.72046 
        3.09865          43.333         3.70207 
         3.1048         43.1092         3.68381 
        3.11093         42.8951         3.66571 
        3.11706         42.7245         3.64773 
         3.1232         42.5418         3.62986 
        3.12933         42.3062         3.61211 
        3.13547         42.0844         3.59449 
        3.14159         41.9349         3.57701 
        3.14773          41.738         3.55961 
        3.15388         41.5709         3.54231 
        3.16001         41.2944         3.52516 
        3.16614           41.14         3.50812 
        3.17228         40.9191         3.49119 
        3.17842         40.7295         3.47437 
        3.18455         40.5886         3.45767 
        3.19068         40.3499         3.44109 
        3.19682         40.2169         3.42459 
        3.20297         39.9872          3.4082 
         3.2091         39.8003         3.39192 
        3.21524         39.6208         3.37576 
        3.22138         39.5216          3.3597 
         3.2275         39.3549         3.34377 
        3.23363         39.1623         3.32794 
        3.23977         38.9741          3.3122 
        3.24591         38.7928         3.29656 
        3.25205          38.596           3.281 
        3.25818         38.4419         3.26556 
        3.26432         38.2581         3.25022 
        3.27046         38.0826         3.23498 
         3.2766         37.8892         3.21984 
        3.28273         37.7132          3.2048 
        3.28887          37.547         3.18985 
          3.295         37.3649         3.17501 
        3.30113         37.2252         3.16026 
        3.30727         37.0581         3.14559 
        3.31341         36.8708         3.13103 
        3.31954         36.7031         3.11657 
        3.32568         36.5868         3.10217 
        3.33182         36.4324         3.08788 
        3.33795         36.2436         3.07369 
        3.34409         36.0966         3.05957 
        3.35022         35.8823         3.04555 
        3.35636         35.7657         3.03162 
         3.3625         35.5802         3.01777 
        3.36864         35.4216         3.00401 
        3.37477         35.2705         2.99033 
        3.38091          35.101         2.97675 
        3.38704         34.9446         2.96326 
        3.39318         34.7964         2.94983 
        3.39931          34.651          2.9365 
        3.40545         34.5321         2.92325 
        3.41158         34.3611         2.91008 
        3.41772          34.251           2.897 
        3.42385         34.1019           2.884 
        3.42998         33.8772         2.87108 
        3.43612         33.7583         2.85824 
        3.44226         33.6486         2.84546 
         3.4484         33.4459         2.83275 
        3.45453         33.3631         2.82015 
        3.46066         33.1629         2.80763 
        3.46681         32.9993         2.79515 
        3.47295         32.8794         2.78276 
        3.47908         32.7066         2.77047 
        3.48521         32.5866         2.75825 
        3.49135         32.4637         2.74608 
        3.49749          32.311           2.734 
        3.50362         32.1992         2.72199 
        3.50976         32.0094         2.71005 
        3.51589         31.8756         2.69819 
        3.52203         31.7443          2.6864 
        3.52816         31.6195         2.67469 
        3.53429         31.4754         2.66304 
        3.54043         31.3556         2.65145 
        3.54657         31.2014         2.63992 
        3.55271         31.0779         2.62848 
        3.55884         30.9185         2.61712 
        3.56498          30.818          2.6058 
        3.57112          30.663         2.59455 
        3.57725         30.5163         2.58338 
        3.58338          30.419         2.57229 
        3.58952         30.2831         2.56124 
        3.59566         30.1513         2.55025 
         3.6018         30.0274         2.53934 
        3.60793         29.8867          2.5285 
        3.61407         29.7119         2.51772 
        3.62021         29.6609         2.50699 
        3.62634         29.4988         2.49634 
        3.63247         29.3965         2.48575 
        3.63861          29.258         2.47522 
        3.64475         29.1269         2.46473 
        3.65089         29.0126         2.45432 
        3.65702         28.9198         2.44398 
        3.66316         28.7788         2.43368 
        3.66929         28.6603         2.42346 
        3.67543         28.5584         2.41329 
        3.68156         28.4073         2.40318 
        3.68769         28.2606         2.39313 
        3.69383         28.1714         2.38313 
        3.69997         28.0347         2.37318 
        3.70611         27.9553          2.3633 
        3.71224         27.8327         2.35348 
        3.71838         27.6958          2.3437 
        3.72451         27.6139           2.334 
        3.73065         27.4611         2.32434 
        3.73678           27.36         2.31474 
        3.74292         27.2575         2.30519 
        3.74906         27.1165         2.29569 
        3.75519         27.0326         2.28625 
        3.76133         26.8934         2.27686 
        3.76746         26.7921         2.26753 
         3.7736         26.6882         2.25826 
        3.77974          26.583         2.24902 
        3.78588         26.4675         2.23984 
        3.79201         26.3416         2.23072 
        3.79814         26.2449         2.22165 
        3.80428         26.1583         2.21262 
        3.81042         26.0427         2.20364 
        3.81655         25.9388         2.19472 
        3.82268          25.819         2.18585 
        3.82882         25.7045         2.17703 
        3.83496         25.5897         2.16825 
        3.84109         25.5178         2.15952 
        3.84723         25.3846         2.15084 
        3.85337          25.296          2.1422 
        3.85951         25.2088         2.13361 
        3.86565         25.0789         2.12508 
        3.87178         24.9667         2.11659 
        3.87791         24.8781         2.10815 
        3.88405         24.7908         2.09975 
        3.89019         24.6991          2.0914 
        3.89632         24.5678          2.0831 
        3.90246         24.4723         2.07484 
         3.9086         24.3801         2.06662 
        3.91473         24.3083         2.05845 
        3.92086         24.1794         2.05034 
        3.92699          24.101         2.04226 
        3.93313         23.9917         2.03422 
        3.93927         23.9171         2.02622 
         3.9454         23.7806         2.01827 
        3.95154         23.6993         2.01036 
        3.95768         23.6062         2.00249 
        3.96382         23.5384         1.99467 
        3.96995         23.4248         1.98689 
        3.97609         23.3168         1.97915 
        3.98222         23.2334         1.97146 
        3.98836         23.1592          1.9638 
         3.9945         23.0411         1.95618 
        4.00063         22.9498         1.94861 
        4.00677         22.8694         1.94107 
        4.01291         22.7622         1.93357 
        4.01904         22.6813         1.92612 
        4.02517         22.5785         1.91872 
        4.03131         22.5194         1.91133 
        4.03745          22.402         1.90399 
        4.04358         22.3351          1.8967 
        4.04972         22.2319         1.88944 
        4.05585         22.1468         1.88222 
        4.06199         22.0379         1.87503 
        4.06812         21.9631         1.86789 
        4.07426         21.8976         1.86078 
         4.0804         21.7877         1.85371 
        4.08654           21.69         1.84667 
        4.09267         21.6191         1.83968 
         4.0988         21.5396         1.83272 
        4.10494         21.4678          1.8258 
        4.11108          21.362         1.81891 
        4.11721         21.3083         1.81206 
        4.12334         21.1972         1.80524 
        4.12948         21.1039         1.79846 
        4.13561         21.0574         1.79171 
        4.14176         20.9538           1.785 
        4.14789         20.8785         1.77832 
        4.15403         20.7866         1.77168 
        4.16016         20.7153         1.76507 
         4.1663         20.6505         1.75849 
        4.17243         20.5585         1.75195 
        4.17857          20.469         1.74544 
        4.18471         20.3826         1.73897 
        4.19084         20.3579         1.73252 
        4.19698         20.2474         1.72612 
        4.20312         20.1578         1.71974 
        4.20925         20.0845         1.71339 
        4.21538         20.0278         1.70709 
        4.22152         19.9144          1.7008 
        4.22766         19.8485         1.69455 
         4.2338         19.7738         1.68834 
        4.23993           19.72         1.68215 
        4.24607         19.6264           1.676 
         4.2522         19.5588         1.66987 
        4.25834         19.4744         1.66378 
        4.26447         19.3977         1.65772 
        4.27061         19.3338         1.65169 
        4.27674         19.2689         1.64569 
        4.28288         19.1952         1.63972 
        4.28902         19.1168         1.63377 
        4.29515         19.0398         1.62786 
        4.30129         18.9642         1.62198 
        4.30743         18.9138         1.61612 
        4.31356         18.8187          1.6103 
        4.31969         18.7439         1.60451 
        4.32583         18.6882         1.59874 
        4.33197         18.6161           1.593 
         4.3381         18.5466         1.58729 
        4.34424         18.4795         1.58161 
        4.35038         18.4345         1.57595 
        4.35652         18.3418         1.57032 
        4.36265         18.2693         1.56472 
        4.36878         18.2053         1.55915 
        4.37492         18.1338          1.5536 
        4.38106         18.0576         1.54808 
        4.38719         18.0151          1.5426 
        4.39333         17.9449         1.53714 
        4.39946         17.8553          1.5317 
         4.4056         17.8055         1.52629 
        4.41173         17.7322          1.5209 
        4.41786         17.6712         1.51555 
          4.424         17.6096         1.51022 
        4.43014         17.5509         1.50491 
        4.43628         17.4709         1.49962 
        4.44241         17.4093         1.49437 
        4.44855         17.3423         1.48914 
        4.45469         17.2946         1.48393 
        4.46083         17.2177         1.47875 
        4.46696         17.1665          1.4736 
        4.47309         17.1123         1.46847 
        4.47923         17.0396         1.46336 
        4.48537         16.9858         1.45828 
         4.4915         16.9154         1.45322 
        4.49764         16.8541         1.44819 
        4.50378         16.7974         1.44318 
        4.50991         16.7213          1.4382 
        4.51604         16.6605         1.43324 
        4.52218         16.6104          1.4283 
        4.52832           16.55         1.42338 
        4.53445           16.51         1.41849 
        4.54059         16.4383         1.41362 
        4.54673         16.3745         1.40878 
        4.55286         16.3282         1.40395 
          4.559         16.2536         1.39915 
        4.56513         16.1915         1.39438 
        4.57127         16.1435         1.38962 
        4.57741         16.0902         1.38489 
        4.58354         16.0308         1.38018 
        4.58968         15.9588         1.37549 
        4.59582         15.9152         1.37082 
        4.60195         15.8662         1.36618 
        4.60809         15.7986         1.36156 
        4.61422          15.758         1.35696 
        4.62036          15.699         1.35238 
        4.62649         15.6396         1.34782 
        4.63263         15.5812         1.34328 
        4.63876         15.5375         1.33877 
         4.6449         15.4659         1.33427 
        4.65104         15.4157         1.32979 
        4.65717         15.3666         1.32534 
        4.66331          15.311         1.32091 
        4.66944         15.2596         1.31649 
        4.67558         15.2089          1.3121 
        4.68171         15.1532         1.30773 
        4.68785         15.0923         1.30337 
        4.69399         15.0355         1.29904 
        4.70012         14.9976         1.29473 
        4.70625         14.9506         1.29044 
        4.71239         14.8973         1.28616 
        4.71853         14.8338         1.28191 
        4.72467         14.7878         1.27767 
         4.7308         14.7309         1.27345 
        4.73694         14.6968         1.26926 
        4.74308         14.6354         1.26508 
        4.74922          14.584         1.26092 
        4.75535         14.5266         1.25678 
        4.76148         14.4812         1.25266 
        4.76762         14.4419         1.24855 
        4.77376         14.3904         1.24447 
        4.77989         14.3308         1.24041 
        4.78602         14.2977         1.23636 
        4.79216          14.254         1.23233 
         4.7983         14.1887         1.22831 
        4.80443         14.1477         1.22432 
        4.81056         14.0967         1.22035 
         4.8167           14.07         1.21639 
        4.82284         14.0073         1.21244 
        4.82898         13.9684         1.20852 
        4.83511         13.9148         1.20462 
        4.84125         13.8729         1.20073 
        4.84739         13.8175         1.19685 
        4.85352         13.7776           1.193 
        4.85965         13.7407         1.18917 
        4.86579         13.6852         1.18535 
        4.87193         13.6204         1.18154 
        4.87807         13.5863         1.17775 
         4.8842          13.551         1.17399 
        4.89034         13.5211         1.17023 
        4.89647          13.467         1.16649 
        4.90261         13.4254         1.16277 
        4.90874         13.3743         1.15907 
        4.91488         13.3362         1.15538 
        4.92102         13.2977         1.15171 
        4.92715         13.2356         1.14805 
        4.93329         13.2006         1.14442 
        4.93942         13.1574         1.14079 
        4.94556         13.1195         1.13718 
         4.9517         13.0894         1.13359 
        4.95783         13.0358         1.13001 
        4.96397         12.9861         1.12645 
        4.97011         12.9607          1.1229 
        4.97624         12.9165         1.11937 
        4.98238         12.8665         1.11586 
        4.98851         12.8202         1.11236 
        4.99465         12.7927         1.10887 
        5.00078         12.7378          1.1054 
        5.00691         12.7017         1.10195 
        5.01305         12.6582         1.09851 
        5.01919         12.6279         1.09508 
        5.02533         12.5843         1.09167 
        5.03146         12.5417         1.08827 
         5.0376         12.5057         1.08489 
        5.04374         12.4667         1.08152 
        5.04987         12.4273         1.07817 
        5.05601         12.3894         1.07483 
        5.06215           12.35         1.07151 
        5.06829         12.3108         1.06819 
        5.07442         12.2719          1.0649 
        5.08055         12.2331         1.06162 
        5.08668         12.1925         1.05835 
        5.09282         12.1593         1.05509 
        5.09896         12.1216         1.05185 
        5.10509         12.0861         1.04863 
        5.11123         12.0531         1.04541 
        5.11736         12.0108         1.04221 
         5.1235         11.9749         1.03903 
        5.12964         11.9386         1.03585 
        5.13577           11.91         1.03269 
        5.14191         11.8656         1.02954 
        5.14804         11.8243         1.02641 
        5.15418         11.7918         1.02329 
        5.16032         11.7495         1.02018 
        5.16645         11.7232         1.01709 
        5.17259         11.6909         1.01401 
        5.17872         11.6547         1.01094 
        5.18486         11.6146         1.00788 
          5.191         11.5843         1.00484 
        5.19713         11.5495         1.00181 
        5.20327         11.5188        0.998791 
        5.20941         11.4834        0.995783 
        5.21555          11.451        0.992787 
        5.22168         11.4113        0.989807 
        5.22781         11.3886         0.98684 
        5.23395          11.353        0.983884 
        5.24009         11.3195        0.980938 
        5.24622         11.2888        0.978006 
        5.25236         11.2524        0.975087 
         5.2585         11.2091        0.972177 
        5.26463         11.1794         0.96928 
        5.27077         11.1517        0.966396 
         5.2769         11.1227        0.963524 
        5.28304         11.0911        0.960663 
        5.28917         11.0625        0.957815 
         5.2953         11.0277        0.954979 
        5.30144         10.9925        0.952153 
        5.30757         10.9661        0.949338 
        5.31371         10.9336        0.946534 
        5.31985         10.8988         0.94374 
        5.32599         10.8702        0.940958 
        5.33213          10.849        0.938187 
        5.33826         10.8204        0.935429 
         5.3444         10.7842        0.932682 
        5.35053         10.7604        0.929946 
        5.35667         10.7207        0.927221 
        5.36281         10.6894        0.924505 
        5.36894         10.6717        0.921801 
        5.37507         10.6356         0.91911 
        5.38121          10.603        0.916427 
        5.38735         10.5754        0.913755 
        5.39348         10.5537        0.911097 
        5.39961         10.5265        0.908448 
        5.40575         10.4903        0.905807 
        5.41189         10.4622        0.903177 
        5.41803         10.4387        0.900558 
        5.42416         10.4164        0.897951 
         5.4303         10.3845        0.895352 
        5.43644         10.3519        0.892765 
        5.44257         10.3262        0.890188 
        5.44871         10.2976        0.887621 
        5.45484         10.2769        0.885064 
        5.46098         10.2457        0.882516 
        5.46712         10.2131        0.879979 
        5.47325         10.1988        0.877452 
        5.47938           10.17        0.874938 
        5.48552         10.1425        0.872432 
        5.49165         10.1117        0.869935 
        5.49779          10.095        0.867448 
        5.50393         10.0636        0.864969 
        5.51006         10.0429          0.8625 
         5.5162         10.0122        0.860042 
        5.52234         9.98064        0.857594 
        5.52847         9.96569        0.855154 
        5.53461         9.94064        0.852724 
        5.54075         9.91826        0.850304 
        5.54688          9.8923        0.847895 
        5.55302         9.86949        0.845493 
        5.55915         9.84376        0.843101 
        5.56529         9.81501        0.840719 
        5.57143         9.79678        0.838345 
        5.57756         9.77582         0.83598 
         5.5837         9.74469        0.833626 
        5.58983         9.72435        0.831282 
        5.59597         9.69643        0.828945 
         5.6021         9.68508        0.826617 
        5.60824         9.65031        0.824297 
        5.61438         9.62602        0.821988 
        5.62051         9.61478        0.819687 
        5.62665         9.59783        0.817395 
        5.63278         9.56721        0.815112 
        5.63892         9.55234        0.812838 
        5.64505         9.51833        0.810572 
        5.65119          9.5023        0.808316 
        5.65733         9.48092        0.806067 
        5.66346         9.46471        0.803828 
         5.6696         9.44024        0.801596 
        5.67573         9.41978        0.799373 
        5.68187          9.4003        0.797159 
          5.688         9.36797        0.794954 
        5.69414         9.35374        0.792757 
        5.70028         9.34011        0.790567 
        5.70642         9.32581        0.788385 
        5.71255         9.29156        0.786213 
        5.71869         9.26473         0.78405 
        5.72482          9.2563        0.781895 
        5.73096         9.24523        0.779747 
        5.73709         9.22152        0.777609 
        5.74322          9.2001        0.775478 
        5.74936         9.17609        0.773353 
         5.7555         9.15625        0.771236 
        5.76164          9.1367        0.769129 
        5.76777          9.1266        0.767031 
        5.77391         9.10412        0.764938 
        5.78005         9.08133        0.762853 
        5.78618         9.06337        0.760778 
        5.79231         9.05316        0.758713 
        5.79845         9.03495        0.756651 
        5.80459         9.01501        0.754596 
        5.81073         8.99912        0.752552 
        5.81686         8.98642        0.750516 
          5.823         8.96737        0.748485 
        5.82914         8.94374        0.746462 
        5.83527         8.93298         0.74445 
         5.8414         8.90904        0.742443 
        5.84754         8.90422        0.740442 
        5.85368         8.88058        0.738449 
        5.85981         8.86788        0.736465 
        5.86595         8.84901        0.734488 
        5.87208         8.83115        0.732518 
        5.87822         8.81629        0.730556 
        5.88435         8.80492        0.728601 
        5.89049         8.78836        0.726652 
        5.89662         8.77636        0.724711 
        5.90276         8.75586        0.722776 
         5.9089         8.73988        0.720848 
        5.91503         8.74095         0.71893 
        5.92117         8.71332        0.717017 
        5.92731         8.70035         0.71511 
        5.93344         8.68544        0.713212 
        5.93958         8.67349         0.71132 
        5.94572         8.66376        0.709435 
        5.95186         8.63915        0.707556 
        5.95799         8.63211        0.705686 
        5.96412         8.62278        0.703822 
        5.97026         8.60663        0.701964 
         5.9764         8.59659        0.700114 
        5.98253         8.57837        0.698271 
        5.98866         8.57098        0.696434 
         5.9948         8.55526        0.694602 
        6.00094         8.54003        0.692778 
        6.00707         8.52588        0.690961 
        6.01321         8.51956         0.68915 
        6.01935          8.5006        0.687346 
        6.02548         8.49865        0.685548 
        6.03162         8.48384        0.683757 
        6.03775         8.47754        0.681974 
        6.04389         8.46146        0.680195 
        6.05003         8.44926        0.678422 
        6.05617         8.44251        0.676655 
         6.0623         8.42854        0.674896 
        6.06844         8.41619        0.673143 
        6.07457         8.41517        0.671397 
         6.0807         8.39691        0.669658 
        6.08684         8.39039        0.667924 
        6.09298         8.37675        0.666196 
        6.09912         8.37468        0.664473 
        6.10525         8.36169        0.662758 
        6.11138         8.35086        0.661048 
        6.11752         8.33855        0.659344 
        6.12366         8.33441        0.657647 
        6.12979         8.32729        0.655956 
        6.13593         8.31665        0.654271 
        6.14207          8.3122        0.652591 
         6.1482         8.30135        0.650917 
        6.15434         8.29672         0.64925 
        6.16047         8.28891        0.647589 
        6.16661         8.27621        0.645932 
        6.17274         8.28087        0.644282 
        6.17887         8.26602        0.642639 
        6.18501         8.26261           0.641 
        6.19115         8.25654        0.639367 
        6.19729         8.25083        0.637738 
        6.20342         8.24449        0.636117 
        6.20956         8.23544        0.634502 
         6.2157         8.23031         0.63289 
        6.22183         8.22796        0.631286 
        6.22797         8.21232        0.629687 
         6.2341         8.20571        0.628094 
        6.24024          8.2021        0.626506 
        6.24638         8.20353        0.624922 
        6.25251         8.19677        0.623346 
        6.25865         8.19159        0.621775 
        6.26478         8.18797        0.620208 
        6.27092         8.19043        0.618648 
        6.27705         8.17275        0.617094 
        6.28318         8.17309        0.615544 
