# k  (h/Mpc)    P(k)  (Mpc/h)^3    P_linear(k)  (Mpc/h)^3
     0.00783031         63.9275         71.3079 
       0.013688          79.048         87.7837 
       0.019231         80.0048         88.4951 
      0.0249154         73.5144         81.3818 
      0.0312784         63.4872         70.0543 
      0.0375637         53.9386         59.4067 
      0.0433917         46.8768         51.6508 
      0.0492413         41.8727          46.117 
      0.0555754         38.1521         42.0739 
      0.0619321         35.4992          39.099 
       0.067871         33.0776         36.5068 
      0.0738098         30.4703         33.6416 
      0.0800417         27.4036         30.2642 
      0.0862327         24.2819         26.7823 
      0.0921407         21.5002         23.6923 
      0.0982031         19.0922         21.0444 
       0.104506         17.2537         18.9827 
       0.110769         15.9646         17.5756 
       0.116806         15.0903         16.6466 
       0.122832         14.4382         15.9156 
       0.129052         13.7293         15.1576 
       0.135211         12.9233         14.2747 
       0.141259         12.0207         13.2606 
       0.147318         11.0463         12.1682 
       0.153489         10.0635         11.0895 
       0.159709         9.20532         10.1416 
       0.165845          8.5505         9.39985 
       0.171974         8.03099         8.85164 
       0.178125         7.66908         8.45139 
       0.184229         7.38648          8.1362 
        0.19034         7.09602         7.83561 
       0.196428         6.80271         7.50342 
       0.202534         6.47049         7.11992 
       0.208729         6.07319         6.69195 
       0.214876         5.67444         6.26053 
       0.220989         5.32926         5.86005 
       0.227147         4.99822         5.51165 
        0.23329         4.74227         5.22891 
       0.239377         4.54093         5.00634 
       0.245482         4.37159         4.82344 
       0.251667         4.22839         4.65753 
       0.257832         4.07298         4.49195 
       0.263955         3.91616         4.31608 
       0.270079         3.74639         4.12724 
        0.27624         3.57442         3.93046 
       0.282372         3.40034         3.73859 
        0.28843         3.23499         3.56266 
       0.294538          3.0933         3.40557 
       0.300721         2.97403         3.26875 
        0.30691         2.86209         3.15085 
       0.313033          2.7675         3.04699 
       0.319153          2.6695         2.94911 
       0.325316         2.59392         2.85117 
        0.33145         2.50156         2.75157 
       0.337538         2.40955         2.65075 
       0.343633         2.31598         2.55008 
       0.349808         2.22881         2.45148 
       0.355968         2.14712         2.35952 
       0.362074         2.06945         2.27607 
       0.368217         2.00084         2.20022 
       0.374374         1.93362         2.13091 
       0.380519         1.87924         2.06651 
       0.386598         1.82502         2.00559 
       0.392688         1.77277         1.94564 
        0.39888         1.71569          1.8852 
       0.405048         1.66219         1.82559 
       0.411186          1.6102         1.76744 
       0.417313          1.5575         1.71157 
       0.423458         1.51182         1.65846 
       0.429607         1.46402         1.60852 
       0.435692         1.42198         1.56236 
       0.441815         1.38255          1.5187 
       0.447964         1.34775         1.47698 
       0.454126          1.3081         1.43673 
       0.460267         1.27193         1.39777 
       0.466387         1.23694         1.35978 
        0.47254         1.20367          1.3224 
       0.478662         1.17208         1.28628 
       0.484765          1.1392         1.25156 
       0.490885         1.10984         1.21817 
       0.497035         1.08343         1.18611 
       0.503198         1.05371         1.15552 
       0.509342           1.029         1.12641 
       0.515458         1.00169         1.09856 
       0.521598        0.977506         1.07152 
       0.527764        0.951936         1.04515 
       0.533884        0.931697         1.01974 
           0.54        0.908721        0.995074 
       0.546137          0.8876        0.971031 
       0.552299        0.865652        0.947644 
       0.558452        0.843927        0.925095 
       0.564573        0.825365        0.903489 
       0.570708        0.806493        0.882653 
       0.576825        0.787836        0.862621 
       0.582926        0.771583        0.843299 
       0.589034        0.751687        0.824536 
       0.595184        0.735585        0.806183 
       0.601379        0.719829        0.788233 
       0.607522        0.705256        0.770954 
       0.613639        0.691059        0.754257 
       0.619772        0.674348        0.738017 
       0.625918        0.660502        0.722231 
       0.632068        0.647445        0.706908 
       0.638161        0.633368        0.692179 
         0.6443        0.620291        0.677777 
       0.650464        0.606525        0.663748 
       0.656582        0.594999        0.650229 
       0.662703         0.58336        0.637092 
       0.668861        0.572674        0.624249 
       0.675024        0.560537        0.611751 
       0.681124        0.548385        0.599721 
       0.687237        0.538962        0.587987 
       0.693381        0.528829         0.57651 
       0.699536        0.517015        0.565319 
       0.705665        0.507364        0.554474 
       0.711789        0.498929        0.543927 
       0.717957        0.488569        0.533585 
        0.72409        0.480128        0.523574 
       0.730186        0.470675        0.513886 
       0.736317        0.463282        0.504394 
       0.742472        0.454465         0.49511 
       0.748622        0.446063        0.486073 
        0.75476        0.437273        0.477283 
       0.760888        0.429482        0.468725 
       0.767043        0.423629        0.460345 
       0.773185        0.415138        0.452189 
       0.779291        0.407808        0.444279 
       0.785407        0.401097        0.436547 
       0.791564        0.394229        0.428953 
       0.797719        0.387737        0.421544 
       0.803834        0.381342        0.414359 
       0.809972        0.374595        0.407317 
       0.816124        0.368186        0.400424 
       0.822261        0.361702        0.393711 
       0.828378        0.356251        0.387173 
       0.834502        0.350707         0.38078 
       0.840667        0.344329         0.37449 
       0.846816        0.338949        0.368362 
       0.852925        0.334261        0.362411 
       0.859047        0.328901        0.356579 
       0.865192        0.323048        0.350858 
       0.871341        0.317815         0.34526 
       0.877463        0.313727         0.33981 
       0.883569        0.308422        0.334493 
       0.889708        0.303719        0.329263 
       0.895864        0.298866        0.324132 
       0.902008        0.294319        0.319123 
       0.908149        0.289711        0.314223 
       0.914301         0.28468        0.309418 
       0.920448        0.280864         0.30472 
       0.926574        0.276525        0.300136 
       0.932687        0.272249        0.295657 
       0.938823        0.269092        0.291254 
       0.944975        0.264962        0.286931 
       0.951105        0.261195        0.282712 
       0.957225        0.257845        0.278586 
       0.963368        0.253806        0.274528 
       0.969511        0.249802        0.270552 
       0.975621        0.246284        0.266677 
       0.981748        0.243518        0.262868 
       0.987916        0.239849         0.25911 
        0.99406        0.236294         0.25544 
        1.00019        0.233352        0.251848 
        1.00632        0.229613         0.24833 
        1.01246          0.2263        0.244874 
        1.01859        0.223616         0.24149 
        1.02471        0.220586        0.238175 
        1.03085         0.21807         0.23491 
        1.03698        0.214707        0.231715 
        1.04314        0.211895        0.228565 
        1.04929        0.208911        0.225482 
        1.05541        0.206559        0.222469 
        1.06154        0.203515        0.219503 
        1.06769        0.200666        0.216588 
        1.07382        0.198245        0.213735 
        1.07993        0.195475         0.21094 
        1.08607        0.193562        0.208184 
        1.09222         0.19069        0.205475 
        1.09836          0.1887        0.202817 
        1.10449        0.186265         0.20021 
        1.11063         0.18349        0.197646 
        1.11677        0.181114        0.195128 
         1.1229          0.1791        0.192659 
        1.12903        0.176764         0.19023 
        1.13518        0.174784        0.187841 
        1.14131        0.172466        0.185495 
        1.14745         0.16993        0.183191 
        1.15359        0.168178        0.180926 
        1.15973        0.165851        0.178698 
        1.16584        0.164279        0.176518 
        1.17197        0.162261        0.174371 
        1.17811        0.160516        0.172254 
        1.18424        0.158841        0.170178 
        1.19038        0.156672         0.16813 
        1.19652        0.154457        0.166118 
        1.20267        0.153126        0.164138 
        1.20881        0.151334        0.162191 
        1.21495        0.149727        0.160279 
        1.22108        0.147733        0.158398 
         1.2272        0.146264        0.156552 
        1.23334        0.144462        0.154731 
        1.23949         0.14285        0.152935 
        1.24562        0.141242        0.151172 
        1.25174        0.139737        0.149441 
        1.25789        0.138412        0.147731 
        1.26402        0.136424        0.146051 
        1.27014        0.135126        0.144401 
        1.27628        0.133689        0.142773 
        1.28244        0.131944        0.141166 
        1.28858         0.13065        0.139586 
        1.29471        0.129522        0.138035 
        1.30084        0.127805        0.136508 
        1.30697        0.126483        0.135002 
        1.31312        0.124833        0.133517 
        1.31925        0.123641        0.132059 
        1.32537        0.122461        0.130624 
        1.33151        0.121221        0.129206 
        1.33765        0.119962         0.12781 
        1.34378        0.118596        0.126437 
        1.34992        0.117315        0.125083 
        1.35606        0.116119        0.123746 
         1.3622        0.114975        0.122432 
        1.36833        0.113737        0.121139 
        1.37445        0.112335        0.119866 
        1.38059        0.111329        0.118607 
        1.38675        0.110502        0.117364 
        1.39288        0.109271        0.116143 
        1.39901        0.108112        0.114941 
        1.40515        0.107199        0.113752 
         1.4113        0.105838        0.112581 
        1.41742        0.104849        0.111432 
        1.42355        0.103959        0.110296 
         1.4297        0.102807        0.109172 
        1.43585        0.101832        0.108065 
        1.44198        0.100925        0.106977 
        1.44809       0.0998352        0.105907 
        1.45423       0.0989252        0.104847 
        1.46036        0.097977        0.103804 
        1.46649       0.0972156        0.102774 
        1.47263       0.0961445        0.101758 
        1.47877        0.095014        0.100756 
        1.48491       0.0942744       0.0997658 
        1.49104       0.0932427       0.0987912 
        1.49718       0.0922831       0.0978289 
        1.50333       0.0916826       0.0968779 
        1.50947       0.0906577       0.0959416 
         1.5156       0.0898238        0.095019 
        1.52172        0.089002       0.0941086 
        1.52787       0.0881764       0.0932083 
          1.534       0.0872579       0.0923209 
        1.54013       0.0865008        0.091446 
        1.54627        0.085894       0.0905809 
        1.55241       0.0849221       0.0897269 
        1.55855        0.084087       0.0888851 
        1.56467       0.0835947       0.0880565 
         1.5708       0.0827535       0.0872361 
        1.57695       0.0819359        0.086425 
        1.58308       0.0811725       0.0856262 
        1.58922        0.080515       0.0848369 
        1.59535        0.079781       0.0840579 
         1.6015       0.0789974       0.0832876 
        1.60764       0.0784072       0.0825274 
        1.61376        0.077618       0.0817788 
        1.61989       0.0770062       0.0810389 
        1.62604       0.0763966       0.0803065 
        1.63218       0.0757081       0.0795837 
        1.63831       0.0750187       0.0788715 
        1.64444       0.0744075       0.0781677 
        1.65059       0.0737963        0.077471 
        1.65673       0.0731725       0.0767834 
        1.66285       0.0726362       0.0761062 
        1.66898       0.0719639       0.0754369 
        1.67512       0.0712533       0.0747744 
        1.68127       0.0706192       0.0741193 
         1.6874       0.0701183       0.0734735 
        1.69353       0.0693854       0.0728358 
        1.69967       0.0690663       0.0722041 
        1.70581       0.0682271       0.0715803 
        1.71193       0.0677378       0.0709661 
        1.71806       0.0671283       0.0703579 
        1.72421       0.0667786       0.0697556 
        1.73035       0.0660783       0.0691611 
        1.73649       0.0656552       0.0685736 
        1.74262       0.0650582       0.0679935 
        1.74876       0.0645063       0.0674197 
        1.75489       0.0641014       0.0668537 
        1.76101         0.06348       0.0662944 
        1.76715       0.0629369       0.0657407 
        1.77329       0.0623793       0.0651927 
        1.77943       0.0619706       0.0646508 
        1.78557       0.0615122       0.0641158 
        1.79171       0.0610214       0.0635868 
        1.79785       0.0605479       0.0630637 
        1.80399       0.0600321       0.0625466 
        1.81012       0.0595947        0.062036 
        1.81625       0.0590967       0.0615313 
        1.82239       0.0586157       0.0610316 
        1.82853       0.0581791       0.0605376 
        1.83466       0.0577273       0.0600496 
        1.84078       0.0572931       0.0595675 
        1.84692       0.0567908         0.05909 
        1.85306       0.0564415       0.0586171 
         1.8592       0.0559136       0.0581501 
        1.86533       0.0555819       0.0576885 
        1.87147       0.0551064       0.0572314 
        1.87761       0.0548039        0.056779 
        1.88375       0.0543812       0.0563321 
        1.88988       0.0538749       0.0558905 
        1.89601       0.0535049       0.0554533 
        1.90215       0.0530947       0.0550205 
        1.90829       0.0526468       0.0545926 
        1.91442       0.0523895       0.0541691 
        1.92056       0.0519164       0.0537505 
         1.9267       0.0515087        0.053336 
        1.93284       0.0511522       0.0529255 
        1.93897       0.0507808       0.0525202 
        1.94509       0.0504663       0.0521199 
        1.95123       0.0500459       0.0517229 
        1.95737       0.0497035       0.0513297 
        1.96349        0.049309       0.0509416 
        1.96964       0.0489738       0.0505564 
        1.97578       0.0486045        0.050175 
        1.98192       0.0483125       0.0497984 
        1.98805       0.0479375       0.0494255 
        1.99419       0.0475494       0.0490565 
        2.00033       0.0472187       0.0486911 
        2.00647       0.0470125       0.0483295 
         2.0126       0.0465514       0.0479722 
        2.01874       0.0463298        0.047618 
        2.02488       0.0459828       0.0472671 
        2.03101       0.0456656       0.0469203 
        2.03714       0.0452444       0.0465774 
        2.04328       0.0450759       0.0462375 
        2.04941       0.0446333       0.0459013 
        2.05554        0.044431       0.0455687 
        2.06167       0.0441397       0.0452389 
        2.06781       0.0437757       0.0449124 
        2.07396       0.0435052       0.0445886 
        2.08009       0.0432092       0.0442686 
        2.08622       0.0429348       0.0439521 
        2.09237       0.0426273       0.0436381 
        2.09851       0.0423289       0.0433271 
        2.10464       0.0421072       0.0430197 
        2.11077        0.041769       0.0427156 
        2.11691       0.0414662       0.0424137 
        2.12305       0.0412171       0.0421148 
        2.12918       0.0409882       0.0418195 
        2.13531       0.0406487        0.041527 
        2.14145       0.0403635       0.0412366 
         2.1476       0.0401109       0.0409486 
        2.15372       0.0399246       0.0406649 
        2.15985       0.0395871       0.0403835 
        2.16599        0.039328        0.040104 
        2.17213       0.0390888       0.0398275 
        2.17827       0.0388218       0.0395536 
         2.1844       0.0386397       0.0392826 
        2.19054         0.03836        0.039014 
        2.19666         0.03808       0.0387483 
         2.2028       0.0378214       0.0384848 
        2.20893       0.0376459       0.0382237 
        2.21508       0.0374028       0.0379647 
        2.22122       0.0371165        0.037708 
        2.22736       0.0369227       0.0374542 
        2.23349       0.0366785       0.0372029 
        2.23962       0.0365131       0.0369537 
        2.24577       0.0362325       0.0367066 
         2.2519       0.0360099        0.036462 
        2.25802       0.0357822       0.0362202 
        2.26417       0.0355595       0.0359798 
        2.27031       0.0353003       0.0357414 
        2.27644       0.0350745       0.0355059 
        2.28257        0.034919       0.0352725 
        2.28872        0.034704       0.0350407 
        2.29486       0.0345211       0.0348111 
        2.30099       0.0342796       0.0345841 
        2.30712       0.0339882       0.0343589 
        2.31326       0.0338293       0.0341354 
         2.3194       0.0336832        0.033914 
        2.32553        0.033441        0.033695 
        2.33166       0.0332974       0.0334779 
         2.3378       0.0330783       0.0332625 
        2.34394       0.0328404        0.033049 
        2.35007       0.0326266       0.0328376 
        2.35619       0.0323871       0.0326283 
        2.36233       0.0322859       0.0324203 
        2.36848       0.0321434       0.0322137 
        2.37462        0.031887       0.0320094 
        2.38075       0.0317035        0.031807 
        2.38689       0.0315266       0.0316063 
        2.39303       0.0313605       0.0314072 
        2.39916       0.0311585       0.0312101 
        2.40529       0.0310037       0.0310147 
        2.41143       0.0307817       0.0308209 
        2.41757       0.0306079       0.0306286 
         2.4237       0.0304895       0.0304383 
        2.42983       0.0303219       0.0302496 
        2.43598       0.0301644       0.0300621 
        2.44211       0.0299284       0.0298764 
        2.44823       0.0297798       0.0296927 
        2.45437       0.0296034       0.0295101 
        2.46052       0.0294448       0.0293289 
        2.46665       0.0292397       0.0291494 
        2.47279       0.0290728       0.0289716 
        2.47892       0.0288969       0.0287951 
        2.48507       0.0287366         0.02862 
         2.4912       0.0286074       0.0284466 
        2.49733        0.028476       0.0282748 
        2.50347       0.0283444        0.028104 
        2.50961       0.0281439       0.0279347 
        2.51575       0.0280011       0.0277669 
        2.52188       0.0278266       0.0276006 
        2.52802       0.0276783       0.0274356 
        2.53416       0.0275131       0.0272718 
        2.54029       0.0274017       0.0271097 
        2.54641        0.027215       0.0269489 
        2.55255       0.0270979       0.0267893 
        2.55869       0.0269637       0.0266307 
        2.56483       0.0268031       0.0264736 
        2.57096       0.0266621        0.026318 
        2.57709       0.0265274       0.0261636 
        2.58323       0.0263753       0.0260103 
        2.58937       0.0262367       0.0258581 
        2.59551       0.0261399       0.0257073 
        2.60164       0.0259667       0.0255578 
        2.60778       0.0258313       0.0254093 
        2.61392       0.0256482        0.025262 
        2.62006       0.0255497        0.025116 
        2.62619        0.025481       0.0249713 
        2.63232       0.0252684       0.0248276 
        2.63846       0.0251572        0.024685 
        2.64459       0.0250671       0.0245437 
        2.65072       0.0248945       0.0244034 
        2.65686       0.0248252       0.0242643 
          2.663       0.0246595       0.0241259 
        2.66915       0.0245279       0.0239887 
        2.67527       0.0244347       0.0238529 
        2.68141       0.0243015       0.0237181 
        2.68755       0.0241823       0.0235841 
        2.69368         0.02406       0.0234513 
        2.69981       0.0239335       0.0233198 
        2.70595       0.0238482       0.0231889 
        2.71209       0.0237245       0.0230589 
        2.71823       0.0236022       0.0229302 
        2.72436       0.0234675       0.0228025 
         2.7305       0.0233492       0.0226757 
        2.73663       0.0232601       0.0225499 
        2.74276       0.0231405       0.0224252 
         2.7489       0.0230115       0.0223013 
        2.75504       0.0229145       0.0221782 
        2.76118       0.0227853        0.022056 
        2.76732       0.0226777       0.0219349 
        2.77345       0.0225786       0.0218148 
        2.77959       0.0224918       0.0216955 
        2.78572       0.0223644       0.0215771 
        2.79186       0.0222437       0.0214597 
        2.79798       0.0221588       0.0213432 
        2.80412       0.0220751       0.0212274 
        2.81027        0.021961       0.0211124 
         2.8164        0.021856       0.0209984 
        2.82253       0.0217438       0.0208853 
        2.82867       0.0216534        0.020773 
        2.83481       0.0215303       0.0206615 
        2.84095       0.0214237       0.0205507 
        2.84708       0.0213793        0.020441 
        2.85322       0.0212907       0.0203319 
        2.85935       0.0211667       0.0202236 
        2.86549       0.0210728       0.0201162 
        2.87162        0.020998       0.0200096 
        2.87776       0.0208668       0.0199037 
        2.88389       0.0208017       0.0197986 
        2.89003       0.0207125       0.0196943 
        2.89617       0.0205988       0.0195907 
        2.90231       0.0205235       0.0194878 
        2.90844       0.0204093       0.0193857 
        2.91458       0.0203352       0.0192843 
        2.92071        0.020233       0.0191838 
        2.92684       0.0201685       0.0190839 
        2.93298       0.0200765       0.0189848 
         2.9391       0.0200198       0.0188865 
        2.94524       0.0199211       0.0187887 
        2.95138       0.0198328       0.0186916 
        2.95752       0.0197458       0.0185951 
        2.96367        0.019676       0.0184993 
         2.9698       0.0195696       0.0184043 
        2.97594       0.0194806       0.0183099 
        2.98207       0.0194242       0.0182162 
        2.98821       0.0193427       0.0181233 
        2.99434       0.0192678       0.0180309 
        3.00048       0.0191793       0.0179392 
        3.00662       0.0190957        0.017848 
        3.01275       0.0190247       0.0177577 
        3.01888       0.0189314       0.0176679 
        3.02503       0.0188651       0.0175786 
        3.03117       0.0188069         0.01749 
        3.03729       0.0187358       0.0174022 
        3.04342       0.0186473       0.0173149 
        3.04957       0.0186075        0.017228 
         3.0557       0.0185074       0.0171419 
        3.06183        0.018429       0.0170565 
        3.06796       0.0183863       0.0169716 
        3.07411       0.0183189        0.016887 
        3.08025         0.01825       0.0168032 
        3.08637       0.0181311       0.0167202 
         3.0925       0.0180994       0.0166375 
        3.09865       0.0180407       0.0165553 
         3.1048       0.0179847       0.0164736 
        3.11093       0.0178882       0.0163927 
        3.11706       0.0178279       0.0163123 
         3.1232        0.017804       0.0162324 
        3.12933       0.0176935        0.016153 
        3.13547       0.0176518       0.0160742 
        3.14159       0.0175546        0.015996 
        3.14773       0.0174946       0.0159182 
        3.15388       0.0174208       0.0158409 
        3.16001       0.0173787       0.0157642 
        3.16614       0.0172856        0.015688 
        3.17228       0.0172312       0.0156123 
        3.17842       0.0171562        0.015537 
        3.18455       0.0170834       0.0154624 
        3.19068       0.0170486       0.0153882 
        3.19682       0.0169835       0.0153144 
        3.20297       0.0169236       0.0152411 
         3.2091       0.0168421       0.0151684 
        3.21524       0.0167891       0.0150961 
        3.22138       0.0167482       0.0150243 
         3.2275       0.0166754        0.014953 
        3.23363        0.016623       0.0148823 
        3.23977        0.016581       0.0148118 
        3.24591       0.0165159       0.0147419 
        3.25205       0.0164838       0.0146723 
        3.25818       0.0164286       0.0146033 
        3.26432       0.0163757       0.0145347 
        3.27046       0.0163452       0.0144665 
         3.2766       0.0162804       0.0143988 
        3.28273       0.0162212       0.0143316 
        3.28887       0.0161783       0.0142647 
          3.295       0.0161503       0.0141983 
        3.30113       0.0160805       0.0141324 
        3.30727        0.016058       0.0140668 
        3.31341        0.016021       0.0140017 
        3.31954       0.0159781        0.013937 
        3.32568       0.0159539       0.0138726 
        3.33182       0.0158904       0.0138087 
        3.33795       0.0158646       0.0137453 
        3.34409       0.0158159       0.0136821 
        3.35022       0.0157986       0.0136194 
        3.35636       0.0157283       0.0135571 
         3.3625        0.015724       0.0134952 
        3.36864       0.0157004       0.0134336 
        3.37477       0.0156598       0.0133725 
        3.38091       0.0156436       0.0133118 
        3.38704        0.015602       0.0132514 
        3.39318       0.0155782       0.0131914 
        3.39931       0.0155697       0.0131318 
        3.40545       0.0155206       0.0130725 
        3.41158       0.0155002       0.0130136 
        3.41772        0.015473       0.0129551 
        3.42385       0.0154772        0.012897 
        3.42998       0.0154477       0.0128392 
        3.43612       0.0154379       0.0127818 
        3.44226        0.015425       0.0127247 
         3.4484       0.0153862       0.0126678 
        3.45453       0.0153701       0.0126115 
        3.46066       0.0153637       0.0125555 
        3.46681       0.0153501       0.0124997 
        3.47295       0.0153401       0.0124443 
        3.47908       0.0153358       0.0123893 
        3.48521       0.0153127       0.0123347 
        3.49135       0.0153141       0.0122803 
        3.49749       0.0153114       0.0122262 
        3.50362       0.0153224       0.0121725 
        3.50976        0.015296       0.0121191 
        3.51589       0.0153061       0.0120661 
        3.52203       0.0152799       0.0120133 
        3.52816       0.0152735        0.011961 
        3.53429       0.0152704       0.0119089 
        3.54043       0.0152872       0.0118571 
        3.54657        0.015277       0.0118055 
        3.55271       0.0152938       0.0117544 
        3.55884        0.015326       0.0117036 
        3.56498       0.0152973       0.0116529 
        3.57112       0.0153183       0.0116026 
        3.57725       0.0153343       0.0115527 
        3.58338       0.0153339       0.0115031 
        3.58952       0.0153595       0.0114537 
        3.59566       0.0153673       0.0114045 
         3.6018       0.0153771       0.0113557 
        3.60793        0.015376       0.0113072 
        3.61407        0.015412        0.011259 
        3.62021       0.0154399       0.0112111 
        3.62634       0.0154485       0.0111634 
        3.63247       0.0154846       0.0111161 
        3.63861       0.0154765        0.011069 
        3.64475       0.0155207       0.0110221 
        3.65089       0.0155321       0.0109755 
        3.65702       0.0155879       0.0109293 
        3.66316       0.0156112       0.0108833 
        3.66929       0.0156384       0.0108375 
        3.67543        0.015669       0.0107921 
        3.68156       0.0156961       0.0107468 
        3.68769       0.0157125       0.0107019 
        3.69383       0.0157626       0.0106572 
        3.69997       0.0158068       0.0106127 
        3.70611       0.0158582       0.0105685 
        3.71224       0.0158773       0.0105246 
        3.71838       0.0159445       0.0104809 
        3.72451       0.0159845       0.0104375 
        3.73065       0.0159988       0.0103943 
        3.73678       0.0160652       0.0103514 
        3.74292       0.0161015       0.0103086 
        3.74906       0.0161535       0.0102662 
        3.75519       0.0162066        0.010224 
        3.76133       0.0162574        0.010182 
        3.76746       0.0163329       0.0101403 
         3.7736       0.0163823       0.0100988 
        3.77974       0.0163883       0.0100575 
        3.78588       0.0164835       0.0100164 
        3.79201       0.0165221      0.00997562 
        3.79814       0.0165975      0.00993505 
        3.80428       0.0166751       0.0098947 
        3.81042       0.0167453      0.00985454 
        3.81655       0.0168048      0.00981464 
        3.82268       0.0168865      0.00977499 
        3.82882       0.0169632      0.00973554 
        3.83496       0.0170326      0.00969627 
        3.84109        0.017081      0.00965724 
        3.84723       0.0171794      0.00961844 
        3.85337       0.0172371       0.0095798 
        3.85951       0.0173542      0.00954137 
        3.86565        0.017414       0.0095032 
        3.87178       0.0175108      0.00946527 
        3.87791       0.0175833      0.00942754 
        3.88405       0.0176644      0.00938997 
        3.89019       0.0177493      0.00935262 
        3.89632       0.0178583       0.0093155 
        3.90246       0.0179558      0.00927855 
         3.9086       0.0180384      0.00924179 
        3.91473       0.0182207      0.00920529 
        3.92086       0.0182221        0.009169 
        3.92699       0.0183614      0.00913286 
        3.93313       0.0184622      0.00909689 
        3.93927       0.0185767      0.00906115 
         3.9454        0.018662      0.00902561 
        3.95154       0.0187751      0.00899022 
        3.95768       0.0189102      0.00895503 
        3.96382       0.0189588      0.00892004 
        3.96995       0.0190841      0.00888524 
        3.97609       0.0192216      0.00885063 
        3.98222       0.0193792      0.00881624 
        3.98836       0.0194893      0.00878199 
         3.9945        0.019549      0.00874793 
        4.00063       0.0197114      0.00871407 
        4.00677       0.0198718      0.00868035 
        4.01291       0.0199966      0.00864682 
        4.01904       0.0201168      0.00861352 
        4.02517       0.0202675       0.0085804 
        4.03131       0.0203872      0.00854739 
        4.03745       0.0205107      0.00851455 
        4.04358       0.0206606      0.00848193 
        4.04972       0.0207983      0.00844948 
        4.05585       0.0209683      0.00841719 
        4.06199       0.0211495      0.00838505 
        4.06812       0.0212895      0.00835311 
        4.07426       0.0214479      0.00832132 
         4.0804       0.0215797      0.00828968 
        4.08654       0.0217051      0.00825821 
        4.09267       0.0219751      0.00822694 
         4.0988       0.0221033      0.00819585 
        4.10494       0.0222708      0.00816489 
        4.11108       0.0224064      0.00813406 
        4.11721       0.0226445      0.00810343 
        4.12334       0.0227758      0.00807296 
        4.12948       0.0230121      0.00804264 
        4.13561       0.0232054      0.00801246 
        4.14176       0.0233186      0.00798242 
        4.14789       0.0235832      0.00795254 
        4.15403       0.0237832      0.00792285 
        4.16016       0.0239202      0.00789329 
         4.1663       0.0241231      0.00786389 
        4.17243       0.0243882      0.00783465 
        4.17857       0.0245393      0.00780554 
        4.18471       0.0247736      0.00777658 
        4.19084       0.0249319      0.00774777 
        4.19698       0.0252087      0.00771912 
        4.20312       0.0253664      0.00769059 
        4.20925        0.025571      0.00766222 
        4.21538       0.0258792      0.00763402 
        4.22152       0.0261263      0.00760592 
        4.22766       0.0263774      0.00757797 
         4.2338       0.0266059      0.00755018 
        4.23993       0.0268157      0.00752252 
        4.24607       0.0270923        0.007495 
         4.2522       0.0273134      0.00746761 
        4.25834       0.0275737      0.00744036 
        4.26447       0.0278083      0.00741327 
        4.27061       0.0281632      0.00738631 
        4.27674       0.0283243      0.00735947 
        4.28288       0.0285784      0.00733274 
        4.28902       0.0288736      0.00730617 
        4.29515       0.0290977      0.00727975 
        4.30129       0.0293908      0.00725343 
        4.30743       0.0298333      0.00722724 
        4.31356       0.0300821      0.00720119 
        4.31969       0.0303287       0.0071753 
        4.32583       0.0306634      0.00714952 
        4.33197        0.030862      0.00712382 
         4.3381       0.0312454      0.00709829 
        4.34424       0.0314746      0.00707289 
        4.35038       0.0317798      0.00704757 
        4.35652        0.032168       0.0070224 
        4.36265       0.0324573      0.00699738 
        4.36878       0.0327147      0.00697247 
        4.37492       0.0331471      0.00694766 
        4.38106       0.0334242      0.00692297 
        4.38719       0.0339036      0.00689844 
        4.39333       0.0341822      0.00687402 
        4.39946       0.0345355      0.00684971 
         4.4056       0.0349687      0.00682551 
        4.41173        0.035289      0.00680143 
        4.41786       0.0357278       0.0067775 
          4.424       0.0360015      0.00675365 
        4.43014       0.0364792       0.0067299 
        4.43628       0.0368049      0.00670626 
        4.44241       0.0373481      0.00668277 
        4.44855       0.0376367      0.00665938 
        4.45469       0.0380719      0.00663608 
        4.46083       0.0383955      0.00661293 
        4.46696       0.0388956       0.0065899 
        4.47309       0.0393395      0.00656694 
        4.47923       0.0397649       0.0065441 
        4.48537       0.0402507      0.00652139 
         4.4915       0.0406622      0.00649878 
        4.49764       0.0411339      0.00647626 
        4.50378       0.0415873      0.00645385 
        4.50991       0.0420642      0.00643158 
        4.51604       0.0424013      0.00640941 
        4.52218       0.0429578       0.0063873 
        4.52832       0.0435722      0.00636532 
        4.53445       0.0440089      0.00634346 
        4.54059       0.0444521      0.00632169 
        4.54673       0.0450532      0.00630002 
        4.55286       0.0456321      0.00627844 
          4.559       0.0459369      0.00625698 
        4.56513       0.0466754      0.00623563 
        4.57127       0.0472141      0.00621437 
        4.57741       0.0476897      0.00619319 
        4.58354       0.0481641      0.00617213 
        4.58968       0.0487986      0.00615117 
        4.59582        0.049388      0.00613029 
        4.60195       0.0499653      0.00610953 
        4.60809       0.0505954      0.00608887 
        4.61422        0.051083      0.00606829 
        4.62036       0.0519576      0.00604781 
        4.62649       0.0524068      0.00602742 
        4.63263       0.0530559      0.00600713 
        4.63876       0.0535815      0.00598694 
         4.6449       0.0543365      0.00596682 
        4.65104       0.0550396      0.00594681 
        4.65717       0.0556907      0.00592691 
        4.66331       0.0564336      0.00590708 
        4.66944        0.056996      0.00588734 
        4.67558       0.0576785      0.00586771 
        4.68171       0.0585318      0.00584815 
        4.68785       0.0591553      0.00582866 
        4.69399       0.0599887      0.00580929 
        4.70012       0.0605829      0.00579002 
        4.70625       0.0614097      0.00577082 
        4.71239       0.0623488       0.0057517 
        4.71853       0.0631417      0.00573267 
        4.72467       0.0636975      0.00571372 
         4.7308         0.06476      0.00569487 
        4.73694       0.0653642      0.00567611 
        4.74308       0.0661816      0.00565742 
        4.74922       0.0672143      0.00563881 
        4.75535       0.0682774      0.00562031 
        4.76148       0.0687856      0.00560189 
        4.76762       0.0697956      0.00558352 
        4.77376       0.0706515      0.00556525 
        4.77989       0.0716226      0.00554709 
        4.78602       0.0724789      0.00552899 
        4.79216       0.0733001      0.00551095 
         4.7983        0.074411      0.00549301 
        4.80443       0.0755111      0.00547517 
        4.81056       0.0763325      0.00545739 
         4.8167       0.0772323      0.00543968 
        4.82284       0.0783708      0.00542204 
        4.82898       0.0795625       0.0054045 
        4.83511       0.0806203      0.00538704 
        4.84125       0.0816978      0.00536964 
        4.84739       0.0826288      0.00535233 
        4.85352       0.0839153      0.00533511 
        4.85965       0.0847191      0.00531795 
        4.86579       0.0858669      0.00530086 
        4.87193       0.0871576      0.00528385 
        4.87807       0.0882845      0.00526691 
         4.8842       0.0896491      0.00525006 
        4.89034       0.0906171      0.00523327 
        4.89647        0.091959      0.00521656 
        4.90261       0.0931207      0.00519992 
        4.90874       0.0942544      0.00518337 
        4.91488       0.0956052      0.00516688 
        4.92102       0.0970708      0.00515044 
        4.92715       0.0983994       0.0051341 
        4.93329       0.0998311      0.00511783 
        4.93942        0.101406      0.00510161 
        4.94556        0.102375      0.00508547 
         4.9517        0.104017       0.0050694 
        4.95783        0.105523      0.00505341 
        4.96397        0.106661      0.00503748 
        4.97011        0.108089      0.00502162 
        4.97624        0.110147      0.00500583 
        4.98238        0.111189      0.00499012 
        4.98851        0.112865      0.00497447 
        4.99465        0.115083      0.00495888 
        5.00078        0.116194      0.00494336 
        5.00691        0.117809      0.00492792 
        5.01305        0.119428      0.00491254 
        5.01919        0.121083       0.0048972 
        5.02533        0.123272      0.00488195 
        5.03146        0.124877      0.00486677 
         5.0376        0.126858      0.00485165 
        5.04374        0.128032      0.00483658 
        5.04987        0.130413      0.00482158 
        5.05601        0.132626      0.00480666 
        5.06215        0.133871      0.00479178 
        5.06829        0.136609      0.00477697 
        5.07442        0.138327      0.00476224 
        5.08055        0.140625      0.00474757 
        5.08668        0.142163      0.00473295 
        5.09282        0.144316      0.00471839 
        5.09896         0.14705       0.0047039 
        5.10509        0.149015      0.00468948 
        5.11123        0.151316       0.0046751 
        5.11736         0.15359      0.00466079 
         5.1235        0.156147      0.00464654 
        5.12964        0.157956      0.00463235 
        5.13577        0.160218      0.00461821 
        5.14191        0.163208      0.00460414 
        5.14804        0.164728      0.00459014 
        5.15418        0.167834      0.00457618 
        5.16032        0.170733      0.00456228 
        5.16645        0.172693      0.00454844 
        5.17259        0.175599      0.00453466 
        5.17872        0.178777      0.00452094 
        5.18486        0.181083      0.00450726 
          5.191        0.184093      0.00449365 
        5.19713        0.186958       0.0044801 
        5.20327        0.190157      0.00446661 
        5.20941        0.192981      0.00445316 
        5.21555        0.195043      0.00443976 
        5.22168        0.198869      0.00442644 
        5.22781        0.202245      0.00441317 
        5.23395        0.205408      0.00439995 
        5.24009        0.208956      0.00438678 
        5.24622        0.212396      0.00437366 
        5.25236        0.215893      0.00436061 
         5.2585        0.218606       0.0043476 
        5.26463        0.223051      0.00433464 
        5.27077        0.226859      0.00432174 
         5.2769        0.230393       0.0043089 
        5.28304        0.233642      0.00429611 
        5.28917        0.237928      0.00428337 
         5.2953         0.24254      0.00427069 
        5.30144        0.245957      0.00425805 
        5.30757        0.250686      0.00424546 
        5.31371        0.253169      0.00423292 
        5.31985        0.259054      0.00422043 
        5.32599        0.263931      0.00420799 
        5.33213        0.267918       0.0041956 
        5.33826        0.271954      0.00418326 
         5.3444         0.27652      0.00417098 
        5.35053        0.281354      0.00415875 
        5.35667        0.286049      0.00414656 
        5.36281        0.290777      0.00413441 
        5.36894         0.29583      0.00412232 
        5.37507        0.300802      0.00411029 
        5.38121        0.306577      0.00409829 
        5.38735        0.311309      0.00408634 
        5.39348        0.317792      0.00407445 
        5.39961        0.321914      0.00406261 
        5.40575        0.329482       0.0040508 
        5.41189         0.33218      0.00403904 
        5.41803        0.339692      0.00402733 
        5.42416        0.345569      0.00401567 
         5.4303        0.351749      0.00400404 
        5.43644        0.358415      0.00399247 
        5.44257         0.36324      0.00398095 
        5.44871        0.373281      0.00396947 
        5.45484         0.37998      0.00395804 
        5.46098        0.385768      0.00394665 
        5.46712        0.392854       0.0039353 
        5.47325        0.400447        0.003924 
        5.47938         0.40827      0.00391275 
        5.48552        0.414213      0.00390155 
        5.49165        0.423539      0.00389038 
        5.49779        0.431413      0.00387926 
        5.50393        0.437845      0.00386818 
        5.51006        0.446559      0.00385713 
         5.5162        0.456858      0.00384614 
        5.52234        0.465064      0.00383519 
        5.52847         0.47512      0.00382428 
        5.53461        0.482894      0.00381342 
        5.54075        0.496109       0.0038026 
        5.54688        0.501587      0.00379182 
        5.55302        0.513473      0.00378108 
        5.55915        0.522416      0.00377038 
        5.56529        0.531965      0.00375973 
        5.57143        0.545156      0.00374912 
        5.57756         0.55365      0.00373854 
         5.5837        0.564131      0.00372801 
        5.58983        0.577958      0.00371753 
        5.59597        0.591173      0.00370708 
         5.6021        0.601027      0.00369667 
        5.60824        0.613962       0.0036863 
        5.61438        0.627097      0.00367597 
        5.62051         0.63924      0.00366568 
        5.62665        0.650779      0.00365543 
        5.63278        0.664605      0.00364522 
        5.63892        0.676993      0.00363505 
        5.64505         0.69227      0.00362492 
        5.65119        0.705306      0.00361483 
        5.65733        0.720636      0.00360477 
        5.66346        0.741079      0.00359476 
         5.6696        0.756148      0.00358478 
        5.67573        0.777357      0.00357484 
        5.68187        0.783452      0.00356494 
          5.688        0.807156      0.00355508 
        5.69414        0.820491      0.00354525 
        5.70028        0.841518      0.00353546 
        5.70642        0.859092       0.0035257 
        5.71255        0.878358      0.00351599 
        5.71869         0.89889      0.00350631 
        5.72482        0.922224      0.00349668 
        5.73096        0.943772      0.00348707 
        5.73709        0.960955      0.00347751 
        5.74322          0.9873      0.00346798 
        5.74936         1.00683      0.00345848 
         5.7555         1.04013      0.00344901 
        5.76164         1.05157      0.00343959 
        5.76777         1.08194      0.00343021 
        5.77391         1.10283      0.00342085 
        5.78005         1.13192      0.00341153 
        5.78618         1.15633      0.00340225 
        5.79231         1.18729      0.00339301 
        5.79845         1.21619      0.00338379 
        5.80459         1.24887       0.0033746 
        5.81073         1.27971      0.00336546 
        5.81686         1.29986      0.00335635 
          5.823         1.33571      0.00334727 
        5.82914         1.37206      0.00333823 
        5.83527         1.40187      0.00332923 
         5.8414         1.44011      0.00332025 
        5.84754         1.48031      0.00331131 
        5.85368         1.50821      0.00330239 
        5.85981         1.55409      0.00329352 
        5.86595         1.59858      0.00328468 
        5.87208         1.62055      0.00327587 
        5.87822         1.68681       0.0032671 
        5.88435         1.71391      0.00325835 
        5.89049         1.76599      0.00324964 
        5.89662          1.7988      0.00324096 
        5.90276         1.87159      0.00323231 
         5.9089         1.91798      0.00322368 
        5.91503         1.97079      0.00321511 
        5.92117         2.02475      0.00320655 
        5.92731         2.08643      0.00319802 
        5.93344         2.15412      0.00318953 
        5.93958         2.19911      0.00318108 
        5.94572         2.25542      0.00317264 
        5.95186         2.34804      0.00316424 
        5.95799         2.37552      0.00315588 
        5.96412         2.46334      0.00314755 
        5.97026          2.5463      0.00313923 
         5.9764          2.6145      0.00313096 
        5.98253          2.6739      0.00312272 
        5.98866         2.76668      0.00311451 
         5.9948         2.86219      0.00310631 
        6.00094         2.93633      0.00309816 
        6.00707         3.00105      0.00309003 
        6.01321         3.12097      0.00308193 
        6.01935         3.19857      0.00307386 
        6.02548         3.29179      0.00306582 
        6.03162         3.40577      0.00305782 
        6.03775         3.51564      0.00304984 
        6.04389         3.59748      0.00304189 
        6.05003         3.73924      0.00303396 
        6.05617         3.83255      0.00302606 
         6.0623         3.95115      0.00301819 
        6.06844         4.08262      0.00301035 
        6.07457         4.20169      0.00300254 
         6.0807          4.3613      0.00299476 
        6.08684         4.47917      0.00298701 
        6.09298         4.64941      0.00297928 
        6.09912         4.77264      0.00297158 
        6.10525         4.92828      0.00296391 
        6.11138         5.15607      0.00295627 
        6.11752          5.3095      0.00294865 
        6.12366         5.48131      0.00294105 
        6.12979         5.63965      0.00293349 
        6.13593         5.80192      0.00292596 
        6.14207          6.1347      0.00291844 
         6.1482         6.20659      0.00291096 
        6.15434          6.4465       0.0029035 
        6.16047         6.67929      0.00289607 
        6.16661         6.96241      0.00288867 
        6.17274         7.14198      0.00288129 
        6.17887         7.17504      0.00287394 
        6.18501         7.85368      0.00286661 
        6.19115         7.90584      0.00285931 
        6.19729         8.38626      0.00285203 
        6.20342         8.48921      0.00284478 
        6.20956         8.74194      0.00283755 
         6.2157         9.34665      0.00283035 
        6.22183         9.39719      0.00282317 
        6.22797         9.60551      0.00281602 
         6.2341         10.3728       0.0028089 
        6.24024         10.2605      0.00280179 
        6.24638          11.221      0.00279471 
        6.25251         10.9086      0.00278766 
        6.25865         10.9383      0.00278064 
        6.26478         11.3273      0.00277363 
        6.27092          11.485      0.00276666 
        6.27705         12.0265       0.0027597 
        6.28318         17.3643      0.00275278 
