# k  (h/Mpc)    P(k)  (Mpc/h)^3    P_linear(k)  (Mpc/h)^3
     0.00783031         13754.9         13963.8 
       0.013688         17280.7         17153.1 
       0.019231         17293.3         17275.3 
      0.0249154         15554.7         15877.7 
      0.0312784         13511.9         13662.4 
      0.0375637         11575.2           11583 
      0.0433917         9894.41         10069.2 
      0.0492413         8921.44         8989.39 
      0.0555754         7951.83         8200.54 
      0.0619321         7619.37         7620.21 
       0.067871         6913.39         7114.63 
      0.0738098         6371.95         6555.98 
      0.0800417         5675.74         5897.57 
      0.0862327         5098.96         5218.89 
      0.0921407         4603.18         4616.64 
      0.0982031         4077.79         4100.59 
       0.104506         3800.37         3698.79 
       0.110769         3513.03         3424.57 
       0.116806         3309.72         3243.54 
       0.122832         3165.01         3101.08 
       0.129052         2946.84         2953.35 
       0.135211          2789.4          2781.3 
       0.141259         2651.82         2583.69 
       0.147318         2477.84         2370.83 
       0.153489         2256.32         2160.63 
       0.159709         2119.77         1975.93 
       0.165845         2027.69         1831.41 
       0.171974         1913.09         1724.59 
       0.178125         1823.59         1646.61 
       0.184229         1750.69          1585.2 
        0.19034         1652.15         1526.63 
       0.196428         1619.42          1461.9 
       0.202534         1557.76         1387.18 
       0.208729         1479.42         1303.79 
       0.214876         1408.73         1219.73 
       0.220989         1356.94         1141.71 
       0.227147         1294.21         1073.83 
        0.23329         1241.71         1018.74 
       0.239377         1219.28         975.373 
       0.245482         1142.06         939.739 
       0.251667          1135.4         907.415 
       0.257832         1091.41         875.154 
       0.263955         1055.32         840.889 
       0.270079         1017.09         804.097 
        0.27624         1004.88         765.758 
       0.282372         962.231         728.374 
        0.28843         949.372         694.098 
       0.294538         901.126         663.493 
       0.300721         896.539         636.836 
        0.30691         858.773         613.864 
       0.313033         842.267          593.63 
       0.319153          823.51          574.56 
       0.325316          797.56         555.479 
        0.33145         777.648         536.075 
       0.337538         765.364         516.432 
       0.343633         744.927         496.818 
       0.349808         718.912         477.607 
       0.355968         714.107         459.691 
       0.362074         704.794         443.434 
       0.368217          683.84         428.656 
       0.374374         655.747         415.152 
       0.380519         655.062         402.606 
       0.386598         637.351         390.736 
       0.392688          635.04         379.056 
        0.39888         616.099         367.282 
       0.405048         605.872         355.669 
       0.411186         596.822          344.34 
       0.417313         584.707         333.453 
       0.423458         574.153         323.107 
       0.429607         565.441         313.377 
       0.435692          552.47         304.384 
       0.441815         547.916         295.878 
       0.447964         536.395          287.75 
       0.454126         527.304         279.908 
       0.460267         516.627         272.319 
       0.466387         510.822         264.916 
        0.47254         503.192         257.633 
       0.478662         500.815         250.596 
       0.484765         484.411         243.833 
       0.490885         480.669         237.328 
       0.497035          471.35         231.081 
       0.503198         466.469         225.121 
       0.509342         462.586         219.449 
       0.515458         458.431         214.024 
       0.521598          447.16         208.756 
       0.527764         439.393          203.62 
       0.533884         437.396         198.669 
           0.54         431.543         193.863 
       0.546137         429.502         189.179 
       0.552299         421.443         184.622 
       0.558452         419.251         180.229 
       0.564573         413.247          176.02 
       0.570708         407.051         171.961 
       0.576825         397.592         168.058 
       0.582926         396.859         164.293 
       0.589034         393.376         160.638 
       0.595184         389.887         157.062 
       0.601379         384.229         153.565 
       0.607522         378.744         150.199 
       0.613639          377.59         146.946 
       0.619772         368.894         143.782 
       0.625918         367.798         140.707 
       0.632068          362.02         137.721 
       0.638161         360.673         134.852 
         0.6443         354.436         132.046 
       0.650464         351.727         129.313 
       0.656582         349.435         126.679 
       0.662703         348.107         124.119 
       0.668861         341.917         121.617 
       0.675024         338.719         119.183 
       0.681124         336.348         116.839 
       0.687237          333.11         114.553 
       0.693381         328.362         112.317 
       0.699536         324.772         110.136 
       0.705665         322.648         108.024 
       0.711789         320.722         105.969 
       0.717957         318.198         103.954 
        0.72409         315.422         102.004 
       0.730186         311.734         100.116 
       0.736317         308.689         98.2668 
       0.742472         307.183         96.4583 
       0.748622         304.086         94.6975 
        0.75476          300.91          92.985 
       0.760888         297.592         91.3178 
       0.767043         297.992         89.6853 
       0.773185         294.193         88.0963 
       0.779291         289.666         86.5551 
       0.785407             289         85.0489 
       0.791564         285.528         83.5693 
       0.797719         283.071         82.1259 
       0.803834         280.818          80.726 
       0.809972         279.851         79.3541 
       0.816124         279.351         78.0113 
       0.822261         275.499         76.7034 
       0.828378         273.379         75.4297 
       0.834502         271.658         74.1841 
       0.840667         268.794         72.9588 
       0.846816         267.277         71.7648 
       0.852925         265.725         70.6054 
       0.859047         263.711         69.4693 
       0.865192         260.658         68.3547 
       0.871341          258.76         67.2641 
       0.877463         257.443         66.2023 
       0.883569         256.278         65.1664 
       0.889708         253.529         64.1475 
       0.895864         251.108         63.1479 
       0.902008         249.836         62.1719 
       0.908149         248.512         61.2173 
       0.914301         245.446         60.2813 
       0.920448         244.036         59.3659 
       0.926574          241.85         58.4728 
       0.932687         242.037         57.6002 
       0.938823         239.124         56.7424 
       0.944975         237.979         55.9002 
       0.951105         236.454         55.0783 
       0.957225         234.692         54.2744 
       0.963368         231.699          53.484 
       0.969511         230.789         52.7093 
       0.975621         228.665         51.9543 
       0.981748         228.668         51.2122 
       0.987916         226.608         50.4801 
        0.99406         223.829         49.7651 
        1.00019         223.787         49.0654 
        1.00632         222.069           48.38 
        1.01246         220.291         47.7067 
        1.01859         220.384         47.0474 
        1.02471         217.101         46.4015 
        1.03085         215.405         45.7655 
        1.03698           214.6         45.1429 
        1.04314         212.545         44.5294 
        1.04929         211.315         43.9287 
        1.05541         211.519         43.3416 
        1.06154         208.606         42.7639 
        1.06769         208.338         42.1959 
        1.07382         206.671         41.6401 
        1.07993          205.03         41.0956 
        1.08607         204.474         40.5587 
        1.09222         203.082         40.0309 
        1.09836          201.48         39.5131 
        1.10449         199.403         39.0052 
        1.11063         197.792         38.5056 
        1.11677         197.521         38.0151 
         1.1229         195.969          37.534 
        1.12903         195.008         37.0608 
        1.13518          193.79         36.5955 
        1.14131          192.08         36.1384 
        1.14745          192.01         35.6895 
        1.15359         190.341         35.2481 
        1.15973         189.108         34.8141 
        1.16584         187.534         34.3894 
        1.17197         187.284         33.9711 
        1.17811         185.487         33.5586 
        1.18424          184.53         33.1542 
        1.19038         184.048         32.7553 
        1.19652         182.527         32.3632 
        1.20267         181.975         31.9775 
        1.20881         180.286         31.5982 
        1.21495         179.401         31.2256 
        1.22108         178.324         30.8592 
         1.2272         176.924         30.4995 
        1.23334         176.355         30.1448 
        1.23949         175.038         29.7949 
        1.24562         174.186         29.4515 
        1.25174         172.749         29.1142 
        1.25789          171.65          28.781 
        1.26402         170.467         28.4538 
        1.27014         169.278         28.1324 
        1.27628         168.748         27.8151 
        1.28244         168.489         27.5021 
        1.28858         166.735         27.1943 
        1.29471          165.33          26.892 
        1.30084         164.983         26.5946 
        1.30697         163.573         26.3012 
        1.31312         162.631         26.0119 
        1.31925          161.87         25.7279 
        1.32537         161.117         25.4484 
        1.33151         159.543          25.172 
        1.33765         158.841            24.9 
        1.34378         158.169         24.6325 
        1.34992         157.461         24.3688 
        1.35606          157.19         24.1084 
         1.3622         155.551         23.8522 
        1.36833         154.209         23.6004 
        1.37445         153.603         23.3524 
        1.38059         152.614         23.1072 
        1.38675         152.029         22.8649 
        1.39288         151.224         22.6271 
        1.39901         150.974         22.3928 
        1.40515         149.291         22.1613 
         1.4113         148.444         21.9332 
        1.41742         147.575         21.7092 
        1.42355         146.789         21.4879 
         1.4297         145.969          21.269 
        1.43585         145.025         21.0533 
        1.44198         144.376         20.8414 
        1.44809         143.724         20.6328 
        1.45423         142.893         20.4263 
        1.46036         141.919         20.2231 
        1.46649          140.97         20.0225 
        1.47263         140.201         19.8245 
        1.47877         139.592         19.6293 
        1.48491         138.166         19.4364 
        1.49104         138.158         19.2466 
        1.49718         136.788         19.0591 
        1.50333         136.288         18.8738 
        1.50947         135.715         18.6914 
         1.5156          134.77         18.5117 
        1.52172         134.005         18.3343 
        1.52787         133.064         18.1589 
          1.534         132.575          17.986 
        1.54013         131.744         17.8156 
        1.54627          131.13          17.647 
        1.55241         130.138         17.4806 
        1.55855         129.389         17.3166 
        1.56467         128.867         17.1552 
         1.5708          127.95         16.9954 
        1.57695         127.492         16.8374 
        1.58308         126.812         16.6817 
        1.58922         126.287          16.528 
        1.59535         125.283         16.3762 
         1.6015         124.855         16.2261 
        1.60764         124.142          16.078 
        1.61376         123.443         15.9322 
        1.61989         122.629          15.788 
        1.62604         121.946         15.6454 
        1.63218         121.553         15.5045 
        1.63831         120.601         15.3658 
        1.64444         120.182         15.2287 
        1.65059         119.589         15.0929 
        1.65673         118.462          14.959 
        1.66285         118.218          14.827 
        1.66898         117.539         14.6967 
        1.67512         117.095         14.5676 
        1.68127          116.16           14.44 
         1.6874         115.264         14.3141 
        1.69353         115.017         14.1899 
        1.69967         114.468         14.0668 
        1.70581         113.718         13.9453 
        1.71193          113.18         13.8256 
        1.71806          112.59         13.7072 
        1.72421         111.811         13.5898 
        1.73035         111.671          13.474 
        1.73649         110.812         13.3595 
        1.74262         110.043         13.2465 
        1.74876         109.764         13.1347 
        1.75489         108.865         13.0245 
        1.76101         108.251         12.9155 
        1.76715         107.682         12.8076 
        1.77329         107.417         12.7009 
        1.77943         106.453         12.5953 
        1.78557         106.099         12.4911 
        1.79171         105.307          12.388 
        1.79785         104.831         12.2861 
        1.80399         104.165         12.1853 
        1.81012         103.748         12.0859 
        1.81625         103.209         11.9876 
        1.82239         102.897         11.8902 
        1.82853         102.179          11.794 
        1.83466         101.462         11.6989 
        1.84078         101.183          11.605 
        1.84692         100.398         11.5119 
        1.85306         100.018         11.4198 
         1.8592          99.491         11.3288 
        1.86533         98.7061         11.2389 
        1.87147         98.3471         11.1498 
        1.87761         97.8102         11.0617 
        1.88375         97.1039         10.9746 
        1.88988         96.7654         10.8886 
        1.89601         96.1758         10.8034 
        1.90215         95.7099         10.7191 
        1.90829         95.1774         10.6357 
        1.91442         94.7527         10.5532 
        1.92056         94.1089         10.4717 
         1.9267         93.8184         10.3909 
        1.93284         93.2903          10.311 
        1.93897         92.7524          10.232 
        1.94509         92.3789          10.154 
        1.95123         91.8421         10.0767 
        1.95737         91.3147         10.0001 
        1.96349         90.8155         9.92444 
        1.96964         90.1678          9.8494 
        1.97578         89.7803          9.7751 
        1.98192         89.6047         9.70172 
        1.98805         88.7726         9.62909 
        1.99419         88.5494          9.5572 
        2.00033          88.069         9.48601 
        2.00647         87.5951         9.41556 
         2.0126          87.101         9.34595 
        2.01874         86.4939         9.27694 
        2.02488         86.1217         9.20857 
        2.03101         85.5672         9.14102 
        2.03714         85.0607         9.07421 
        2.04328         84.7938         9.00799 
        2.04941         84.3775         8.94249 
        2.05554         83.9278         8.87769 
        2.06167         83.4804         8.81345 
        2.06781         82.9291         8.74983 
        2.07396         82.5426         8.68676 
        2.08009         82.2791         8.62441 
        2.08622         81.7346         8.56275 
        2.09237         81.3017         8.50157 
        2.09851         80.9925         8.44098 
        2.10464         80.4493         8.38108 
        2.11077         80.1464         8.32184 
        2.11691         79.8187         8.26304 
        2.12305         79.1576          8.2048 
        2.12918         78.7674         8.14727 
        2.13531         78.5286         8.09028 
        2.14145         77.8295          8.0337 
         2.1476          77.481         7.97761 
        2.15372         77.2243         7.92232 
        2.15985         76.7961         7.86751 
        2.16599          76.389         7.81306 
        2.17213         76.0071         7.75918 
        2.17827         75.5825         7.70583 
         2.1844         75.1587         7.65302 
        2.19054         75.0084         7.60069 
        2.19666         74.4722         7.54893 
         2.2028         74.2598          7.4976 
        2.20893         73.7047         7.44673 
        2.21508         73.3662         7.39627 
        2.22122         72.9766         7.34626 
        2.22736         72.6418         7.29682 
        2.23349         72.2488         7.24785 
        2.23962         71.8573          7.1993 
        2.24577         71.5541         7.15116 
         2.2519         71.2384         7.10353 
        2.25802         70.8535          7.0564 
        2.26417         70.3717         7.00957 
        2.27031         70.1382         6.96313 
        2.27644         69.7064         6.91724 
        2.28257         69.3235         6.87177 
        2.28872         68.9898         6.82662 
        2.29486         68.4672         6.78189 
        2.30099         68.1577         6.73765 
        2.30712          67.999         6.69379 
        2.31326         67.6919         6.65025 
         2.3194         67.2697         6.60711 
        2.32553          66.904         6.56444 
        2.33166         66.5933         6.52216 
         2.3378         66.1027         6.48019 
        2.34394         65.8964         6.43858 
        2.35007          65.525          6.3974 
        2.35619         65.2278         6.35663 
        2.36233         64.9205         6.31611 
        2.36848         64.5966         6.27587 
        2.37462         64.1388         6.23606 
        2.38075          64.013         6.19663 
        2.38689         63.5964         6.15752 
        2.39303         63.2651         6.11874 
        2.39916           62.92         6.08034 
        2.40529         62.7428         6.04228 
        2.41143         62.3532         6.00451 
        2.41757         62.0325         5.96705 
         2.4237         61.8405         5.92997 
        2.42983         61.3988         5.89322 
        2.43598         61.0861         5.85668 
        2.44211         60.8202         5.82051 
        2.44823         60.5357         5.78472 
        2.45437         60.1088         5.74914 
        2.46052         59.8861         5.71383 
        2.46665         59.6673         5.67888 
        2.47279          59.238         5.64423 
        2.47892          59.033         5.60985 
        2.48507         58.6756         5.57573 
         2.4912         58.4255         5.54195 
        2.49733         58.2295         5.50847 
        2.50347         57.8043         5.47521 
        2.50961         57.5801         5.44222 
        2.51575         57.2779         5.40953 
        2.52188         56.9402         5.37714 
        2.52802         56.7331         5.34498 
        2.53416         56.4312         5.31308 
        2.54029         56.1501         5.28149 
        2.54641         55.9159         5.25017 
        2.55255         55.6248         5.21907 
        2.55869         55.3996         5.18818 
        2.56483         55.1068         5.15757 
        2.57096         54.8216         5.12726 
        2.57709         54.5072         5.09717 
        2.58323         54.1699          5.0673 
        2.58937         54.1263         5.03765 
        2.59551         53.7211         5.00828 
        2.60164         53.4464         4.97915 
        2.60778         53.1655         4.95022 
        2.61392         52.9781         4.92153 
        2.62006         52.6846         4.89308 
        2.62619         52.4768         4.86488 
        2.63232         52.1039          4.8369 
        2.63846         51.8772         4.80911 
        2.64459         51.6333         4.78157 
        2.65072         51.4019         4.75426 
        2.65686         51.1233         4.72714 
          2.663         50.8631          4.7002 
        2.66915         50.7144         4.67347 
        2.67527         50.3563         4.64701 
        2.68141         50.1621         4.62073 
        2.68755         49.9809         4.59464 
        2.69368         49.7485         4.56877 
        2.69981         49.4614         4.54313 
        2.70595         49.2124         4.51763 
        2.71209          49.023         4.49232 
        2.71823         48.7697         4.46725 
        2.72436         48.5566         4.44237 
         2.7305         48.3992         4.41766 
        2.73663          48.059         4.39315 
        2.74276         47.7905         4.36885 
         2.7489         47.5443         4.34471 
        2.75504         47.4099         4.32073 
        2.76118         47.1736         4.29693 
        2.76732         46.8778         4.27334 
        2.77345         46.6261         4.24993 
        2.77959          46.481         4.22669 
        2.78572         46.2299         4.20363 
        2.79186         46.0312         4.18075 
        2.79798         45.8225         4.15807 
        2.80412         45.5448         4.13551 
        2.81027         45.2815          4.1131 
         2.8164         45.1647         4.09089 
        2.82253          44.915         4.06886 
        2.82867         44.7573         4.04697 
        2.83481         44.5094         4.02524 
        2.84095         44.2272         4.00367 
        2.84708          44.086         3.98229 
        2.85322         43.8203         3.96103 
        2.85935         43.7286         3.93994 
        2.86549         43.4604         3.91902 
        2.87162         43.3146         3.89824 
        2.87776         43.1063         3.87762 
        2.88389         42.8479         3.85714 
        2.89003         42.6329         3.83682 
        2.89617         42.4093         3.81663 
        2.90231         42.2086         3.79659 
        2.90844         42.0939          3.7767 
        2.91458         41.8799         3.75695 
        2.92071         41.6686         3.73737 
        2.92684         41.5278         3.71791 
        2.93298         41.1952         3.69859 
         2.9391         41.1078         3.67944 
        2.94524         40.9218          3.6604 
        2.95138         40.7079         3.64148 
        2.95752         40.5544         3.62268 
        2.96367         40.3399         3.60401 
         2.9698         40.1997         3.58551 
        2.97594          39.986         3.56712 
        2.98207         39.8166         3.54886 
        2.98821         39.6047         3.53075 
        2.99434          39.404         3.51276 
        3.00048         39.2429         3.49489 
        3.00662         39.0103         3.47713 
        3.01275         38.9282         3.45953 
        3.01888         38.7242         3.44204 
        3.02503         38.5963         3.42464 
        3.03117         38.3816         3.40738 
        3.03729         38.1608         3.39027 
        3.04342         37.9781         3.37327 
        3.04957         37.8321         3.35634 
         3.0557         37.6429         3.33956 
        3.06183         37.4848         3.32292 
        3.06796         37.2613         3.30638 
        3.07411         37.0648         3.28991 
        3.08025         36.9888         3.27358 
        3.08637          36.752          3.2574 
         3.0925         36.6323          3.2413 
        3.09865         36.4629         3.22528 
         3.1048         36.2878         3.20937 
        3.11093         36.1246          3.1936 
        3.11706         35.9638         3.17794 
         3.1232         35.8156         3.16237 
        3.12933         35.6286          3.1469 
        3.13547         35.4343         3.13155 
        3.14159         35.3027         3.11632 
        3.14773         35.1261         3.10116 
        3.15388         35.0066         3.08609 
        3.16001         34.8233         3.07115 
        3.16614         34.6698         3.05631 
        3.17228         34.5326         3.04156 
        3.17842          34.358          3.0269 
        3.18455         34.2134         3.01235 
        3.19068         34.0792         2.99791 
        3.19682         33.8678         2.98353 
        3.20297         33.6976         2.96925 
         3.2091         33.5587         2.95507 
        3.21524         33.4134         2.94099 
        3.22138         33.2935           2.927 
         3.2275         33.1712         2.91312 
        3.23363         32.9932         2.89933 
        3.23977         32.8359         2.88562 
        3.24591         32.7028         2.87199 
        3.25205         32.5794         2.85844 
        3.25818         32.3952         2.84499 
        3.26432         32.2611         2.83162 
        3.27046         32.0999         2.81835 
         3.2766         32.0092         2.80515 
        3.28273         31.8828         2.79205 
        3.28887         31.6699         2.77903 
          3.295         31.5436         2.76609 
        3.30113         31.4271         2.75324 
        3.30727         31.2887         2.74047 
        3.31341         31.1414         2.72778 
        3.31954         31.0085         2.71518 
        3.32568         30.8651         2.70264 
        3.33182         30.7573         2.69019 
        3.33795         30.6078         2.67783 
        3.34409         30.4656         2.66553 
        3.35022         30.3201         2.65331 
        3.35636         30.1981         2.64118 
         3.3625         30.0478         2.62911 
        3.36864         29.9584         2.61712 
        3.37477         29.7951          2.6052 
        3.38091         29.6531         2.59337 
        3.38704          29.545         2.58162 
        3.39318         29.4141         2.56992 
        3.39931          29.261          2.5583 
        3.40545          29.182         2.54676 
        3.41158         29.0217         2.53529 
        3.41772         28.8908         2.52389 
        3.42385         28.7999         2.51257 
        3.42998         28.6616         2.50131 
        3.43612         28.5248         2.49012 
        3.44226         28.4135         2.47899 
         3.4484          28.273         2.46792 
        3.45453         28.1792         2.45694 
        3.46066         28.0468         2.44603 
        3.46681         27.9367         2.43516 
        3.47295         27.7778         2.42436 
        3.47908         27.6622         2.41366 
        3.48521         27.5533         2.40301 
        3.49135         27.4295         2.39241 
        3.49749         27.3407         2.38188 
        3.50362         27.2247         2.37142 
        3.50976         27.1044         2.36102 
        3.51589         26.9902         2.35069 
        3.52203         26.8566         2.34041 
        3.52816         26.7472         2.33021 
        3.53429         26.6531         2.32007 
        3.54043          26.506         2.30996 
        3.54657         26.3987         2.29993 
        3.55271          26.302         2.28996 
        3.55884         26.1702         2.28006 
        3.56498         26.0717          2.2702 
        3.57112         25.9506          2.2604 
        3.57725         25.8464         2.25067 
        3.58338         25.7371           2.241 
        3.58952         25.6256         2.23138 
        3.59566         25.4954          2.2218 
         3.6018         25.4195         2.21229 
        3.60793         25.3342         2.20285 
        3.61407         25.1829         2.19346 
        3.62021         25.0894         2.18412 
        3.62634         24.9633         2.17483 
        3.63247         24.8765         2.16561 
        3.63861         24.7956         2.15643 
        3.64475         24.6733          2.1473 
        3.65089         24.5741         2.13823 
        3.65702         24.4813         2.12922 
        3.66316           24.37         2.12025 
        3.66929         24.2824         2.11134 
        3.67543         24.1766         2.10248 
        3.68156         24.0994         2.09367 
        3.68769         23.9605         2.08491 
        3.69383         23.8675          2.0762 
        3.69997         23.7509         2.06754 
        3.70611         23.6748         2.05893 
        3.71224         23.6004         2.05037 
        3.71838          23.482         2.04186 
        3.72451         23.3822          2.0334 
        3.73065         23.2397         2.02499 
        3.73678         23.1918         2.01663 
        3.74292         23.0892          2.0083 
        3.74906         22.9946         2.00003 
        3.75519         22.9305          1.9918 
        3.76133         22.7952         1.98363 
        3.76746         22.6889          1.9755 
         3.7736         22.6543         1.96742 
        3.77974         22.5488         1.95937 
        3.78588         22.4575         1.95137 
        3.79201         22.3651         1.94342 
        3.79814         22.2392         1.93552 
        3.80428         22.1751         1.92766 
        3.81042         22.0803         1.91983 
        3.81655         21.9938         1.91206 
        3.82268         21.8892         1.90434 
        3.82882         21.8144         1.89665 
        3.83496         21.6993           1.889 
        3.84109         21.6285         1.88139 
        3.84723         21.5243         1.87384 
        3.85337         21.4515         1.86631 
        3.85951           21.36         1.85882 
        3.86565         21.2796         1.85139 
        3.87178         21.2076           1.844 
        3.87791         21.1325         1.83664 
        3.88405         21.0378         1.82933 
        3.89019         20.9483         1.82205 
        3.89632         20.8637         1.81482 
        3.90246          20.762         1.80762 
         3.9086         20.6658         1.80046 
        3.91473         20.5981         1.79335 
        3.92086          20.509         1.78628 
        3.92699         20.4347         1.77924 
        3.93313         20.3809         1.77223 
        3.93927         20.2787         1.76527 
         3.9454         20.2207         1.75834 
        3.95154         20.1165         1.75145 
        3.95768         20.0248         1.74459 
        3.96382         19.9717         1.73777 
        3.96995         19.8707         1.73099 
        3.97609         19.8026         1.72425 
        3.98222         19.7077         1.71755 
        3.98836         19.6596         1.71088 
         3.9945         19.5756         1.70424 
        4.00063         19.4754         1.69765 
        4.00677         19.4209         1.69108 
        4.01291         19.3264         1.68454 
        4.01904         19.2616         1.67806 
        4.02517         19.1706         1.67161 
        4.03131         19.1059         1.66517 
        4.03745         19.0457         1.65878 
        4.04358         18.9491         1.65242 
        4.04972         18.9016          1.6461 
        4.05585          18.808         1.63981 
        4.06199         18.7422         1.63355 
        4.06812         18.6859         1.62732 
        4.07426         18.5723         1.62113 
         4.0804         18.5181         1.61497 
        4.08654         18.4584         1.60883 
        4.09267         18.3957         1.60274 
         4.0988         18.3132         1.59669 
        4.10494         18.2446         1.59065 
        4.11108         18.1657         1.58465 
        4.11721         18.1008         1.57868 
        4.12334         18.0193         1.57275 
        4.12948          17.921         1.56684 
        4.13561         17.8917         1.56096 
        4.14176          17.805         1.55511 
        4.14789         17.7452         1.54929 
        4.15403         17.6703          1.5435 
        4.16016         17.6147         1.53774 
         4.1663          17.552         1.53201 
        4.17243          17.491         1.52632 
        4.17857         17.4066         1.52065 
        4.18471         17.3516           1.515 
        4.19084         17.2804         1.50939 
        4.19698         17.2089         1.50381 
        4.20312         17.1581         1.49825 
        4.20925         17.0919         1.49273 
        4.21538         17.0147         1.48723 
        4.22152         16.9462         1.48176 
        4.22766         16.8813         1.47631 
         4.2338         16.8384          1.4709 
        4.23993          16.788         1.46551 
        4.24607         16.6798         1.46015 
         4.2522         16.6327         1.45481 
        4.25834         16.5887          1.4495 
        4.26447         16.5167         1.44422 
        4.27061         16.4589         1.43897 
        4.27674         16.3807         1.43374 
        4.28288         16.3156         1.42854 
        4.28902         16.2627         1.42336 
        4.29515         16.1919         1.41821 
        4.30129         16.1472         1.41308 
        4.30743         16.0862         1.40798 
        4.31356         16.0314         1.40291 
        4.31969         15.9694         1.39786 
        4.32583         15.9003         1.39284 
        4.33197          15.859         1.38783 
         4.3381         15.7996         1.38286 
        4.34424          15.727         1.37791 
        4.35038          15.685         1.37298 
        4.35652         15.6192         1.36807 
        4.36265         15.5568          1.3632 
        4.36878         15.4951         1.35835 
        4.37492         15.4465         1.35351 
        4.38106         15.3973          1.3487 
        4.38719         15.3355         1.34392 
        4.39333         15.2812         1.33917 
        4.39946         15.2378         1.33443 
         4.4056         15.1674         1.32972 
        4.41173         15.1169         1.32503 
        4.41786         15.0568         1.32036 
          4.424         15.0074         1.31572 
        4.43014         14.9566         1.31109 
        4.43628         14.8973         1.30649 
        4.44241         14.8466         1.30191 
        4.44855         14.7762         1.29735 
        4.45469         14.7386         1.29281 
        4.46083          14.688          1.2883 
        4.46696         14.6288         1.28381 
        4.47309          14.572         1.27934 
        4.47923          14.521         1.27489 
        4.48537         14.4578         1.27047 
         4.4915         14.4252         1.26606 
        4.49764         14.3668         1.26168 
        4.50378         14.3156         1.25731 
        4.50991         14.2704         1.25297 
        4.51604         14.2225         1.24865 
        4.52218          14.155         1.24434 
        4.52832         14.1034         1.24006 
        4.53445         14.0748          1.2358 
        4.54059         14.0176         1.23156 
        4.54673         13.9582         1.22734 
        4.55286         13.9085         1.22314 
          4.559         13.8538         1.21896 
        4.56513         13.8295          1.2148 
        4.57127         13.7622         1.21065 
        4.57741         13.7225         1.20653 
        4.58354         13.6775         1.20243 
        4.58968         13.6378         1.19834 
        4.59582          13.575         1.19427 
        4.60195         13.5408         1.19023 
        4.60809         13.4846          1.1862 
        4.61422         13.4376          1.1822 
        4.62036         13.3922         1.17821 
        4.62649         13.3479         1.17423 
        4.63263         13.2918         1.17028 
        4.63876         13.2577         1.16635 
         4.6449         13.1994         1.16243 
        4.65104         13.1508         1.15853 
        4.65717         13.1106         1.15465 
        4.66331         13.0553         1.15079 
        4.66944         13.0242         1.14694 
        4.67558         12.9843         1.14312 
        4.68171         12.9236         1.13931 
        4.68785         12.8908         1.13551 
        4.69399         12.8474         1.13174 
        4.70012         12.8141         1.12798 
        4.70625          12.745         1.12424 
        4.71239         12.7095         1.12052 
        4.71853         12.6765         1.11681 
        4.72467         12.6346         1.11312 
         4.7308         12.5821         1.10945 
        4.73694         12.5375         1.10579 
        4.74308          12.506         1.10215 
        4.74922          12.464         1.09852 
        4.75535          12.418         1.09492 
        4.76148         12.3709         1.09133 
        4.76762          12.331         1.08775 
        4.77376         12.2941         1.08419 
        4.77989         12.2587         1.08065 
        4.78602         12.2081         1.07713 
        4.79216         12.1653         1.07362 
         4.7983         12.1331         1.07012 
        4.80443         12.1045         1.06664 
        4.81056         12.0431         1.06318 
         4.8167         12.0098         1.05973 
        4.82284         11.9772         1.05629 
        4.82898         11.9286         1.05288 
        4.83511         11.9091         1.04948 
        4.84125         11.8541         1.04609 
        4.84739         11.8164         1.04271 
        4.85352         11.7745         1.03936 
        4.85965         11.7364         1.03601 
        4.86579         11.7029         1.03269 
        4.87193         11.6599         1.02937 
        4.87807         11.6209         1.02607 
         4.8842         11.5953         1.02279 
        4.89034         11.5625         1.01952 
        4.89647         11.5148         1.01626 
        4.90261         11.4712         1.01302 
        4.90874         11.4424         1.00979 
        4.91488         11.4062         1.00658 
        4.92102         11.3652         1.00338 
        4.92715         11.3364          1.0002 
        4.93329         11.2971        0.997026 
        4.93942         11.2557        0.993868 
        4.94556         11.2154        0.990723 
         4.9517         11.1899        0.987593 
        4.95783         11.1567        0.984476 
        4.96397          11.117        0.981373 
        4.97011          11.085        0.978283 
        4.97624         11.0393        0.975207 
        4.98238         11.0118        0.972146 
        4.98851         10.9766        0.969097 
        4.99465         10.9443        0.966061 
        5.00078         10.9139        0.963038 
        5.00691         10.8696         0.96003 
        5.01305         10.8426        0.957032 
        5.01919         10.8102        0.954045 
        5.02533         10.7713        0.951072 
        5.03146         10.7453        0.948115 
         5.0376         10.7092        0.945169 
        5.04374         10.6665        0.942234 
        5.04987         10.6447        0.939312 
        5.05601         10.6094        0.936404 
        5.06215         10.5749        0.933506 
        5.06829         10.5396         0.93062 
        5.07442         10.5148         0.92775 
        5.08055         10.4868        0.924893 
        5.08668         10.4472        0.922045 
        5.09282         10.4074        0.919208 
        5.09896         10.3885        0.916385 
        5.10509         10.3495        0.913575 
        5.11123         10.3329        0.910776 
        5.11736         10.2986        0.907987 
         5.1235         10.2589         0.90521 
        5.12964         10.2391        0.902445 
        5.13577          10.205        0.899691 
        5.14191         10.1699        0.896949 
        5.14804         10.1461        0.894222 
        5.15418         10.1065        0.891504 
        5.16032         10.0726        0.888795 
        5.16645         10.0599        0.886098 
        5.17259         10.0304        0.883414 
        5.17872         9.98588        0.880741 
        5.18486         9.96719        0.878077 
          5.191          9.9267        0.875425 
        5.19713         9.90229        0.872786 
        5.20327          9.8816        0.870157 
        5.20941         9.84234        0.867536 
        5.21555          9.8177        0.864926 
        5.22168         9.79646         0.86233 
        5.22781         9.76842        0.859745 
        5.23395         9.74194         0.85717 
        5.24009         9.70852        0.854603 
        5.24622         9.68804        0.852049 
        5.25236         9.65634        0.849506 
         5.2585           9.623        0.846971 
        5.26463         9.60114        0.844447 
        5.27077         9.57006        0.841934 
         5.2769         9.54534        0.839432 
        5.28304          9.5296         0.83694 
        5.28917         9.49461        0.834459 
         5.2953         9.47009        0.831988 
        5.30144          9.4436        0.829526 
        5.30757         9.41513        0.827073 
        5.31371         9.38847         0.82463 
        5.31985         9.36306        0.822196 
        5.32599         9.34113        0.819772 
        5.33213         9.31866        0.817358 
        5.33826         9.29037        0.814956 
         5.3444         9.26626        0.812563 
        5.35053         9.23399        0.810179 
        5.35667         9.21494        0.807804 
        5.36281         9.18931        0.805438 
        5.36894         9.16039        0.803083 
        5.37507         9.14338        0.800739 
        5.38121         9.11899        0.798401 
        5.38735         9.09018        0.796073 
        5.39348          9.0751        0.793757 
        5.39961         9.04741         0.79145 
        5.40575         9.01652        0.789149 
        5.41189         8.99754        0.786857 
        5.41803         8.97614        0.784576 
        5.42416         8.94409        0.782304 
         5.4303         8.93385         0.78004 
        5.43644         8.91208        0.777786 
        5.44257         8.88275        0.775542 
        5.44871         8.86157        0.773304 
        5.45484         8.83471        0.771077 
        5.46098         8.81789        0.768858 
        5.46712         8.79617        0.766647 
        5.47325         8.77225        0.764446 
        5.47938         8.75275        0.762255 
        5.48552         8.73186        0.760072 
        5.49165         8.71791        0.757897 
        5.49779          8.6845         0.75573 
        5.50393          8.6693         0.75357 
        5.51006         8.64955        0.751419 
         5.5162         8.62164        0.749278 
        5.52234         8.60286        0.747145 
        5.52847         8.58387        0.745019 
        5.53461         8.54844        0.742902 
        5.54075         8.54372        0.740794 
        5.54688         8.52218        0.738695 
        5.55302         8.49948        0.736602 
        5.55915         8.47492        0.734519 
        5.56529         8.45974        0.732443 
        5.57143         8.44311        0.730375 
        5.57756         8.42328        0.728315 
         5.5837         8.39906        0.726264 
        5.58983         8.37799        0.724221 
        5.59597         8.36203        0.722186 
         5.6021         8.34336        0.720158 
        5.60824         8.32124        0.718137 
        5.61438         8.30226        0.716125 
        5.62051         8.28281         0.71412 
        5.62665          8.2667        0.712123 
        5.63278         8.25322        0.710134 
        5.63892         8.22896        0.708153 
        5.64505         8.21513        0.706179 
        5.65119         8.19653        0.704213 
        5.65733         8.17285        0.702254 
        5.66346          8.1629        0.700303 
         5.6696         8.14206        0.698359 
        5.67573         8.11774        0.696423 
        5.68187          8.1112        0.694494 
          5.688         8.08922        0.692573 
        5.69414         8.07096        0.690659 
        5.70028         8.05113        0.688751 
        5.70642         8.03917         0.68685 
        5.71255         8.02443        0.684957 
        5.71869         8.00489        0.683073 
        5.72482         7.98992        0.681195 
        5.73096         7.97663        0.679324 
        5.73709         7.95796        0.677461 
        5.74322         7.94927        0.675605 
        5.74936         7.92657        0.673754 
         5.7555         7.91477         0.67191 
        5.76164         7.89353        0.670074 
        5.76777         7.88503        0.668246 
        5.77391         7.85853        0.666423 
        5.78005         7.85014        0.664606 
        5.78618         7.83536        0.662799 
        5.79231         7.82208        0.660999 
        5.79845         7.80337        0.659203 
        5.80459         7.79409        0.657413 
        5.81073         7.77448        0.655632 
        5.81686         7.76134        0.653858 
          5.823         7.74755        0.652089 
        5.82914         7.73694        0.650326 
        5.83527         7.71719        0.648573 
         5.8414         7.71139        0.646825 
        5.84754         7.69218        0.645081 
        5.85368         7.68489        0.643345 
        5.85981          7.6659        0.641616 
        5.86595         7.65564        0.639894 
        5.87208         7.64823        0.638178 
        5.87822          7.6371        0.636468 
        5.88435         7.61903        0.634765 
        5.89049         7.60637        0.633068 
        5.89662         7.59054        0.631376 
        5.90276         7.58086        0.629691 
         5.9089         7.56519        0.628011 
        5.91503         7.55623         0.62634 
        5.92117         7.53847        0.624673 
        5.92731         7.53714        0.623012 
        5.93344         7.52031        0.621358 
        5.93958         7.51717         0.61971 
        5.94572         7.50451        0.618067 
        5.95186         7.48686         0.61643 
        5.95799         7.47619        0.614801 
        5.96412         7.47168        0.613178 
        5.97026         7.45069        0.611559 
         5.9764         7.44727        0.609947 
        5.98253         7.43235        0.608342 
        5.98866         7.42477        0.606741 
         5.9948         7.41912        0.605145 
        6.00094         7.40145        0.603556 
        6.00707         7.38863        0.601973 
        6.01321         7.39334        0.600395 
        6.01935         7.37669        0.598823 
        6.02548         7.36926        0.597257 
        6.03162         7.36105        0.595697 
        6.03775         7.34382        0.594143 
        6.04389         7.33744        0.592594 
        6.05003         7.33594        0.591049 
        6.05617         7.32197         0.58951 
         6.0623         7.31759        0.587977 
        6.06844         7.30337         0.58645 
        6.07457         7.29522        0.584929 
         6.0807          7.2878        0.583413 
        6.08684         7.28166        0.581903 
        6.09298         7.27301        0.580397 
        6.09912         7.26331        0.578896 
        6.10525         7.25818        0.577402 
        6.11138          7.2493        0.575913 
        6.11752         7.25102        0.574428 
        6.12366         7.24371        0.572949 
        6.12979         7.23381        0.571476 
        6.13593         7.22327        0.570008 
        6.14207         7.22115        0.568544 
         6.1482         7.21081        0.567086 
        6.15434         7.20524        0.565634 
        6.16047          7.2066        0.564186 
        6.16661         7.19324        0.562744 
        6.17274         7.18853        0.561306 
        6.17887         7.17969        0.559874 
        6.18501         7.18119        0.558446 
        6.19115         7.17392        0.557024 
        6.19729         7.16888        0.555605 
        6.20342         7.16416        0.554193 
        6.20956         7.15935        0.552785 
         6.2157         7.15498        0.551381 
        6.22183         7.14874        0.549983 
        6.22797         7.14975        0.548591 
         6.2341         7.14417        0.547203 
        6.24024         7.14195        0.545819 
        6.24638         7.13789         0.54444 
        6.25251         7.13536        0.543066 
        6.25865         7.12868        0.541697 
        6.26478         7.12889        0.540333 
        6.27092         7.12542        0.538974 
        6.27705         7.12144        0.537619 
        6.28318         7.11986        0.536269 
