# k  (h/Mpc)    Pcb(k)  (Mpc/h)^3    Pcb_linear(k)  (Mpc/h)^3
     0.00783031         201.447         203.253 
       0.013688         249.231          250.22 
       0.019231         252.139         252.378 
      0.0249154         231.473         232.209 
      0.0312784         199.985         199.965 
      0.0375637          169.97         169.614 
      0.0433917         147.601         147.494 
      0.0492413         131.935         131.709 
      0.0555754         120.059         120.174 
      0.0619321         111.949         111.686 
       0.067871         104.139         104.287 
      0.0738098         95.9469         96.1066 
      0.0800417         86.2398         86.4611 
      0.0862327         76.4868         76.5159 
      0.0921407         67.7348         67.6893 
      0.0982031         60.1245         60.1254 
       0.104506         54.4276          54.236 
       0.110769         50.3578         50.2167 
       0.116806         47.5379         47.5632 
       0.122832         45.5289         45.4751 
       0.129052         43.2419         43.3097 
       0.135211         40.7068         40.7872 
       0.141259         37.9042           37.89 
       0.147318         34.8704         34.7688 
       0.153489         31.7444         31.6866 
       0.159709         29.0502         28.9783 
       0.165845         27.0383          26.859 
       0.171974          25.349         25.2926 
       0.178125         24.2229         24.1491 
       0.184229         23.3459         23.2486 
        0.19034         22.3851         22.3898 
       0.196428         21.4935         21.4406 
       0.202534          20.479         20.3449 
       0.208729         19.2048          19.122 
       0.214876          17.938         17.8892 
       0.220989         16.8775         16.7449 
       0.227147          15.808         15.7494 
        0.23329         15.0016         14.9414 
       0.239377         14.3791         14.3055 
       0.245482         13.8198         13.7829 
       0.251667         13.4014         13.3088 
       0.257832         12.9019         12.8357 
       0.263955         12.4123         12.3332 
       0.270079         11.8772         11.7936 
        0.27624          11.355         11.2313 
       0.282372         10.8078          10.683 
        0.28843         10.2744         10.1803 
       0.294538          9.8294         9.73144 
       0.300721         9.47205         9.34047 
        0.30691         9.09421          9.0036 
       0.313033         8.80303         8.70683 
       0.319153         8.47285         8.42711 
       0.325316         8.26312         8.14727 
        0.33145         7.96774          7.8627 
       0.337538         7.67547         7.57459 
       0.343633         7.37334         7.28692 
       0.349808         7.11015         7.00518 
       0.355968         6.84904         6.74238 
       0.362074         6.60243         6.50394 
       0.368217         6.38909         6.28719 
       0.374374         6.17054         6.08914 
       0.380519         6.00356         5.90513 
       0.386598         5.83746         5.73104 
       0.392688         5.67614         5.55972 
        0.39888         5.49398         5.38703 
       0.405048         5.32672         5.21671 
       0.411186         5.16428         5.05053 
       0.417313         4.99252         4.89088 
       0.423458         4.85092         4.73911 
       0.429607         4.69552         4.59643 
       0.435692         4.56256          4.4645 
       0.441815         4.44012         4.33975 
       0.447964         4.33637         4.22053 
       0.454126         4.20226         4.10552 
       0.460267         4.09202          3.9942 
       0.466387         3.97484         3.88563 
        0.47254         3.87484         3.77881 
       0.478662         3.77703          3.6756 
       0.484765         3.66824          3.5764 
       0.490885         3.57507         3.48099 
       0.497035         3.50243         3.38937 
       0.503198         3.40378         3.30194 
       0.509342         3.32387         3.21876 
       0.515458         3.23814         3.13919 
       0.521598          3.1621         3.06191 
       0.527764          3.0778         2.98658 
       0.533884         3.01817         2.91396 
           0.54         2.94273         2.84347 
       0.546137         2.87705         2.77477 
       0.552299          2.8092         2.70794 
       0.558452         2.73569          2.6435 
       0.564573          2.6804         2.58177 
       0.570708         2.61988         2.52222 
       0.576825         2.55678         2.46498 
       0.582926         2.50825         2.40977 
       0.589034         2.43996         2.35615 
       0.595184         2.39156         2.30371 
       0.601379         2.33938         2.25242 
       0.607522         2.29642         2.20304 
       0.613639         2.25515         2.15533 
       0.619772         2.19626         2.10892 
       0.625918         2.15591         2.06381 
       0.632068          2.1166         2.02003 
       0.638161         2.06822         1.97794 
         0.6443         2.02574         1.93678 
       0.650464          1.9802          1.8967 
       0.656582         1.94731         1.85806 
       0.662703         1.90938         1.82052 
       0.668861          1.8777         1.78382 
       0.675024         1.83636         1.74811 
       0.681124         1.79681         1.71374 
       0.687237         1.76903         1.68021 
       0.693381         1.73637         1.64741 
       0.699536         1.69366         1.61543 
       0.705665         1.66494         1.58444 
       0.711789         1.63776          1.5543 
       0.717957         1.60443         1.52475 
        0.72409         1.57666         1.49614 
       0.730186          1.5469         1.46846 
       0.736317         1.52731         1.44133 
       0.742472         1.49839         1.41481 
       0.748622          1.4691         1.38898 
        0.75476         1.44044         1.36386 
       0.760888         1.41505         1.33941 
       0.767043          1.3988         1.31546 
       0.773185         1.36917         1.29216 
       0.779291         1.34729         1.26955 
       0.785407         1.32485         1.24746 
       0.791564         1.30383         1.22576 
       0.797719         1.28424         1.20459 
       0.803834         1.26381         1.18405 
       0.809972         1.24184         1.16393 
       0.816124         1.21979         1.14424 
       0.822261         1.19808         1.12505 
       0.828378         1.18176         1.10637 
       0.834502         1.16589          1.0881 
       0.840667         1.14174         1.07013 
       0.846816         1.12449         1.05262 
       0.852925         1.11184         1.03561 
       0.859047         1.09417         1.01895 
       0.865192         1.07512          1.0026 
       0.871341          1.0592        0.986601 
       0.877463         1.04646        0.971028 
       0.883569         1.02754        0.955833 
       0.889708         1.01198        0.940889 
       0.895864        0.997209        0.926227 
       0.902008        0.980766        0.911912 
       0.908149        0.967217        0.897909 
       0.914301        0.948774        0.884181 
       0.920448        0.937126        0.870754 
       0.926574        0.923047        0.857656 
       0.932687         0.90958        0.844856 
       0.938823        0.900687        0.832274 
       0.944975        0.886615        0.819922 
       0.951105        0.874959        0.807866 
       0.957225        0.864792        0.796075 
       0.963368        0.851583        0.784481 
       0.969511        0.838183        0.773119 
       0.975621        0.825182        0.762045 
       0.981748        0.817607         0.75116 
       0.987916          0.8052        0.740421 
        0.99406        0.793082        0.729934 
        1.00019        0.785115        0.719672 
        1.00632        0.771355        0.709618 
        1.01246        0.761444        0.699742 
        1.01859        0.752931        0.690072 
        1.02471        0.741994        0.680598 
        1.03085        0.735031         0.67127 
        1.03698        0.723326        0.662138 
        1.04314        0.714919        0.653139 
        1.04929        0.704332        0.644329 
        1.05541        0.697063        0.635718 
        1.06154        0.686878        0.627244 
        1.06769        0.677617        0.618912 
        1.07382        0.670046         0.61076 
        1.07993        0.659942        0.602774 
        1.08607        0.655046        0.594899 
        1.09222        0.644861        0.587157 
        1.09836        0.639614        0.579563 
        1.10449        0.631262        0.572112 
        1.11063        0.621653        0.564785 
        1.11677        0.613075         0.55759 
         1.1229        0.607106        0.550533 
        1.12903        0.598945        0.543593 
        1.13518        0.593316        0.536768 
        1.14131        0.585241        0.530064 
        1.14745        0.575424        0.523479 
        1.15359        0.571194        0.517006 
        1.15973        0.562649        0.510639 
        1.16584        0.559118         0.50441 
        1.17197        0.551787        0.498276 
        1.17811        0.546061        0.492225 
        1.18424        0.541088        0.486293 
        1.19038        0.533227        0.480443 
        1.19652        0.525834        0.474691 
        1.20267        0.522228        0.469033 
        1.20881         0.51501         0.46347 
        1.21495        0.510749        0.458006 
        1.22108        0.504637        0.452631 
         1.2272        0.499734        0.447355 
        1.23334        0.493441        0.442152 
        1.23949        0.488084         0.43702 
        1.24562        0.482962        0.431984 
        1.25174        0.478083        0.427035 
        1.25789        0.473418        0.422149 
        1.26402         0.46661        0.417349 
        1.27014        0.462169        0.412636 
        1.27628        0.458559        0.407981 
        1.28244        0.451482         0.40339 
        1.28858        0.447661        0.398876 
        1.29471        0.444154        0.394442 
        1.30084        0.438457        0.390079 
        1.30697        0.433827        0.385777 
        1.31312        0.427789        0.381533 
        1.31925        0.424331        0.377367 
        1.32537        0.420776        0.373267 
        1.33151        0.417128        0.369214 
        1.33765        0.412525        0.365224 
        1.34378        0.407089          0.3613 
        1.34992        0.403954        0.357432 
        1.35606        0.399554        0.353612 
         1.3622        0.395622        0.349855 
        1.36833        0.391537        0.346162 
        1.37445        0.386569        0.342524 
        1.38059        0.383177        0.338928 
        1.38675        0.381565        0.335374 
        1.39288        0.376633        0.331886 
        1.39901        0.373191        0.328449 
        1.40515         0.36986        0.325054 
         1.4113        0.365416        0.321708 
        1.41742        0.362017        0.318422 
        1.42355        0.359812        0.315176 
         1.4297        0.355067        0.311966 
        1.43585        0.352109        0.308801 
        1.44198        0.349893        0.305693 
        1.44809        0.345561        0.302634 
        1.45423        0.342425        0.299606 
        1.46036        0.339186        0.296624 
        1.46649        0.336638        0.293683 
        1.47263        0.333042        0.290779 
        1.47877         0.32929        0.287915 
        1.48491        0.326834        0.285086 
        1.49104        0.323072        0.282301 
        1.49718        0.320516        0.279552 
        1.50333        0.318297        0.276834 
        1.50947        0.315097        0.274158 
         1.5156        0.311858        0.271522 
        1.52172        0.309442         0.26892 
        1.52787        0.306447        0.266348 
          1.534        0.303719        0.263812 
        1.54013        0.300695        0.261312 
        1.54627        0.298695         0.25884 
        1.55241        0.295496          0.2564 
        1.55855        0.292535        0.253994 
        1.56467        0.291495        0.251626 
         1.5708        0.288017        0.249282 
        1.57695        0.285681        0.246964 
        1.58308        0.283056        0.244682 
        1.58922        0.280886        0.242426 
        1.59535         0.27824          0.2402 
         1.6015        0.275776        0.237999 
        1.60764        0.273783        0.235826 
        1.61376        0.270627        0.233687 
        1.61989        0.268877        0.231573 
        1.62604        0.266734         0.22948 
        1.63218         0.26474        0.227415 
        1.63831        0.262558         0.22538 
        1.64444        0.260238        0.223369 
        1.65059        0.258086        0.221377 
        1.65673        0.255951        0.219413 
        1.66285        0.254186        0.217478 
        1.66898        0.252144        0.215565 
        1.67512        0.249483        0.213672 
        1.68127        0.247311          0.2118 
         1.6874        0.246086        0.209955 
        1.69353        0.243455        0.208132 
        1.69967        0.242093        0.206327 
        1.70581        0.239568        0.204544 
        1.71193        0.237862         0.20279 
        1.71806        0.235663        0.201052 
        1.72421        0.234383         0.19933 
        1.73035        0.232028        0.197632 
        1.73649        0.230651        0.195953 
        1.74262        0.228677        0.194295 
        1.74876        0.226742        0.192655 
        1.75489        0.225252        0.191038 
        1.76101        0.223099         0.18944 
        1.76715        0.221452        0.187858 
        1.77329        0.219511        0.186292 
        1.77943        0.217929        0.184743 
        1.78557        0.216695        0.183214 
        1.79171        0.215009        0.181703 
        1.79785         0.21319        0.180208 
        1.80399        0.211568         0.17873 
        1.81012        0.210116        0.177271 
        1.81625         0.20845        0.175829 
        1.82239        0.207048        0.174401 
        1.82853        0.205021        0.172989 
        1.83466        0.203772        0.171595 
        1.84078        0.202153        0.170217 
        1.84692        0.200627        0.168853 
        1.85306        0.199513        0.167501 
         1.8592        0.197686        0.166167 
        1.86533        0.196624        0.164848 
        1.87147         0.19505        0.163542 
        1.87761        0.193833        0.162249 
        1.88375        0.191998        0.160972 
        1.88988        0.190778         0.15971 
        1.89601        0.189171        0.158461 
        1.90215        0.188121        0.157224 
        1.90829        0.186447        0.156001 
        1.91442        0.185602        0.154791 
        1.92056         0.18394        0.153595 
         1.9267        0.182504         0.15241 
        1.93284        0.181263        0.151237 
        1.93897        0.179938        0.150079 
        1.94509        0.179059        0.148935 
        1.95123        0.177546        0.147801 
        1.95737        0.176596        0.146677 
        1.96349        0.175133        0.145568 
        1.96964          0.1738        0.144467 
        1.97578        0.172582        0.143378 
        1.98192        0.171637        0.142301 
        1.98805         0.17069        0.141236 
        1.99419        0.169057        0.140181 
        2.00033        0.167873        0.139137 
        2.00647         0.16726        0.138104 
         2.0126        0.165654        0.137083 
        2.01874        0.164819        0.136071 
        2.02488        0.163617        0.135068 
        2.03101        0.162509        0.134077 
        2.03714        0.161312        0.133097 
        2.04328        0.160484        0.132126 
        2.04941        0.159161        0.131165 
        2.05554        0.158312        0.130215 
        2.06167         0.15744        0.129273 
        2.06781        0.156014        0.128339 
        2.07396        0.155022        0.127414 
        2.08009        0.154026          0.1265 
        2.08622         0.15321        0.125595 
        2.09237        0.152269        0.124698 
        2.09851        0.151303        0.123809 
        2.10464        0.150299        0.122931 
        2.11077        0.149138        0.122062 
        2.11691        0.148278        0.121199 
        2.12305         0.14732        0.120345 
        2.12918        0.146516        0.119501 
        2.13531        0.145346        0.118665 
        2.14145        0.144337        0.117835 
         2.1476        0.143609        0.117013 
        2.15372        0.142943        0.116202 
        2.15985         0.14175        0.115398 
        2.16599        0.140778        0.114599 
        2.17213        0.140089        0.113809 
        2.17827        0.139058        0.113026 
         2.1844        0.138425        0.112252 
        2.19054        0.137459        0.111484 
        2.19666        0.136289        0.110725 
         2.2028        0.135794        0.109972 
        2.20893        0.135141        0.109226 
        2.21508        0.133913        0.108486 
        2.22122        0.133098        0.107752 
        2.22736        0.132612        0.107027 
        2.23349        0.131591        0.106309 
        2.23962        0.130962        0.105597 
        2.24577        0.129982        0.104891 
         2.2519        0.129404        0.104192 
        2.25802        0.128428        0.103501 
        2.26417        0.127805        0.102814 
        2.27031         0.12695        0.102133 
        2.27644        0.126222         0.10146 
        2.28257        0.125474        0.100793 
        2.28872        0.124739         0.10013 
        2.29486        0.124153       0.0994744 
        2.30099        0.123223       0.0988255 
        2.30712        0.122597       0.0981821 
        2.31326        0.121598       0.0975434 
         2.3194        0.121504       0.0969108 
        2.32553        0.120632       0.0962848 
        2.33166        0.120024       0.0956647 
         2.3378        0.119208       0.0950491 
        2.34394        0.118413       0.0944388 
        2.35007        0.117767       0.0938348 
        2.35619        0.116939       0.0932367 
        2.36233        0.116343       0.0926425 
        2.36848        0.115878       0.0920522 
        2.37462        0.114949       0.0914683 
        2.38075        0.114608         0.09089 
        2.38689        0.113864       0.0903162 
        2.39303        0.113441       0.0897475 
        2.39916        0.112435       0.0891843 
        2.40529        0.111992        0.088626 
        2.41143        0.111312        0.088072 
        2.41757        0.110668       0.0875225 
         2.4237        0.110254       0.0869787 
        2.42983        0.109456       0.0864396 
        2.43598        0.109119       0.0859036 
        2.44211        0.108315       0.0853731 
        2.44823        0.107977       0.0848482 
        2.45437        0.107029       0.0843264 
        2.46052        0.106651       0.0838084 
        2.46665        0.105954       0.0832958 
        2.47279        0.105348       0.0827876 
        2.47892         0.10468       0.0822833 
        2.48507        0.104101       0.0817827 
         2.4912        0.103704       0.0812873 
        2.49733        0.103384       0.0807963 
        2.50347        0.102737       0.0803084 
        2.50961        0.102055       0.0798246 
        2.51575        0.101536        0.079345 
        2.52188        0.100983         0.07887 
        2.52802        0.100416       0.0783983 
        2.53416       0.0999237       0.0779303 
        2.54029       0.0994111        0.077467 
        2.54641       0.0989714       0.0770076 
        2.55255       0.0984254       0.0765515 
        2.55869       0.0980285       0.0760983 
        2.56483       0.0973393       0.0756495 
        2.57096       0.0970435       0.0752048 
        2.57709       0.0965162       0.0747635 
        2.58323       0.0960477       0.0743253 
        2.58937        0.095325       0.0738905 
        2.59551       0.0950839       0.0734596 
        2.60164       0.0944914       0.0730324 
        2.60778       0.0941485       0.0726081 
        2.61392       0.0934642       0.0721873 
        2.62006       0.0930947       0.0717699 
        2.62619       0.0926866       0.0713563 
        2.63232       0.0920942       0.0709459 
        2.63846       0.0917711       0.0705383 
        2.64459       0.0914796       0.0701344 
        2.65072       0.0908205       0.0697337 
        2.65686       0.0904984        0.069336 
          2.663       0.0899913       0.0689408 
        2.66915       0.0895139       0.0685487 
        2.67527        0.089143       0.0681606 
        2.68141       0.0887563       0.0677752 
        2.68755       0.0880596       0.0673925 
        2.69368       0.0878741       0.0670131 
        2.69981       0.0875436       0.0666371 
        2.70595       0.0871289        0.066263 
        2.71209       0.0866881       0.0658918 
        2.71823       0.0862073        0.065524 
        2.72436       0.0857907        0.065159 
         2.7305       0.0855151       0.0647967 
        2.73663       0.0852281       0.0644372 
        2.74276       0.0845584       0.0640807 
         2.7489       0.0842548       0.0637267 
        2.75504       0.0838441        0.063375 
        2.76118       0.0835826       0.0630258 
        2.76732       0.0831347       0.0626798 
        2.77345       0.0827699       0.0623364 
        2.77959       0.0825013       0.0619956 
        2.78572       0.0819404       0.0616574 
        2.79186         0.08162       0.0613218 
        2.79798       0.0813927       0.0609891 
        2.80412       0.0809567       0.0606582 
        2.81027       0.0805621       0.0603294 
         2.8164       0.0802403       0.0600037 
        2.82253       0.0797278       0.0596805 
        2.82867       0.0795709       0.0593595 
        2.83481       0.0791463       0.0590408 
        2.84095       0.0787947       0.0587244 
        2.84708       0.0784839       0.0584108 
        2.85322       0.0782951        0.058099 
        2.85935       0.0778148       0.0577897 
        2.86549       0.0775278       0.0574827 
        2.87162       0.0772325        0.057178 
        2.87776       0.0769287       0.0568756 
        2.88389       0.0765919       0.0565751 
        2.89003       0.0763377        0.056277 
        2.89617       0.0759227       0.0559809 
        2.90231        0.075642        0.055687 
        2.90844       0.0752628       0.0553952 
        2.91458       0.0750996       0.0551056 
        2.92071       0.0747733       0.0548184 
        2.92684       0.0743716       0.0545329 
        2.93298       0.0741377       0.0542496 
         2.9391       0.0738415       0.0539687 
        2.94524       0.0734898       0.0536894 
        2.95138       0.0732277       0.0534119 
        2.95752       0.0729345       0.0531361 
        2.96367       0.0726223       0.0528623 
         2.9698       0.0723786       0.0525909 
        2.97594        0.072115       0.0523212 
        2.98207       0.0718464       0.0520534 
        2.98821       0.0715371       0.0517877 
        2.99434       0.0713395       0.0515239 
        3.00048       0.0709773       0.0512617 
        3.00662       0.0706988       0.0510013 
        3.01275       0.0705027       0.0507431 
        3.01888       0.0701876       0.0504866 
        3.02503        0.069911       0.0502315 
        3.03117       0.0697004       0.0499782 
        3.03729       0.0694038       0.0497273 
        3.04342         0.06913       0.0494779 
        3.04957       0.0688805       0.0492296 
         3.0557       0.0686901       0.0489835 
        3.06183       0.0683051       0.0487394 
        3.06796       0.0682826       0.0484967 
        3.07411       0.0680345       0.0482552 
        3.08025       0.0677876       0.0480157 
        3.08637       0.0673696       0.0477783 
         3.0925       0.0672696       0.0475422 
        3.09865       0.0670481       0.0473072 
         3.1048       0.0668388       0.0470738 
        3.11093       0.0664677       0.0468426 
        3.11706       0.0663564       0.0466128 
         3.1232       0.0661575       0.0463845 
        3.12933       0.0659241       0.0461576 
        3.13547       0.0656913       0.0459325 
        3.14159       0.0654396       0.0457091 
        3.14773        0.065302       0.0454867 
        3.15388       0.0650192       0.0452657 
        3.16001       0.0649553       0.0450465 
        3.16614       0.0645991       0.0448289 
        3.17228       0.0642899       0.0446125 
        3.17842       0.0642546       0.0443975 
        3.18455       0.0639349       0.0441841 
        3.19068       0.0637255       0.0439722 
        3.19682       0.0635836       0.0437614 
        3.20297       0.0634183       0.0435519 
         3.2091       0.0631114        0.043344 
        3.21524       0.0629972       0.0431374 
        3.22138       0.0627961       0.0429322 
         3.2275       0.0626497       0.0427287 
        3.23363       0.0624593       0.0425264 
        3.23977       0.0621606       0.0423252 
        3.24591       0.0621236       0.0421253 
        3.25205       0.0619079       0.0419266 
        3.25818       0.0617258       0.0417292 
        3.26432       0.0616242       0.0415333 
        3.27046       0.0614175       0.0413385 
         3.2766       0.0612565        0.041145 
        3.28273       0.0610191       0.0409528 
        3.28887       0.0608941       0.0407618 
          3.295       0.0608262       0.0405721 
        3.30113        0.060682       0.0403836 
        3.30727       0.0604149       0.0401962 
        3.31341       0.0603941       0.0400101 
        3.31954       0.0602563       0.0398253 
        3.32568       0.0601746       0.0396414 
        3.33182       0.0600034       0.0394587 
        3.33795       0.0598816       0.0392774 
        3.34409       0.0596744        0.039097 
        3.35022       0.0595748       0.0389178 
        3.35636       0.0594972       0.0387398 
         3.3625       0.0594308       0.0385628 
        3.36864        0.059394       0.0383869 
        3.37477       0.0591744       0.0382122 
        3.38091       0.0590842       0.0380387 
        3.38704       0.0589041       0.0378662 
        3.39318       0.0589242       0.0376947 
        3.39931       0.0589421       0.0375243 
        3.40545       0.0587234        0.037355 
        3.41158       0.0586933       0.0371867 
        3.41772        0.058633       0.0370195 
        3.42385       0.0585973       0.0368534 
        3.42998        0.058566       0.0366883 
        3.43612        0.058477       0.0365242 
        3.44226       0.0584988        0.036361 
         3.4484       0.0583068       0.0361986 
        3.45453       0.0582607       0.0360375 
        3.46066       0.0582068       0.0358775 
        3.46681       0.0582441       0.0357181 
        3.47295       0.0582087       0.0355597 
        3.47908       0.0581718       0.0354027 
        3.48521       0.0581009       0.0352465 
        3.49135        0.058072        0.035091 
        3.49749       0.0581011       0.0349366 
        3.50362       0.0581026       0.0347831 
        3.50976       0.0580699       0.0346307 
        3.51589        0.058067        0.034479 
        3.52203       0.0579517       0.0343283 
        3.52816        0.057957       0.0341787 
        3.53429       0.0579879       0.0340299 
        3.54043       0.0580959       0.0338817 
        3.54657       0.0580348       0.0337345 
        3.55271       0.0580829       0.0335883 
        3.55884       0.0580978       0.0334431 
        3.56498       0.0580957       0.0332985 
        3.57112       0.0581575       0.0331547 
        3.57725       0.0581932        0.033012 
        3.58338       0.0582413       0.0328702 
        3.58952       0.0583114        0.032729 
        3.59566       0.0582739       0.0325886 
         3.6018       0.0583864       0.0324491 
        3.60793       0.0584111       0.0323106 
        3.61407       0.0585601       0.0321729 
        3.62021       0.0585341       0.0320358 
        3.62634       0.0586196       0.0318996 
        3.63247       0.0587646       0.0317643 
        3.63861       0.0588058       0.0316298 
        3.64475       0.0588803       0.0314958 
        3.65089       0.0589758       0.0313627 
        3.65702       0.0590311       0.0312306 
        3.66316        0.059213        0.031099 
        3.66929       0.0592477       0.0309684 
        3.67543       0.0593915       0.0308384 
        3.68156        0.059549       0.0307092 
        3.68769       0.0595763       0.0305808 
        3.69383       0.0596512        0.030453 
        3.69997       0.0598656       0.0303259 
        3.70611       0.0600352       0.0301997 
        3.71224       0.0601558       0.0300741 
        3.71838        0.060285       0.0299492 
        3.72451        0.060424       0.0298252 
        3.73065       0.0605919       0.0297018 
        3.73678       0.0607998       0.0295791 
        3.74292       0.0608736        0.029457 
        3.74906       0.0610131       0.0293357 
        3.75519       0.0612578       0.0292151 
        3.76133       0.0614945       0.0290951 
        3.76746       0.0616271       0.0289759 
         3.7736       0.0617621       0.0288573 
        3.77974       0.0618662       0.0287393 
        3.78588       0.0622564        0.028622 
        3.79201       0.0623405       0.0285054 
        3.79814       0.0626078       0.0283895 
        3.80428       0.0629666       0.0282742 
        3.81042       0.0631919       0.0281594 
        3.81655       0.0632576       0.0280454 
        3.82268       0.0635967       0.0279321 
        3.82882       0.0638347       0.0278194 
        3.83496       0.0640829       0.0277071 
        3.84109       0.0642638       0.0275956 
        3.84723       0.0645991       0.0274847 
        3.85337       0.0647775       0.0273743 
        3.85951       0.0650719       0.0272645 
        3.86565       0.0652699       0.0271555 
        3.87178       0.0656723       0.0270471 
        3.87791       0.0659146       0.0269392 
        3.88405       0.0663394       0.0268319 
        3.89019       0.0664273       0.0267252 
        3.89632       0.0668246       0.0266191 
        3.90246       0.0672034       0.0265135 
         3.9086       0.0674418       0.0264085 
        3.91473       0.0679012       0.0263041 
        3.92086        0.068034       0.0262004 
        3.92699        0.068534       0.0260972 
        3.93313       0.0688226       0.0259944 
        3.93927       0.0691028       0.0258923 
         3.9454       0.0695256       0.0257907 
        3.95154       0.0699825       0.0256896 
        3.95768       0.0702296        0.025589 
        3.96382       0.0705067        0.025489 
        3.96995       0.0711369       0.0253896 
        3.97609       0.0715255       0.0252907 
        3.98222       0.0718266       0.0251924 
        3.98836       0.0722696       0.0250946 
         3.9945       0.0725775       0.0249972 
        4.00063       0.0731893       0.0249005 
        4.00677       0.0734454       0.0248041 
        4.01291       0.0739026       0.0247083 
        4.01904       0.0743282       0.0246131 
        4.02517       0.0749076       0.0245185 
        4.03131       0.0753903       0.0244242 
        4.03745       0.0758197       0.0243303 
        4.04358        0.076191       0.0242371 
        4.04972       0.0767773       0.0241444 
        4.05585       0.0772531       0.0240521 
        4.06199       0.0778619       0.0239603 
        4.06812         0.07825        0.023869 
        4.07426        0.078844       0.0237782 
         4.0804       0.0791089       0.0236877 
        4.08654       0.0797301       0.0235978 
        4.09267       0.0805322       0.0235085 
         4.0988       0.0807912       0.0234196 
        4.10494       0.0817136       0.0233311 
        4.11108       0.0820726       0.0232431 
        4.11721       0.0825886       0.0231555 
        4.12334       0.0832198       0.0230685 
        4.12948       0.0839548       0.0229818 
        4.13561       0.0844945       0.0228956 
        4.14176       0.0850362       0.0228097 
        4.14789       0.0858798       0.0227244 
        4.15403       0.0863599       0.0226395 
        4.16016       0.0870754        0.022555 
         4.1663       0.0875057        0.022471 
        4.17243       0.0883863       0.0223875 
        4.17857       0.0889504       0.0223043 
        4.18471       0.0895668       0.0222215 
        4.19084       0.0903785       0.0221392 
        4.19698       0.0909344       0.0220573 
        4.20312       0.0916241       0.0219758 
        4.20925       0.0925776       0.0218948 
        4.21538       0.0931023       0.0218142 
        4.22152       0.0938725       0.0217339 
        4.22766       0.0947852        0.021654 
         4.2338       0.0954154       0.0215746 
        4.23993       0.0961554       0.0214955 
        4.24607       0.0972024       0.0214169 
         4.2522       0.0977841       0.0213386 
        4.25834       0.0986546       0.0212608 
        4.26447       0.0995205       0.0211834 
        4.27061        0.100616       0.0211063 
        4.27674        0.101193       0.0210296 
        4.28288        0.102149       0.0209532 
        4.28902        0.103167       0.0208773 
        4.29515        0.103802       0.0208018 
        4.30129        0.104555       0.0207266 
        4.30743        0.105845       0.0206518 
        4.31356        0.106787       0.0205773 
        4.31969         0.10771       0.0205033 
        4.32583         0.10847       0.0204297 
        4.33197        0.109412       0.0203562 
         4.3381        0.110677       0.0202833 
        4.34424        0.111279       0.0202107 
        4.35038        0.112349       0.0201383 
        4.35652        0.113463       0.0200664 
        4.36265        0.114537       0.0199949 
        4.36878        0.115368       0.0199238 
        4.37492         0.11658       0.0198529 
        4.38106         0.11764       0.0197823 
        4.38719        0.119224       0.0197122 
        4.39333        0.119867       0.0196424 
        4.39946        0.121155       0.0195729 
         4.4056        0.122265       0.0195038 
        4.41173        0.123439        0.019435 
        4.41786        0.124707       0.0193666 
          4.424        0.125783       0.0192985 
        4.43014        0.127292       0.0192306 
        4.43628        0.127878       0.0191631 
        4.44241        0.129818       0.0190959 
        4.44855        0.130988       0.0190291 
        4.45469        0.131793       0.0189625 
        4.46083         0.13341       0.0188963 
        4.46696        0.134759       0.0188305 
        4.47309        0.135633       0.0187649 
        4.47923        0.137478       0.0186997 
        4.48537        0.138939       0.0186348 
         4.4915        0.140094       0.0185701 
        4.49764        0.141563       0.0185058 
        4.50378         0.14278       0.0184418 
        4.50991        0.144691       0.0183781 
        4.51604        0.145876       0.0183148 
        4.52218        0.147729       0.0182516 
        4.52832         0.14926       0.0181888 
        4.53445        0.150691       0.0181263 
        4.54059        0.151848       0.0180641 
        4.54673        0.153482       0.0180022 
        4.55286        0.155403       0.0179405 
          4.559        0.156706       0.0178792 
        4.56513        0.158225       0.0178182 
        4.57127        0.160196       0.0177574 
        4.57741        0.161968       0.0176969 
        4.58354        0.163641       0.0176367 
        4.58968        0.165165       0.0175768 
        4.59582        0.166926       0.0175172 
        4.60195        0.168609       0.0174578 
        4.60809        0.170812       0.0173988 
        4.61422        0.172133         0.01734 
        4.62036        0.174328       0.0172815 
        4.62649        0.176095       0.0172232 
        4.63263        0.177385       0.0171653 
        4.63876        0.180012       0.0171075 
         4.6449        0.181705       0.0170501 
        4.65104        0.183518       0.0169929 
        4.65717        0.185601        0.016936 
        4.66331        0.188318       0.0168793 
        4.66944        0.190382       0.0168229 
        4.67558        0.192218       0.0167668 
        4.68171        0.194217       0.0167109 
        4.68785        0.196158       0.0166553 
        4.69399        0.198819       0.0165999 
        4.70012         0.20142       0.0165448 
        4.70625        0.203162         0.01649 
        4.71239        0.205339       0.0164353 
        4.71853        0.207423        0.016381 
        4.72467        0.209617       0.0163268 
         4.7308        0.212339        0.016273 
        4.73694        0.215058       0.0162193 
        4.74308        0.216964       0.0161659 
        4.74922        0.220027       0.0161127 
        4.75535        0.222081       0.0160599 
        4.76148        0.224237       0.0160072 
        4.76762        0.227325       0.0159548 
        4.77376        0.229954       0.0159026 
        4.77989        0.233334       0.0158506 
        4.78602        0.234689       0.0157989 
        4.79216        0.238093       0.0157474 
         4.7983        0.241152       0.0156961 
        4.80443        0.243817       0.0156451 
        4.81056        0.245509       0.0155943 
         4.8167        0.249137       0.0155437 
        4.82284        0.252402       0.0154933 
        4.82898        0.254852       0.0154432 
        4.83511        0.258086       0.0153933 
        4.84125        0.260364       0.0153436 
        4.84739        0.264851       0.0152941 
        4.85352        0.267975       0.0152449 
        4.85965         0.27022       0.0151959 
        4.86579        0.273933       0.0151471 
        4.87193        0.276945       0.0150984 
        4.87807        0.280853         0.01505 
         4.8842        0.283868       0.0150019 
        4.89034        0.286479       0.0149539 
        4.89647        0.291104       0.0149061 
        4.90261        0.293837       0.0148586 
        4.90874        0.297036       0.0148113 
        4.91488        0.300094       0.0147642 
        4.92102        0.304514       0.0147172 
        4.92715        0.307561       0.0146705 
        4.93329        0.312621        0.014624 
        4.93942        0.316156       0.0145777 
        4.94556        0.319208       0.0145316 
         4.9517        0.323616       0.0144856 
        4.95783        0.328009       0.0144399 
        4.96397        0.332133       0.0143944 
        4.97011        0.335589       0.0143491 
        4.97624        0.340185        0.014304 
        4.98238        0.343944       0.0142591 
        4.98851        0.348763       0.0142144 
        4.99465        0.352765       0.0141698 
        5.00078        0.355965       0.0141255 
        5.00691        0.362021       0.0140814 
        5.01305        0.366033       0.0140374 
        5.01919        0.370291       0.0139936 
        5.02533        0.374438         0.01395 
        5.03146        0.379947       0.0139066 
         5.0376        0.384484       0.0138634 
        5.04374        0.388716       0.0138203 
        5.04987        0.393839       0.0137775 
        5.05601        0.399647       0.0137348 
        5.06215         0.40594       0.0136923 
        5.06829        0.409816         0.01365 
        5.07442        0.415049       0.0136079 
        5.08055        0.420176        0.013566 
        5.08668        0.424165       0.0135242 
        5.09282        0.432215       0.0134826 
        5.09896        0.436842       0.0134412 
        5.10509        0.442574          0.0134 
        5.11123        0.448727       0.0133589 
        5.11736        0.454311        0.013318 
         5.1235        0.459278       0.0132773 
        5.12964        0.463992       0.0132367 
        5.13577        0.469719       0.0131963 
        5.14191        0.474842       0.0131561 
        5.14804        0.482724       0.0131161 
        5.15418        0.489317       0.0130762 
        5.16032        0.495328       0.0130365 
        5.16645         0.50021        0.012997 
        5.17259         0.50838       0.0129576 
        5.17872        0.515937       0.0129184 
        5.18486        0.522378       0.0128793 
          5.191        0.529559       0.0128404 
        5.19713        0.535228       0.0128017 
        5.20327        0.544061       0.0127631 
        5.20941        0.550425       0.0127247 
        5.21555        0.558264       0.0126864 
        5.22168        0.564719       0.0126483 
        5.22781        0.570916       0.0126104 
        5.23395        0.579817       0.0125726 
        5.24009        0.585769        0.012535 
        5.24622        0.597183       0.0124975 
        5.25236        0.601881       0.0124602 
         5.2585        0.612521        0.012423 
        5.26463        0.619517        0.012386 
        5.27077        0.627523       0.0123492 
         5.2769         0.63697       0.0123125 
        5.28304        0.645078       0.0122759 
        5.28917        0.652435       0.0122395 
         5.2953        0.659212       0.0122033 
        5.30144        0.668393       0.0121672 
        5.30757        0.680038       0.0121312 
        5.31371        0.688306       0.0120954 
        5.31985        0.700757       0.0120597 
        5.32599        0.710724       0.0120241 
        5.33213        0.716236       0.0119887 
        5.33826        0.724949       0.0119535 
         5.3444        0.736296       0.0119184 
        5.35053        0.743928       0.0118834 
        5.35667        0.756468       0.0118486 
        5.36281        0.766646       0.0118139 
        5.36894        0.780492       0.0117793 
        5.37507         0.78853       0.0117449 
        5.38121        0.798189       0.0117106 
        5.38735        0.808674       0.0116765 
        5.39348        0.822956       0.0116425 
        5.39961        0.829594       0.0116087 
        5.40575        0.841587       0.0115749 
        5.41189        0.857484       0.0115413 
        5.41803        0.866114       0.0115079 
        5.42416        0.877718       0.0114745 
         5.4303        0.889739       0.0114413 
        5.43644        0.903534       0.0114083 
        5.44257        0.913965       0.0113754 
        5.44871        0.932295       0.0113425 
        5.45484        0.942182       0.0113099 
        5.46098         0.94848       0.0112773 
        5.46712        0.965116       0.0112449 
        5.47325        0.984743       0.0112126 
        5.47938        0.989809       0.0111805 
        5.48552         1.00455       0.0111485 
        5.49165          1.0181       0.0111165 
        5.49779         1.03248       0.0110848 
        5.50393         1.05203       0.0110531 
        5.51006         1.06651       0.0110215 
         5.5162         1.07922       0.0109901 
        5.52234         1.09441       0.0109588 
        5.52847         1.11242       0.0109277 
        5.53461         1.12715       0.0108966 
        5.54075         1.14042       0.0108657 
        5.54688         1.15355       0.0108349 
        5.55302         1.16908       0.0108042 
        5.55915         1.18417       0.0107736 
        5.56529         1.20486       0.0107432 
        5.57143         1.21439       0.0107129 
        5.57756          1.2319       0.0106826 
         5.5837         1.26315       0.0106526 
        5.58983         1.27305       0.0106226 
        5.59597         1.28711       0.0105927 
         5.6021         1.30661        0.010563 
        5.60824         1.32694       0.0105334 
        5.61438         1.33811       0.0105038 
        5.62051         1.36104       0.0104744 
        5.62665         1.38258       0.0104452 
        5.63278         1.39832        0.010416 
        5.63892         1.41977       0.0103869 
        5.64505         1.44148        0.010358 
        5.65119         1.45831       0.0103291 
        5.65733          1.4767       0.0103004 
        5.66346         1.50215       0.0102718 
         5.6696         1.51183       0.0102433 
        5.67573          1.5419       0.0102149 
        5.68187          1.5621       0.0101866 
          5.688         1.58437       0.0101584 
        5.69414         1.60171       0.0101303 
        5.70028         1.63026       0.0101023 
        5.70642         1.65296       0.0100745 
        5.71255         1.66753       0.0100467 
        5.71869         1.69443       0.0100191 
        5.72482         1.71797      0.00999151 
        5.73096         1.74196      0.00996407 
        5.73709         1.76578      0.00993674 
        5.74322         1.78452      0.00990952 
        5.74936          1.8027      0.00988237 
         5.7555         1.83476      0.00985531 
        5.76164         1.85995      0.00982839 
        5.76777         1.87823      0.00980158 
        5.77391         1.90568      0.00977483 
        5.78005         1.94504      0.00974819 
        5.78618         1.96396      0.00972168 
        5.79231         1.97825      0.00969528 
        5.79845         2.00185      0.00966894 
        5.80459         2.05058      0.00964268 
        5.81073         2.06349      0.00961656 
        5.81686         2.09896      0.00959054 
          5.823         2.12426      0.00956459 
        5.82914         2.15182      0.00953874 
        5.83527           2.169      0.00951302 
         5.8414         2.21401      0.00948738 
        5.84754         2.22437      0.00946181 
        5.85368         2.25286      0.00943634 
        5.85981         2.28815      0.00941098 
        5.86595         2.30422      0.00938572 
        5.87208         2.33551      0.00936055 
        5.87822         2.39513      0.00933548 
        5.88435         2.39979       0.0093105 
        5.89049         2.43065      0.00928559 
        5.89662         2.45948      0.00926079 
        5.90276         2.50261      0.00923606 
         5.9089         2.51607      0.00921143 
        5.91503         2.56536      0.00918691 
        5.92117          2.5856      0.00916246 
        5.92731         2.62618       0.0091381 
        5.93344         2.65087      0.00911384 
        5.93958         2.67498      0.00908967 
        5.94572         2.70294      0.00906558 
        5.95186         2.74539      0.00904156 
        5.95799         2.76701      0.00901767 
        5.96412         2.78264      0.00899386 
        5.97026         2.81295      0.00897011 
         5.9764         2.86423      0.00894647 
        5.98253         2.90862      0.00892293 
        5.98866         2.90715      0.00889945 
         5.9948          2.9534      0.00887604 
        6.00094         3.00131      0.00885273 
        6.00707         3.01465      0.00882951 
        6.01321          3.0451      0.00880637 
        6.01935         3.09253      0.00878331 
        6.02548         3.12344      0.00876034 
        6.03162          3.1477      0.00873746 
        6.03775         3.15025      0.00871466 
        6.04389         3.20296      0.00869194 
        6.05003         3.25532      0.00866928 
        6.05617         3.28069       0.0086467 
         6.0623         3.29658      0.00862422 
        6.06844         3.32696      0.00860182 
        6.07457         3.36679      0.00857951 
         6.0807         3.38221      0.00855728 
        6.08684         3.41745      0.00853513 
        6.09298         3.44128      0.00851304 
        6.09912          3.4837      0.00849103 
        6.10525          3.4889      0.00846911 
        6.11138           3.538      0.00844727 
        6.11752         3.58391      0.00842549 
        6.12366         3.58594       0.0084038 
        6.12979         3.64415      0.00838219 
        6.13593         3.61682      0.00836066 
        6.14207         3.67903      0.00833919 
         6.1482         3.69459       0.0083178 
        6.15434         3.69927      0.00829649 
        6.16047         3.74777      0.00827527 
        6.16661         3.77456      0.00825411 
        6.17274         3.80048      0.00823302 
        6.17887          3.7952      0.00821202 
        6.18501         3.79234      0.00819108 
        6.19115         3.84257      0.00817021 
        6.19729         3.87839       0.0081494 
        6.20342         3.90618      0.00812868 
        6.20956         3.91722      0.00810804 
         6.2157         3.93565      0.00808745 
        6.22183         3.96586      0.00806694 
        6.22797         3.98371      0.00804652 
         6.2341         3.98389      0.00802616 
        6.24024         3.99066      0.00800586 
        6.24638         3.99808      0.00798563 
        6.25251         4.01586      0.00796549 
        6.25865         4.02827      0.00794541 
        6.26478         4.04227      0.00792539 
        6.27092         4.02784      0.00790546 
        6.27705          4.0614      0.00788559 
        6.28318         3.33558      0.00786579 
