# k  (h/Mpc)    Pcb(k)  (Mpc/h)^3    Pcb_linear(k)  (Mpc/h)^3
     0.00783031         16203.6         16442.2 
       0.013688         20407.5         20222.7 
       0.019231         20409.9         20379.4 
      0.0249154         18325.2         18737.7 
      0.0312784         15927.1         16127.6 
      0.0375637         13657.6         13675.4 
      0.0433917         11656.5         11889.4 
      0.0492413           10520         10615.3 
      0.0555754         9355.31         9684.47 
      0.0619321         8984.26          8999.6 
       0.067871         8132.35         8402.84 
      0.0738098          7497.6         7743.28 
      0.0800417         6673.22         6965.82 
      0.0862327         6003.44         6164.35 
      0.0921407         5433.32         5453.09 
      0.0982031         4817.01         4843.61 
       0.104506         4500.02         4369.07 
       0.110769         4160.69         4045.21 
       0.116806         3924.85          3831.4 
       0.122832         3748.13         3663.15 
       0.129052         3484.71         3488.68 
       0.135211         3299.48         3285.46 
       0.141259          3143.7         3052.06 
       0.147318          2943.6         2800.62 
       0.153489         2682.64         2552.33 
       0.159709         2525.37         2334.16 
       0.165845         2423.52         2163.44 
       0.171974         2290.23         2037.27 
       0.178125         2182.08         1945.15 
       0.184229          2090.7         1872.61 
        0.19034         1980.38         1803.42 
       0.196428         1939.28         1726.97 
       0.202534         1863.13          1638.7 
       0.208729            1774          1540.2 
       0.214876         1697.03          1440.9 
       0.220989         1635.14         1348.73 
       0.227147         1564.92         1268.54 
        0.23329         1502.44         1203.46 
       0.239377         1478.14         1152.24 
       0.245482         1386.82         1110.14 
       0.251667         1379.65         1071.96 
       0.257832         1325.24         1033.85 
       0.263955         1281.34         993.373 
       0.270079         1236.43         949.908 
        0.27624         1221.74         904.619 
       0.282372         1170.65         860.457 
        0.28843         1161.38         819.965 
       0.294538         1103.17         783.809 
       0.300721         1096.73         752.319 
        0.30691         1053.62         725.185 
       0.313033         1032.97         701.282 
       0.319153          1014.1         678.752 
       0.325316         981.413         656.211 
        0.33145         958.871         633.291 
       0.337538         942.019         610.085 
       0.343633         920.472         586.914 
       0.349808         888.814         564.222 
       0.355968         882.721         543.054 
       0.362074         873.634         523.849 
       0.368217         846.344         506.391 
       0.374374         813.867          490.44 
       0.380519         814.841         475.618 
       0.386598         791.696         461.596 
       0.392688         789.046         447.798 
        0.39888         765.835         433.888 
       0.405048          755.53          420.17 
       0.411186         744.975         406.786 
       0.417313         729.386         393.927 
       0.423458         716.257         381.703 
       0.429607         707.141          370.21 
       0.435692         691.685         359.584 
       0.441815         685.732         349.536 
       0.447964         671.643         339.934 
       0.454126         664.409         330.671 
       0.460267           648.5         321.705 
       0.466387         641.046          312.96 
        0.47254         635.424         304.356 
       0.478662         629.957         296.043 
       0.484765         610.504         288.054 
       0.490885         606.491         280.369 
       0.497035         594.276         272.989 
       0.503198         590.027         265.948 
       0.509342         584.426         259.248 
       0.515458         580.395         252.839 
       0.521598         565.643         246.615 
       0.527764         555.968         240.547 
       0.533884         553.857         234.699 
           0.54          547.48         229.021 
       0.546137          543.69         223.487 
       0.552299         535.348         218.105 
       0.558452         531.849         212.915 
       0.564573         524.919         207.943 
       0.570708         518.404         203.147 
       0.576825         504.851         198.536 
       0.582926         506.087         194.089 
       0.589034         501.343         189.771 
       0.595184         497.007         185.547 
       0.601379         489.467         181.415 
       0.607522         482.714         177.439 
       0.613639         482.201         173.596 
       0.619772         471.871         169.858 
       0.625918         469.733         166.225 
       0.632068         462.839         162.698 
       0.638161         461.101         159.308 
         0.6443         453.286         155.993 
       0.650464         450.853         152.765 
       0.656582         447.201         149.653 
       0.662703          445.79          146.63 
       0.668861         438.224         143.674 
       0.675024         434.709         140.797 
       0.681124         431.356         138.028 
       0.687237         427.666         135.328 
       0.693381         421.853         132.686 
       0.699536         416.013         130.111 
       0.705665         414.677         127.615 
       0.711789         412.693         125.187 
       0.717957         408.927         122.807 
        0.72409         406.456         120.503 
       0.730186         400.808         118.273 
       0.736317         397.798         116.088 
       0.742472         395.742         113.952 
       0.748622         391.426         111.872 
        0.75476         386.354         109.849 
       0.760888         382.639         107.879 
       0.767043         383.116         105.951 
       0.773185         378.893         104.073 
       0.779291         374.092         102.253 
       0.785407          372.52         100.473 
       0.791564         368.023         98.7254 
       0.797719         365.882         97.0202 
       0.803834          362.01         95.3665 
       0.809972         361.336         93.7457 
       0.816124         360.259         92.1594 
       0.822261         355.459         90.6143 
       0.828378         353.203         89.1096 
       0.834502         349.613         87.6381 
       0.840667         346.978         86.1906 
       0.846816         345.488         84.7801 
       0.852925         343.022         83.4104 
       0.859047         340.947         82.0683 
       0.865192         336.813         80.7516 
       0.871341         334.235         79.4631 
       0.877463         333.704         78.2088 
       0.883569         331.017          76.985 
       0.889708         328.071         75.7813 
       0.895864          326.46         74.6005 
       0.902008         323.747         73.4474 
       0.908149         320.697         72.3197 
       0.914301         318.037         71.2139 
       0.920448         316.371         70.1325 
       0.926574         312.261         69.0775 
       0.932687         312.456         68.0466 
       0.938823         309.147         67.0333 
       0.944975         308.765         66.0383 
       0.951105         305.746         65.0674 
       0.957225         303.772         64.1177 
       0.963368         300.003         63.1839 
       0.969511         299.137         62.2688 
       0.975621         296.904         61.3768 
       0.981748         295.859         60.5001 
       0.987916         294.055         59.6352 
        0.99406         289.648         58.7905 
        1.00019         288.824          57.964 
        1.00632         287.529         57.1542 
        1.01246         285.055         56.3588 
        1.01859         285.618         55.5799 
        1.02471         280.886         54.8169 
        1.03085         279.589         54.0656 
        1.03698         278.487         53.3301 
        1.04314          275.78         52.6053 
        1.04929         273.683         51.8957 
        1.05541         274.392         51.2021 
        1.06154         269.744         50.5196 
        1.06769          269.29         49.8486 
        1.07382         267.267          49.192 
        1.07993         265.657         48.5488 
        1.08607         264.955         47.9145 
        1.09222         262.381         47.2909 
        1.09836         260.663         46.6793 
        1.10449         258.266         46.0792 
        1.11063         256.057         45.4891 
        1.11677         255.846         44.9095 
         1.1229         253.755         44.3412 
        1.12903         252.416         43.7822 
        1.13518         250.476         43.2325 
        1.14131         248.757         42.6925 
        1.14745         248.349         42.1622 
        1.15359         246.197         41.6408 
        1.15973         244.405          41.128 
        1.16584          242.76         40.6263 
        1.17197         242.871         40.1322 
        1.17811         239.655         39.6449 
        1.18424         238.317         39.1671 
        1.19038         237.738         38.6959 
        1.19652         235.645         38.2326 
        1.20267         235.176          37.777 
        1.20881         233.146         37.3289 
        1.21495         231.635         36.8888 
        1.22108         230.266         36.4559 
         1.2272         228.824          36.031 
        1.23334         227.888         35.6119 
        1.23949         225.939         35.1985 
        1.24562         225.139         34.7929 
        1.25174          223.69         34.3943 
        1.25789         222.036         34.0008 
        1.26402         220.079         33.6142 
        1.27014         218.959         33.2346 
        1.27628         217.834         32.8597 
        1.28244         217.722         32.4899 
        1.28858         215.303         32.1264 
        1.29471         213.972         31.7692 
        1.30084         212.786         31.4178 
        1.30697         211.425         31.0713 
        1.31312         209.577         30.7295 
        1.31925          208.82         30.3939 
        1.32537         208.213         30.0637 
        1.33151         206.164         29.7373 
        1.33765         204.759         29.4159 
        1.34378         204.134         29.0999 
        1.34992         203.019         28.7883 
        1.35606         202.925         28.4807 
         1.3622         200.784         28.1781 
        1.36833         199.019         27.8806 
        1.37445         198.361         27.5876 
        1.38059         196.672          27.298 
        1.38675          196.03         27.0118 
        1.39288          194.93         26.7308 
        1.39901          194.26          26.454 
        1.40515         192.401         26.1805 
         1.4113          191.55         25.9111 
        1.41742         190.101         25.6464 
        1.42355         189.236          25.385 
         1.4297          187.66         25.1264 
        1.43585         186.955         24.8715 
        1.44198         186.092         24.6212 
        1.44809         185.062         24.3748 
        1.45423         184.148         24.1309 
        1.46036         182.842         23.8908 
        1.46649          181.62         23.6538 
        1.47263         180.565         23.4199 
        1.47877         179.383         23.1893 
        1.48491         177.839         22.9615 
        1.49104         177.614         22.7372 
        1.49718         175.917         22.5157 
        1.50333         175.283         22.2968 
        1.50947          174.28         22.0813 
         1.5156         173.029          21.869 
        1.52172          172.39         21.6594 
        1.52787         170.737         21.4522 
          1.534          170.49          21.248 
        1.54013         169.237         21.0466 
        1.54627         168.206         20.8475 
        1.55241         167.149          20.651 
        1.55855         166.176         20.4572 
        1.56467         164.977         20.2665 
         1.5708         164.286         20.0777 
        1.57695         163.627          19.891 
        1.58308         162.626         19.7072 
        1.58922         161.667         19.5255 
        1.59535         160.328         19.3462 
         1.6015         159.886         19.1689 
        1.60764         158.857          18.994 
        1.61376         157.942         18.8217 
        1.61989         157.113         18.6514 
        1.62604         155.921         18.4828 
        1.63218         155.446         18.3165 
        1.63831         154.252         18.1526 
        1.64444         153.583         17.9906 
        1.65059          152.63         17.8302 
        1.65673         151.535          17.672 
        1.66285         150.898         17.5161 
        1.66898         149.821         17.3621 
        1.67512         149.565         17.2096 
        1.68127         148.133         17.0588 
         1.6874         147.288         16.9102 
        1.69353         146.667         16.7634 
        1.69967         145.616          16.618 
        1.70581         144.971         16.4744 
        1.71193         144.025         16.3331 
        1.71806         143.429         16.1931 
        1.72421         142.574         16.0545 
        1.73035         142.165         15.9177 
        1.73649         141.168         15.7825 
        1.74262         140.186         15.6489 
        1.74876         139.482         15.5169 
        1.75489          138.67         15.3866 
        1.76101          137.56         15.2579 
        1.76715         137.323         15.1304 
        1.77329         136.619         15.0043 
        1.77943         135.725         14.8796 
        1.78557         135.135         14.7565 
        1.79171         134.273         14.6347 
        1.79785         133.418         14.5143 
        1.80399         132.663         14.3953 
        1.81012         132.007         14.2778 
        1.81625         131.466         14.1616 
        1.82239         130.704         14.0466 
        1.82853         129.981         13.9329 
        1.83466         129.141         13.8206 
        1.84078         128.583         13.7097 
        1.84692         127.416         13.5997 
        1.85306         127.303         13.4909 
         1.8592         126.363         13.3834 
        1.86533         125.607         13.2772 
        1.87147         124.736          13.172 
        1.87761         124.044         13.0679 
        1.88375         123.318          12.965 
        1.88988         122.658         12.8634 
        1.89601         122.133         12.7628 
        1.90215         121.406         12.6632 
        1.90829         120.784         12.5647 
        1.91442         120.216         12.4672 
        1.92056         119.406         12.3709 
         1.9267         118.975         12.2754 
        1.93284         118.143          12.181 
        1.93897         117.523         12.0877 
        1.94509         117.026         11.9956 
        1.95123         116.401         11.9042 
        1.95737         115.796         11.8137 
        1.96349         115.148         11.7244 
        1.96964         114.159         11.6357 
        1.97578         113.537         11.5479 
        1.98192         113.233         11.4612 
        1.98805         112.497         11.3754 
        1.99419         111.987         11.2905 
        2.00033         111.236         11.2064 
        2.00647         110.861         11.1232 
         2.0126         109.932          11.041 
        2.01874         109.391         10.9594 
        2.02488         109.091         10.8787 
        2.03101         108.164         10.7989 
        2.03714         107.677         10.7199 
        2.04328         107.079         10.6417 
        2.04941         106.513         10.5643 
        2.05554         105.845         10.4878 
        2.06167         105.533         10.4119 
        2.06781         104.722         10.3367 
        2.07396         104.302         10.2622 
        2.08009         103.751         10.1886 
        2.08622         103.043         10.1157 
        2.09237         102.587         10.0434 
        2.09851         102.055         9.97186 
        2.10464         101.595          9.9011 
        2.11077         101.001         9.83111 
        2.11691         100.581         9.76164 
        2.12305         99.8405         9.69284 
        2.12918         99.2218         9.62487 
        2.13531         98.7903         9.55755 
        2.14145         98.1015         9.49072 
         2.1476         97.5435         9.42444 
        2.15372         97.2312         9.35914 
        2.15985          96.749         9.29438 
        2.16599         96.0334         9.23005 
        2.17213         95.6467         9.16641 
        2.17827         95.1627         9.10338 
         2.1844         94.4518         9.04099 
        2.19054         94.1737         8.97917 
        2.19666         93.7366         8.91802 
         2.2028         93.0861         8.85739 
        2.20893         92.7235         8.79728 
        2.21508         92.1734         8.73768 
        2.22122         91.6624          8.6786 
        2.22736         91.1684         8.62019 
        2.23349         90.7983         8.56234 
        2.23962         90.3133         8.50499 
        2.24577         89.8175         8.44811 
         2.2519          89.488         8.39184 
        2.25802          88.708         8.33617 
        2.26417         88.4191         8.28085 
        2.27031         87.9152         8.22598 
        2.27644         87.3911         8.17177 
        2.28257         86.8607         8.11805 
        2.28872         86.6857         8.06472 
        2.29486         85.9845         8.01187 
        2.30099         85.5112         7.95961 
        2.30712         85.2096         7.90779 
        2.31326         84.6848         7.85635 
         2.3194          84.212          7.8054 
        2.32553         83.9101         7.75498 
        2.33166         83.4396         7.70503 
         2.3378         82.8994         7.65546 
        2.34394         82.5259          7.6063 
        2.35007         82.1295         7.55765 
        2.35619         81.7703         7.50948 
        2.36233         81.2063         7.46162 
        2.36848         80.7586         7.41407 
        2.37462         80.3633         7.36705 
        2.38075         79.9761         7.32047 
        2.38689         79.5414         7.27426 
        2.39303         79.0028         7.22845 
        2.39916         78.7775         7.18309 
        2.40529         78.4625         7.13812 
        2.41143         77.8219          7.0935 
        2.41757         77.5861         7.04925 
         2.4237         77.2015         7.00545 
        2.42983         76.7034         6.96203 
        2.43598         76.2575         6.91886 
        2.44211         76.1414         6.87613 
        2.44823         75.5975         6.83385 
        2.45437         75.0153         6.79182 
        2.46052         74.7222         6.75011 
        2.46665         74.4964         6.70881 
        2.47279         73.9527         6.66788 
        2.47892         73.6519         6.62727 
        2.48507         73.2424         6.58695 
         2.4912         72.9357         6.54705 
        2.49733         72.5188          6.5075 
        2.50347         72.2712         6.46821 
        2.50961         71.9124         6.42924 
        2.51575         71.4988         6.39061 
        2.52188         71.0392         6.35235 
        2.52802         70.7057         6.31436 
        2.53416           70.43         6.27667 
        2.54029         69.9366         6.23935 
        2.54641         69.6481         6.20235 
        2.55255         69.2911         6.16562 
        2.55869         68.8943         6.12912 
        2.56483         68.6446         6.09296 
        2.57096         68.2139         6.05715 
        2.57709         67.8987         6.02161 
        2.58323         67.4193         5.98632 
        2.58937         67.2087         5.95129 
        2.59551         66.9346         5.91659 
        2.60164         66.5425         5.88218 
        2.60778         66.3161           5.848 
        2.61392         65.8867         5.81411 
        2.62006         65.6434          5.7805 
        2.62619         65.2396         5.74719 
        2.63232         64.9129         5.71413 
        2.63846         64.5642          5.6813 
        2.64459         64.2682         5.64877 
        2.65072         63.8717          5.6165 
        2.65686          63.568         5.58447 
          2.663         63.3468         5.55263 
        2.66915         63.0514         5.52106 
        2.67527         62.6282          5.4898 
        2.68141         62.3516         5.45876 
        2.68755         62.1226         5.42793 
        2.69368         61.8916         5.39737 
        2.69981         61.5135         5.36709 
        2.70595         61.1463         5.33696 
        2.71209         60.8597         5.30706 
        2.71823         60.5992         5.27744 
        2.72436         60.2478         5.24804 
         2.7305         59.9568         5.21886 
        2.73663         59.7338          5.1899 
        2.74276         59.3824          5.1612 
         2.7489         59.1341         5.13268 
        2.75504          58.816         5.10435 
        2.76118         58.4857         5.07623 
        2.76732         58.1966         5.04836 
        2.77345         57.9865          5.0207 
        2.77959         57.6294         4.99325 
        2.78572         57.3723         4.96601 
        2.79186         57.0503         4.93898 
        2.79798         56.8133         4.91219 
        2.80412         56.5822         4.88553 
        2.81027         56.2018         4.85905 
         2.8164         55.9778         4.83283 
        2.82253         55.7619         4.80679 
        2.82867          55.421         4.78094 
        2.83481         55.2059         4.75527 
        2.84095         54.8309         4.72979 
        2.84708         54.6205         4.70453 
        2.85322         54.3299         4.67942 
        2.85935         54.1204          4.6545 
        2.86549         53.7778         4.62978 
        2.87162         53.6346         4.60524 
        2.87776         53.2813         4.58088 
        2.88389         53.0889         4.55668 
        2.89003         52.8578         4.53267 
        2.89617         52.4639         4.50882 
        2.90231         52.3428         4.48515 
        2.90844         52.1131         4.46165 
        2.91458         51.8242         4.43832 
        2.92071         51.5594         4.41519 
        2.92684         51.3294         4.39219 
        2.93298         51.0626         4.36938 
         2.9391         50.7952         4.34675 
        2.94524         50.6223         4.32425 
        2.95138          50.372         4.30191 
        2.95752         50.1022         4.27969 
        2.96367         49.9501         4.25764 
         2.9698         49.7053         4.23578 
        2.97594         49.5069         4.21406 
        2.98207         49.2269         4.19249 
        2.98821         49.0154         4.17109 
        2.99434          48.663         4.14984 
        3.00048         48.4653         4.12873 
        3.00662          48.308         4.10775 
        3.01275         48.0491         4.08695 
        3.01888         47.8144          4.0663 
        3.02503          47.545         4.04575 
        3.03117         47.3611         4.02535 
        3.03729          47.194         4.00514 
        3.04342         46.8873         3.98505 
        3.04957         46.7674         3.96506 
         3.0557         46.4781         3.94523 
        3.06183         46.2617         3.92557 
        3.06796         46.0743         3.90603 
        3.07411         45.8806         3.88657 
        3.08025         45.6126         3.86729 
        3.08637         45.3687         3.84816 
         3.0925         45.2556         3.82914 
        3.09865         45.0176         3.81022 
         3.1048         44.7847         3.79142 
        3.11093         44.5645          3.7728 
        3.11706         44.4108         3.75429 
         3.1232         44.2106          3.7359 
        3.12933         43.9629         3.71763 
        3.13547         43.7411          3.6995 
        3.14159         43.5657          3.6815 
        3.14773         43.4098          3.6636 
        3.15388         43.1902         3.64579 
        3.16001         42.9057         3.62814 
        3.16614         42.7494         3.61061 
        3.17228         42.5124         3.59318 
        3.17842           42.31         3.57587 
        3.18455         42.1654         3.55868 
        3.19068         41.9004         3.54161 
        3.19682         41.7827         3.52463 
        3.20297         41.5621         3.50776 
         3.2091         41.3526         3.49101 
        3.21524         41.1765         3.47438 
        3.22138         41.0616         3.45785 
         3.2275         40.8942         3.44145 
        3.23363         40.6794         3.42516 
        3.23977         40.5202         3.40896 
        3.24591         40.2917         3.39286 
        3.25205         40.1011         3.37685 
        3.25818         39.9373         3.36096 
        3.26432           39.74         3.34517 
        3.27046         39.5828         3.32949 
         3.2766         39.3637          3.3139 
        3.28273         39.1683         3.29842 
        3.28887         39.0148         3.28304 
          3.295          38.825         3.26776 
        3.30113         38.6728         3.25258 
        3.30727         38.4775         3.23748 
        3.31341         38.3068          3.2225 
        3.31954         38.1333         3.20761 
        3.32568         37.9945          3.1928 
        3.33182         37.8274         3.17809 
        3.33795          37.648         3.16348 
        3.34409         37.5204         3.14895 
        3.35022         37.2757         3.13452 
        3.35636          37.135         3.12018 
         3.3625         36.9473         3.10593 
        3.36864          36.795         3.09176 
        3.37477         36.6462         3.07769 
        3.38091         36.4573         3.06371 
        3.38704         36.2937         3.04982 
        3.39318         36.1304         3.03601 
        3.39931         35.9864         3.02228 
        3.40545         35.8628         3.00865 
        3.41158          35.692         2.99509 
        3.41772         35.5743         2.98163 
        3.42385         35.4096         2.96825 
        3.42998          35.171         2.95495 
        3.43612         35.0798         2.94173 
        3.44226         34.9299         2.92859 
         3.4484         34.7213         2.91551 
        3.45453         34.6479         2.90254 
        3.46066         34.4504         2.88965 
        3.46681         34.2669         2.87681 
        3.47295         34.1406         2.86405 
        3.47908         33.9863          2.8514 
        3.48521         33.8622         2.83882 
        3.49135         33.7068          2.8263 
        3.49749         33.5449         2.81386 
        3.50362         33.4405          2.8015 
        3.50976         33.2537         2.78922 
        3.51589         33.0887         2.77701 
        3.52203         32.9745         2.76487 
        3.52816         32.8332         2.75283 
        3.53429         32.6746         2.74084 
        3.54043         32.5658          2.7289 
        3.54657         32.3912         2.71704 
        3.55271         32.2645         2.70527 
        3.55884         32.1056         2.69357 
        3.56498          32.015         2.68193 
        3.57112         31.8346         2.67035 
        3.57725         31.6775         2.65885 
        3.58338         31.5867         2.64743 
        3.58952         31.4473         2.63606 
        3.59566         31.3081         2.62475 
         3.6018         31.1824         2.61352 
        3.60793         31.0385         2.60236 
        3.61407         30.8439         2.59127 
        3.62021         30.7972         2.58023 
        3.62634         30.6333         2.56926 
        3.63247          30.528         2.55836 
        3.63861          30.362         2.54753 
        3.64475         30.2409         2.53673 
        3.65089         30.1349         2.52602 
        3.65702         30.0301         2.51538 
        3.66316         29.8728         2.50478 
        3.66929         29.7501         2.49425 
        3.67543         29.6656         2.48379 
        3.68156         29.4915         2.47338 
        3.68769         29.3358         2.46304 
        3.69383         29.2425         2.45274 
        3.69997         29.1006         2.44251 
        3.70611         29.0178         2.43234 
        3.71224          28.887         2.42223 
        3.71838          28.754         2.41217 
        3.72451         28.6629         2.40218 
        3.73065         28.5103         2.39225 
        3.73678         28.4089         2.38236 
        3.74292         28.2957         2.37253 
        3.74906         28.1619         2.36276 
        3.75519         28.0524         2.35304 
        3.76133         27.9231         2.34338 
        3.76746         27.8105         2.33378 
         3.7736         27.6977         2.32423 
        3.77974         27.5957         2.31472 
        3.78588         27.4609         2.30527 
        3.79201         27.3477         2.29588 
        3.79814         27.2431         2.28655 
        3.80428         27.1601         2.27726 
        3.81042         27.0348         2.26802 
        3.81655         26.9197         2.25883 
        3.82268         26.7878         2.24971 
        3.82882         26.6874         2.24063 
        3.83496         26.5573         2.23159 
        3.84109         26.4819         2.22261 
        3.84723         26.3546         2.21368 
        3.85337         26.2496         2.20478 
        3.85951         26.1637         2.19594 
        3.86565         26.0349         2.18716 
        3.87178         25.9258         2.17843 
        3.87791          25.816         2.16974 
        3.88405         25.7248         2.16109 
        3.89019         25.6318          2.1525 
        3.89632         25.5247         2.14395 
        3.90246         25.3958         2.13545 
         3.9086         25.2996         2.12699 
        3.91473         25.2264         2.11859 
        3.92086         25.0939         2.11024 
        3.92699         25.0177         2.10192 
        3.93313          24.893         2.09364 
        3.93927         24.8285         2.08542 
         3.9454          24.681         2.07723 
        3.95154         24.5999         2.06909 
        3.95768         24.4962         2.06099 
        3.96382         24.4191         2.05294 
        3.96995          24.312         2.04493 
        3.97609         24.1947         2.03696 
        3.98222         24.1166         2.02905 
        3.98836         24.0458         2.02117 
         3.9945         23.9236         2.01333 
        4.00063         23.8248         2.00553 
        4.00677         23.7289         1.99777 
        4.01291         23.6231         1.99006 
        4.01904         23.5313         1.98239 
        4.02517         23.4387         1.97477 
        4.03131         23.3708         1.96717 
        4.03745         23.2482         1.95961 
        4.04358          23.171         1.95211 
        4.04972         23.0698         1.94464 
        4.05585         22.9764          1.9372 
        4.06199         22.8826         1.92981 
        4.06812         22.7906         1.92246 
        4.07426         22.7321         1.91514 
         4.0804         22.6119         1.90786 
        4.08654         22.5035         1.90062 
        4.09267         22.4388         1.89342 
         4.0988          22.347         1.88626 
        4.10494         22.2749         1.87914 
        4.11108         22.1768         1.87204 
        4.11721         22.1081         1.86499 
        4.12334         21.9988         1.85798 
        4.12948         21.8992           1.851 
        4.13561         21.8452         1.84406 
        4.14176         21.7462         1.83714 
        4.14789         21.6601         1.83027 
        4.15403          21.581         1.82343 
        4.16016         21.4845         1.81663 
         4.1663         21.4239         1.80986 
        4.17243         21.3302         1.80313 
        4.17857         21.2422         1.79643 
        4.18471         21.1533         1.78977 
        4.19084         21.1198         1.78314 
        4.19698         21.0029         1.77654 
        4.20312         20.9178         1.76998 
        4.20925         20.8465         1.76345 
        4.21538         20.7898         1.75696 
        4.22152         20.6667         1.75049 
        4.22766         20.5885         1.74406 
         4.2338         20.5209         1.73766 
        4.23993         20.4445         1.73129 
        4.24607         20.3732         1.72496 
         4.2522         20.2907         1.71866 
        4.25834         20.1971         1.71239 
        4.26447         20.1283         1.70615 
        4.27061         20.0579         1.69994 
        4.27674         19.9918         1.69377 
        4.28288         19.9197         1.68762 
        4.28902          19.829          1.6815 
        4.29515         19.7623         1.67542 
        4.30129          19.668         1.66936 
        4.30743          19.623         1.66333 
        4.31356         19.5208         1.65734 
        4.31969         19.4483         1.65138 
        4.32583         19.3805         1.64545 
        4.33197         19.3069         1.63953 
         4.3381         19.2347         1.63366 
        4.34424         19.1649         1.62781 
        4.35038         19.1158         1.62198 
        4.35652          19.033         1.61619 
        4.36265         18.9552         1.61043 
        4.36878         18.8914          1.6047 
        4.37492         18.8106         1.59899 
        4.38106         18.7289         1.59331 
        4.38719         18.6858         1.58766 
        4.39333         18.6051         1.58204 
        4.39946         18.5187         1.57644 
         4.4056         18.4682         1.57088 
        4.41173         18.4042         1.56533 
        4.41786         18.3353         1.55983 
          4.424         18.2555         1.55434 
        4.43014         18.1984         1.54887 
        4.43628         18.1288         1.54343 
        4.44241         18.0574         1.53802 
        4.44855         17.9805         1.53264 
        4.45469         17.9336         1.52728 
        4.46083         17.8599         1.52195 
        4.46696         17.8056         1.51665 
        4.47309         17.7465         1.51137 
        4.47923          17.669         1.50611 
        4.48537         17.6073         1.50088 
         4.4915         17.5447         1.49568 
        4.49764         17.4804         1.49049 
        4.50378         17.4248         1.48534 
        4.50991         17.3409         1.48021 
        4.51604         17.2785         1.47511 
        4.52218         17.2238         1.47002 
        4.52832         17.1627         1.46496 
        4.53445         17.1199         1.45993 
        4.54059         17.0433         1.45492 
        4.54673         16.9933         1.44993 
        4.55286         16.9294         1.44497 
          4.559          16.854         1.44003 
        4.56513         16.7931         1.43511 
        4.57127         16.7326         1.43022 
        4.57741         16.6771         1.42535 
        4.58354         16.6241          1.4205 
        4.58968         16.5473         1.41567 
        4.59582         16.5017         1.41087 
        4.60195         16.4465         1.40609 
        4.60809         16.3817         1.40133 
        4.61422         16.3406          1.3966 
        4.62036         16.2748         1.39189 
        4.62649         16.2115         1.38719 
        4.63263         16.1577         1.38252 
        4.63876         16.1094         1.37788 
         4.6449         16.0345         1.37325 
        4.65104         15.9863         1.36864 
        4.65717         15.9363         1.36406 
        4.66331          15.874          1.3595 
        4.66944         15.8193         1.35495 
        4.67558         15.7627         1.35043 
        4.68171         15.7145         1.34593 
        4.68785         15.6533         1.34145 
        4.69399         15.5877         1.33699 
        4.70012         15.5539         1.33256 
        4.70625         15.4991         1.32814 
        4.71239         15.4469         1.32374 
        4.71853         15.3744         1.31936 
        4.72467         15.3293         1.31499 
         4.7308          15.272         1.31066 
        4.73694         15.2403         1.30634 
        4.74308          15.172         1.30204 
        4.74922         15.1198         1.29775 
        4.75535         15.0623         1.29349 
        4.76148         15.0099         1.28926 
        4.76762          14.977         1.28503 
        4.77376         14.9172         1.28082 
        4.77989         14.8596         1.27664 
        4.78602         14.8211         1.27248 
        4.79216         14.7703         1.26833 
         4.7983          14.711          1.2642 
        4.80443         14.6671         1.26009 
        4.81056         14.6139           1.256 
         4.8167          14.579         1.25192 
        4.82284         14.5201         1.24786 
        4.82898          14.471         1.24383 
        4.83511         14.4151         1.23981 
        4.84125          14.378          1.2358 
        4.84739           14.32         1.23182 
        4.85352         14.2894         1.22786 
        4.85965         14.2455         1.22391 
        4.86579          14.185         1.21997 
        4.87193         14.1141         1.21606 
        4.87807         14.0852         1.21216 
         4.8842          14.046         1.20828 
        4.89034         14.0127         1.20442 
        4.89647         13.9607         1.20057 
        4.90261         13.9107         1.19674 
        4.90874         13.8629         1.19293 
        4.91488         13.8206         1.18914 
        4.92102         13.7851         1.18535 
        4.92715         13.7213         1.18159 
        4.93329         13.6841         1.17785 
        4.93942         13.6345         1.17412 
        4.94556         13.5976          1.1704 
         4.9517         13.5643          1.1667 
        4.95783         13.5133         1.16302 
        4.96397         13.4592         1.15936 
        4.97011         13.4336          1.1557 
        4.97624         13.3878         1.15207 
        4.98238         13.3324         1.14845 
        4.98851         13.2831         1.14485 
        4.99465         13.2565         1.14127 
        5.00078          13.196         1.13769 
        5.00691         13.1633         1.13414 
        5.01305         13.1198          1.1306 
        5.01919         13.0877         1.12707 
        5.02533         13.0389         1.12356 
        5.03146         12.9969         1.12007 
         5.0376         12.9535         1.11659 
        5.04374          12.928         1.11312 
        5.04987         12.8714         1.10967 
        5.05601         12.8384         1.10623 
        5.06215          12.796         1.10281 
        5.06829         12.7572          1.0994 
        5.07442         12.7203         1.09601 
        5.08055          12.669         1.09263 
        5.08668         12.6323         1.08927 
        5.09282         12.5999         1.08592 
        5.09896         12.5607         1.08258 
        5.10509         12.5253         1.07926 
        5.11123          12.488         1.07595 
        5.11736         12.4413         1.07266 
         5.1235         12.4084         1.06938 
        5.12964         12.3693         1.06611 
        5.13577          12.345         1.06286 
        5.14191         12.2972         1.05962 
        5.14804         12.2582          1.0564 
        5.15418         12.2105         1.05319 
        5.16032         12.1715         1.04999 
        5.16645         12.1452          1.0468 
        5.17259         12.1066         1.04363 
        5.17872         12.0764         1.04047 
        5.18486         12.0292         1.03732 
          5.191         11.9974         1.03419 
        5.19713         11.9628         1.03107 
        5.20327         11.9334         1.02797 
        5.20941         11.8885         1.02487 
        5.21555         11.8595         1.02179 
        5.22168         11.8145         1.01872 
        5.22781         11.7996         1.01567 
        5.23395         11.7573         1.01263 
        5.24009         11.7241         1.00959 
        5.24622         11.6903         1.00658 
        5.25236         11.6509         1.00357 
         5.2585         11.6106         1.00058 
        5.26463         11.5733        0.997596 
        5.27077         11.5493        0.994627 
         5.2769         11.5112        0.991672 
        5.28304         11.4885        0.988727 
        5.28917         11.4562        0.985796 
         5.2953         11.4223        0.982877 
        5.30144         11.3862        0.979969 
        5.30757         11.3523        0.977071 
        5.31371         11.3203        0.974185 
        5.31985         11.2847         0.97131 
        5.32599         11.2588        0.968446 
        5.33213         11.2289        0.965594 
        5.33826         11.2075        0.962756 
         5.3444          11.168        0.959929 
        5.35053         11.1443        0.957113 
        5.35667         11.1055        0.954308 
        5.36281         11.0682        0.951512 
        5.36894         11.0503         0.94873 
        5.37507         11.0121        0.945961 
        5.38121         10.9787        0.943199 
        5.38735         10.9526        0.940449 
        5.39348         10.9271        0.937713 
        5.39961         10.8952        0.934987 
        5.40575         10.8648        0.932269 
        5.41189         10.8301        0.929562 
        5.41803         10.8087        0.926866 
        5.42416         10.7776        0.924183 
         5.4303         10.7496        0.921508 
        5.43644         10.7159        0.918845 
        5.44257         10.6889        0.916194 
        5.44871         10.6587        0.913551 
        5.45484         10.6421        0.910919 
        5.46098         10.6047        0.908298 
        5.46712         10.5758        0.905685 
        5.47325         10.5616        0.903085 
        5.47938          10.524        0.900497 
        5.48552         10.4959        0.897919 
        5.49165         10.4681        0.895349 
        5.49779         10.4482        0.892789 
        5.50393         10.4177        0.890238 
        5.51006         10.3933        0.887696 
         5.5162         10.3633        0.885167 
        5.52234         10.3318        0.882647 
        5.52847         10.3182        0.880136 
        5.53461           10.29        0.877635 
        5.54075         10.2651        0.875145 
        5.54688         10.2362        0.872664 
        5.55302          10.215        0.870192 
        5.55915         10.1836        0.867731 
        5.56529         10.1605        0.865279 
        5.57143         10.1353        0.862836 
        5.57756         10.1163        0.860402 
         5.5837         10.0838        0.857979 
        5.58983         10.0645        0.855566 
        5.59597         10.0319        0.853161 
         5.6021         10.0264        0.850765 
        5.60824         9.99063        0.848378 
        5.61438         9.96121        0.846001 
        5.62051         9.94792        0.843633 
        5.62665          9.9252        0.841273 
        5.63278         9.89802        0.838924 
        5.63892         9.88372        0.836583 
        5.64505         9.84964        0.834252 
        5.65119         9.83211        0.831929 
        5.65733         9.80747        0.829615 
        5.66346         9.78634         0.82731 
         5.6696         9.76729        0.825013 
        5.67573         9.74643        0.822726 
        5.68187          9.7248        0.820447 
          5.688         9.68813        0.818178 
        5.69414          9.6781        0.815916 
        5.70028         9.66222        0.813662 
        5.70642         9.64577        0.811417 
        5.71255         9.61012        0.809181 
        5.71869         9.58373        0.806955 
        5.72482         9.57619        0.804736 
        5.73096         9.56283        0.802526 
        5.73709         9.54104        0.800325 
        5.74322         9.51529        0.798132 
        5.74936          9.4928        0.795945 
         5.7555         9.46846        0.793767 
        5.76164         9.44855        0.791598 
        5.76777         9.44065        0.789439 
        5.77391         9.41457        0.787285 
        5.78005         9.39007        0.785139 
        5.78618          9.3758        0.783003 
        5.79231         9.35406        0.780877 
        5.79845         9.33968        0.778755 
        5.80459         9.32492        0.776641 
        5.81073         9.30536        0.774537 
        5.81686           9.295        0.772441 
          5.823         9.26543        0.770351 
        5.82914         9.25373        0.768269 
        5.83527         9.23624        0.766197 
         5.8414         9.21392        0.764132 
        5.84754         9.20062        0.762073 
        5.85368         9.17767        0.760022 
        5.85981         9.16673        0.757979 
        5.86595         9.15056        0.755945 
        5.87208         9.13249        0.753917 
        5.87822         9.10916        0.751898 
        5.88435          9.1037        0.749886 
        5.89049         9.08135         0.74788 
        5.89662         9.07106        0.745882 
        5.90276         9.05023        0.743891 
         5.9089         9.03418        0.741907 
        5.91503         9.03057        0.739932 
        5.92117         9.00158        0.737963 
        5.92731         8.99522        0.736001 
        5.93344         8.97938        0.734047 
        5.93958         8.96484          0.7321 
        5.94572         8.95211         0.73016 
        5.95186           8.931        0.728225 
        5.95799         8.92706        0.726301 
        5.96412         8.90974        0.724383 
        5.97026         8.89474         0.72247 
         5.9764         8.88501        0.720566 
        5.98253         8.86562         0.71867 
        5.98866         8.85848        0.716779 
         5.9948            8.85        0.714894 
        6.00094         8.82945        0.713017 
        6.00707         8.81617        0.711146 
        6.01321         8.79762        0.709282 
        6.01935         8.78515        0.707425 
        6.02548         8.78065        0.705575 
        6.03162           8.765        0.703732 
        6.03775         8.76044        0.701896 
        6.04389         8.75031        0.700066 
        6.05003         8.73217        0.698241 
        6.05617         8.72095        0.696422 
         6.0623         8.70676        0.694612 
        6.06844         8.69797        0.692808 
        6.07457         8.69595        0.691011 
         6.0807         8.67346         0.68922 
        6.08684         8.67132        0.687436 
        6.09298         8.65642        0.685657 
        6.09912         8.65197        0.683884 
        6.10525          8.6376        0.682119 
        6.11138         8.63406         0.68036 
        6.11752         8.61546        0.678606 
        6.12366         8.60791        0.676859 
        6.12979         8.60033        0.675119 
        6.13593         8.59319        0.673384 
        6.14207         8.58941        0.671655 
         6.1482         8.57691        0.669932 
        6.15434         8.57431        0.668216 
        6.16047         8.56022        0.666507 
        6.16661         8.54819        0.664802 
        6.17274         8.55173        0.663104 
        6.17887         8.53599        0.661412 
        6.18501         8.53228        0.659726 
        6.19115         8.52517        0.658045 
        6.19729         8.52126        0.656369 
        6.20342         8.51412          0.6547 
        6.20956         8.50422        0.653037 
         6.2157          8.5038        0.651379 
        6.22183         8.49528        0.649727 
        6.22797         8.47878        0.648083 
         6.2341         8.47596        0.646443 
        6.24024          8.4736        0.644808 
        6.24638         8.47102        0.643178 
        6.25251         8.46149        0.641556 
        6.25865         8.45989        0.639939 
        6.26478         8.45588        0.638327 
        6.27092         8.45975        0.636721 
        6.27705         8.44062        0.635121 
        6.28318          8.4388        0.633526 
