# k  (h/Mpc)    P(k)  (Mpc/h)^3    P_linear(k)  (Mpc/h)^3
     0.00783031         17880.6         18138.6 
       0.013688         22505.5         22278.6 
       0.019231         22473.4         22435.8 
      0.0249154         20139.5         20619.7 
      0.0312784         17501.5         17742.1 
      0.0375637         15013.2         15041.4 
      0.0433917         12797.2         13075.4 
      0.0492413         11555.1         11673.1 
      0.0555754         10258.1         10648.6 
      0.0619321         9865.18         9894.92 
       0.067871         8914.38         9238.36 
      0.0738098         8219.99         8512.91 
      0.0800417         7312.01         7657.93 
      0.0862327         6584.38         6776.64 
      0.0921407         5969.37         5994.61 
      0.0982031         5295.65         5324.51 
       0.104506         4954.81         4802.78 
       0.110769         4582.03          4446.7 
       0.116806         4326.45         4211.62 
       0.122832         4127.58         4026.63 
       0.129052         3834.04         3834.82 
       0.135211          3630.4          3611.4 
       0.141259         3464.36         3354.82 
       0.147318         3248.75         3078.42 
       0.153489         2962.71         2805.49 
       0.159709         2792.41         2565.66 
       0.165845         2686.06            2378 
       0.171974         2540.87          2239.3 
       0.178125         2420.47         2138.04 
       0.184229         2315.46          2058.3 
        0.19034         2200.29         1982.25 
       0.196428         2152.58         1898.21 
       0.202534         2065.96         1801.18 
       0.208729          1970.8         1692.91 
       0.214876         1891.33         1583.76 
       0.220989         1822.68         1482.45 
       0.227147         1748.23         1394.31 
        0.23329         1679.31         1322.78 
       0.239377         1654.28         1266.47 
       0.245482         1554.35          1220.2 
       0.251667         1546.62         1178.23 
       0.257832         1485.42         1136.34 
       0.263955         1436.04         1091.85 
       0.270079         1386.99         1044.08 
        0.27624         1370.03         994.294 
       0.282372         1313.72         945.753 
        0.28843         1307.72         901.247 
       0.294538         1243.45         861.508 
       0.300721         1234.89         826.895 
        0.30691         1189.26         797.068 
       0.313033          1165.3         770.795 
       0.319153         1147.32         746.034 
       0.325316         1109.88         721.257 
        0.33145         1085.73         696.062 
       0.337538         1065.21         670.557 
       0.343633         1043.78          645.09 
       0.349808         1008.82         620.145 
       0.355968         1001.34         596.882 
       0.362074         992.513         575.773 
       0.368217         960.583         556.584 
       0.374374         926.297          539.05 
       0.380519         928.321         522.761 
       0.386598         901.101         507.348 
       0.392688         897.688         492.182 
        0.39888         872.025         476.894 
       0.405048         862.225         461.815 
       0.411186         850.241         447.105 
       0.417313         832.294          432.97 
       0.423458         817.388         419.535 
       0.429607         808.085         406.902 
       0.435692          791.37         395.224 
       0.441815         784.264          384.18 
       0.447964         768.609         373.626 
       0.454126          762.73         363.444 
       0.460267         743.309         353.589 
       0.466387         734.099         343.978 
        0.47254          731.37         334.522 
       0.478662         722.541         325.384 
       0.484765         701.747         316.603 
       0.490885         697.488         308.156 
       0.497035         683.131         300.045 
       0.503198         679.091         292.306 
       0.509342         671.947         284.942 
       0.515458         668.317         277.898 
       0.521598         651.556         271.057 
       0.527764         640.676         264.388 
       0.533884         638.148         257.959 
           0.54         632.065         251.719 
       0.546137          626.08         245.637 
       0.552299         618.194         239.721 
       0.558452         613.123         234.017 
       0.564573         605.757         228.551 
       0.570708         598.839          223.28 
       0.576825         583.394         218.213 
       0.582926         585.719         213.325 
       0.589034         579.687         208.579 
       0.595184         574.703         203.936 
       0.601379         566.318         199.395 
       0.607522         558.287         195.024 
       0.613639         558.106           190.8 
       0.619772         547.253         186.692 
       0.625918         543.763         182.699 
       0.632068         536.558         178.823 
       0.638161          534.28         175.097 
         0.6443         525.637         171.453 
       0.650464         523.712         167.905 
       0.656582          518.56         164.485 
       0.662703         517.153         161.162 
       0.668861         508.698         157.913 
       0.675024         504.552         154.751 
       0.681124         500.911         151.708 
       0.687237         497.118          148.74 
       0.693381         490.366         145.836 
       0.699536         482.681         143.005 
       0.705665         482.214         140.262 
       0.711789         479.872         137.594 
       0.717957         475.441         134.978 
        0.72409         473.068         132.445 
       0.730186         466.066         129.995 
       0.736317         463.283         127.593 
       0.742472         460.431         125.245 
       0.748622         455.579         122.959 
        0.75476         449.016         120.735 
       0.760888         445.224         118.571 
       0.767043         445.218         116.451 
       0.773185         441.055         114.388 
       0.779291         436.134         112.386 
       0.785407         433.307         110.431 
       0.791564          428.68          108.51 
       0.797719         426.914         106.635 
       0.803834         421.651         104.818 
       0.809972         420.956         103.036 
       0.816124         419.521         101.293 
       0.822261         413.866         99.5946 
       0.828378         411.577         97.9408 
       0.834502         406.923         96.3234 
       0.840667         404.139         94.7325 
       0.846816         402.456         93.1822 
       0.852925         399.658         91.6767 
       0.859047         397.625         90.2016 
       0.865192         392.562         88.7544 
       0.871341         389.435         87.3382 
       0.877463         389.407         85.9596 
       0.883569         385.444         84.6145 
       0.889708         382.894         83.2915 
       0.895864         381.945         81.9937 
       0.902008         378.254         80.7264 
       0.908149         373.439         79.4868 
       0.914301          371.63         78.2715 
       0.920448          369.92         77.0829 
       0.926574         364.335         75.9234 
       0.932687         363.999         74.7903 
       0.938823         360.571         73.6765 
       0.944975          360.58          72.583 
       0.951105         356.598         71.5158 
       0.957225         354.334          70.472 
       0.963368         350.097         69.4456 
       0.969511          349.33         68.4398 
       0.975621         347.315         67.4595 
       0.981748         345.106         66.4959 
       0.987916         343.322         65.5452 
        0.99406         338.221         64.6169 
        1.00019         336.698         63.7084 
        1.00632         335.467         62.8184 
        1.01246         332.601         61.9442 
        1.01859         332.827         61.0881 
        1.02471         327.867         60.2494 
        1.03085         326.708         59.4237 
        1.03698         325.121         58.6153 
        1.04314         322.531         57.8186 
        1.04929         319.378         57.0387 
        1.05541         320.304         56.2764 
        1.06154         314.853         55.5262 
        1.06769         314.092         54.7887 
        1.07382         311.588         54.0671 
        1.07993         310.106         53.3601 
        1.08607         309.261          52.663 
        1.09222         305.757         51.9776 
        1.09836         303.845         51.3053 
        1.10449         301.659         50.6458 
        1.11063         298.361         49.9972 
        1.11677         298.836         49.3602 
         1.1229          296.25         48.7355 
        1.12903         294.554         48.1211 
        1.13518         291.755         47.5169 
        1.14131         290.359         46.9235 
        1.14745          289.02         46.3406 
        1.15359          287.05         45.7675 
        1.15973         285.205         45.2039 
        1.16584         283.056         44.6524 
        1.17197         283.027         44.1094 
        1.17811         279.481         43.5738 
        1.18424         277.557         43.0487 
        1.19038         276.894         42.5308 
        1.19652          274.57         42.0216 
        1.20267         273.889         41.5208 
        1.20881         271.678         41.0283 
        1.21495         269.742         40.5446 
        1.22108         268.149         40.0688 
         1.2272          266.65         39.6018 
        1.23334         265.483         39.1411 
        1.23949         262.789         38.6868 
        1.24562          262.06          38.241 
        1.25174         260.619         37.8029 
        1.25789         258.412         37.3704 
        1.26402         256.436         36.9455 
        1.27014          255.04         36.5282 
        1.27628         253.385         36.1162 
        1.28244         253.281         35.7097 
        1.28858         250.843         35.3102 
        1.29471          249.64         34.9176 
        1.30084          247.44         34.5314 
        1.30697         246.533         34.1505 
        1.31312         244.012         33.7748 
        1.31925         242.769          33.406 
        1.32537         242.331         33.0431 
        1.33151         240.073         32.6843 
        1.33765         238.161         32.3311 
        1.34378         237.604         31.9838 
        1.34992         236.253         31.6413 
        1.35606         235.512         31.3032 
         1.3622         233.123         30.9706 
        1.36833         231.696         30.6437 
        1.37445          230.48         30.3216 
        1.38059         228.702         30.0032 
        1.38675         227.804         29.6887 
        1.39288          226.64         29.3799 
        1.39901         225.368         29.0757 
        1.40515         223.956         28.7751 
         1.4113         222.672         28.4789 
        1.41742         220.962          28.188 
        1.42355         220.025         27.9007 
         1.4297         218.195         27.6165 
        1.43585         217.117         27.3364 
        1.44198         216.504         27.0612 
        1.44809         214.746         26.7904 
        1.45423         213.724         26.5223 
        1.46036         212.395         26.2584 
        1.46649         211.078          25.998 
        1.47263         210.022         25.7409 
        1.47877         208.387         25.4874 
        1.48491         206.543          25.237 
        1.49104         206.099         24.9905 
        1.49718         204.382          24.747 
        1.50333         203.793         24.5065 
        1.50947         202.351         24.2696 
         1.5156         200.763         24.0362 
        1.52172         200.085         23.8059 
        1.52787         198.324         23.5782 
          1.534         197.975         23.3537 
        1.54013         196.273         23.1324 
        1.54627         195.282         22.9136 
        1.55241         194.155         22.6975 
        1.55855         192.546         22.4846 
        1.56467         191.838          22.275 
         1.5708         190.878         22.0675 
        1.57695         189.911         21.8623 
        1.58308         188.597         21.6602 
        1.58922         187.212         21.4605 
        1.59535         185.841         21.2635 
         1.6015         185.111         21.0686 
        1.60764         184.166         20.8763 
        1.61376         183.226         20.6869 
        1.61989         182.241         20.4998 
        1.62604          180.88         20.3145 
        1.63218         180.147         20.1317 
        1.63831         178.644         19.9515 
        1.64444         177.908         19.7735 
        1.65059         177.027         19.5972 
        1.65673         175.858         19.4233 
        1.66285         174.527          19.252 
        1.66898          173.83         19.0827 
        1.67512         173.103         18.9151 
        1.68127         171.414         18.7494 
         1.6874         170.868          18.586 
        1.69353         169.669         18.4247 
        1.69967         168.467         18.2649 
        1.70581         167.805         18.1071 
        1.71193         166.557         17.9517 
        1.71806         165.964         17.7979 
        1.72421         164.851         17.6455 
        1.73035         164.165         17.4951 
        1.73649         163.172         17.3465 
        1.74262         162.206         17.1998 
        1.74876         160.988         17.0546 
        1.75489         160.376         16.9114 
        1.76101         158.881           16.77 
        1.76715          158.68         16.6299 
        1.77329         157.467         16.4913 
        1.77943         156.908         16.3542 
        1.78557         155.887         16.2189 
        1.79171         155.155          16.085 
        1.79785         154.004         15.9527 
        1.80399         153.255         15.8219 
        1.81012         152.371         15.6927 
        1.81625          151.83         15.5651 
        1.82239         150.589         15.4387 
        1.82853         150.034         15.3137 
        1.83466         149.082         15.1903 
        1.84078         148.304         15.0683 
        1.84692         147.055         14.9475 
        1.85306          146.78         14.8279 
         1.8592          145.77         14.7098 
        1.86533         145.241          14.593 
        1.87147         144.022         14.4774 
        1.87761         143.091         14.3629 
        1.88375         142.397         14.2499 
        1.88988         141.173         14.1382 
        1.89601         141.016         14.0276 
        1.90215         140.071         13.9181 
        1.90829         139.134         13.8098 
        1.91442         138.669         13.7027 
        1.92056         137.688         13.5968 
         1.9267         136.909          13.492 
        1.93284         135.942         13.3881 
        1.93897         135.552         13.2856 
        1.94509         134.866         13.1843 
        1.95123          134.13         13.0839 
        1.95737         133.276         12.9844 
        1.96349         132.604         12.8863 
        1.96964         131.643         12.7888 
        1.97578         130.885         12.6924 
        1.98192         130.295         12.5971 
        1.98805         129.698         12.5028 
        1.99419         128.787         12.4094 
        2.00033         128.201          12.317 
        2.00647         127.515         12.2255 
         2.0126         126.582         12.1351 
        2.01874         126.032         12.0455 
        2.02488         125.714         11.9568 
        2.03101         124.409          11.869 
        2.03714         124.102         11.7823 
        2.04328         123.112         11.6963 
        2.04941         122.693         11.6113 
        2.05554         121.787         11.5271 
        2.06167         121.393         11.4437 
        2.06781         120.444         11.3611 
        2.07396         120.075         11.2792 
        2.08009         119.244         11.1983 
        2.08622         118.395         11.1182 
        2.09237         118.049         11.0388 
        2.09851         117.324         10.9601 
        2.10464          116.92         10.8823 
        2.11077         116.196         10.8054 
        2.11691         115.594          10.729 
        2.12305         115.035         10.6534 
        2.12918         114.201         10.5787 
        2.13531         113.545         10.5047 
        2.14145         112.967         10.4313 
         2.1476         112.099         10.3584 
        2.15372         111.952         10.2866 
        2.15985         111.215         10.2155 
        2.16599         110.488         10.1448 
        2.17213         110.021         10.0748 
        2.17827         109.343         10.0055 
         2.1844         108.634         9.93697 
        2.19054         108.275         9.86902 
        2.19666         107.587         9.80181 
         2.2028         106.962         9.73517 
        2.20893         106.601         9.66911 
        2.21508         105.849         9.60359 
        2.22122         105.334         9.53866 
        2.22736         104.795         9.47447 
        2.23349         104.321         9.41088 
        2.23962         103.795         9.34785 
        2.24577         103.073         9.28533 
         2.2519         102.703         9.22348 
        2.25802         101.842         9.16229 
        2.26417         101.625         9.10149 
        2.27031         100.897         9.04118 
        2.27644         100.431          8.9816 
        2.28257         99.8372         8.92256 
        2.28872         99.3928         8.86394 
        2.29486         98.7487         8.80586 
        2.30099         98.2164         8.74842 
        2.30712         97.6998         8.69147 
        2.31326         97.1654         8.63493 
         2.3194         96.6884         8.57892 
        2.32553         96.1806         8.52351 
        2.33166         95.6662         8.46861 
         2.3378         95.3172         8.41412 
        2.34394         94.7347          8.3601 
        2.35007         94.1852         8.30662 
        2.35619          93.775         8.25368 
        2.36233         93.2856         8.20107 
        2.36848         92.6874         8.14882 
        2.37462         92.3617         8.09713 
        2.38075         91.6805         8.04594 
        2.38689         91.2291         7.99515 
        2.39303         90.7189          7.9448 
        2.39916         90.3421         7.89494 
        2.40529         90.1193         7.84552 
        2.41143         89.4316         7.79648 
        2.41757         88.9457         7.74784 
         2.4237         88.4848          7.6997 
        2.42983         87.9945         7.65197 
        2.43598         87.4653         7.60453 
        2.44211         87.2725         7.55756 
        2.44823         86.7067          7.5111 
        2.45437         86.1093          7.4649 
        2.46052         85.5881         7.41905 
        2.46665         85.4267         7.37367 
        2.47279         84.8444         7.32868 
        2.47892         84.4337         7.28404 
        2.48507         84.0524         7.23973 
         2.4912         83.6459         7.19587 
        2.49733         82.9937         7.15241 
        2.50347          82.743         7.10922 
        2.50961         82.3764         7.06638 
        2.51575         81.8029         7.02393 
        2.52188         81.4443         6.98188 
        2.52802         81.0476         6.94012 
        2.53416         80.4975         6.89869 
        2.54029          80.125         6.85768 
        2.54641         79.7061         6.81701 
        2.55255         79.3216         6.77664 
        2.55869         78.9618         6.73652 
        2.56483         78.6988         6.69679 
        2.57096         78.1419         6.65742 
        2.57709         77.7979         6.61836 
        2.58323         77.2108         6.57957 
        2.58937         76.9045         6.54107 
        2.59551         76.5948         6.50293 
        2.60164         76.2947         6.46511 
        2.60778         75.9536         6.42755 
        2.61392         75.3769          6.3903 
        2.62006         75.0702         6.35335 
        2.62619         74.6695         6.31674 
        2.63232         74.3857         6.28041 
        2.63846         73.9105         6.24432 
        2.64459         73.5495         6.20857 
        2.65072          73.143          6.1731 
        2.65686         72.6896          6.1379 
          2.663          72.385         6.10291 
        2.66915          72.094          6.0682 
        2.67527         71.7865         6.03384 
        2.68141         71.3626         5.99973 
        2.68755          70.988         5.96585 
        2.69368         70.7738         5.93226 
        2.69981         70.4762         5.89897 
        2.70595         69.9235         5.86586 
        2.71209         69.5638           5.833 
        2.71823         69.2927         5.80044 
        2.72436         68.9039         5.76813 
         2.7305         68.5177         5.73606 
        2.73663         68.2941         5.70423 
        2.74276         67.9789         5.67268 
         2.7489         67.5406         5.64133 
        2.75504         67.2567          5.6102 
        2.76118         66.8331         5.57929 
        2.76732         66.5285         5.54866 
        2.77345         66.2572         5.51826 
        2.77959         65.9583         5.48809 
        2.78572         65.6168         5.45815 
        2.79186         65.3036         5.42844 
        2.79798         64.9862         5.39899 
        2.80412         64.6468          5.3697 
        2.81027         64.2892         5.34059 
         2.8164         64.0142         5.31177 
        2.82253         63.7238         5.28315 
        2.82867         63.4012         5.25474 
        2.83481         63.0845         5.22652 
        2.84095         62.7106         5.19852 
        2.84708         62.4422         5.17075 
        2.85322         62.0381         5.14315 
        2.85935         61.8606         5.11577 
        2.86549         61.4921          5.0886 
        2.87162         61.2532         5.06162 
        2.87776         60.9075         5.03485 
        2.88389         60.6521         5.00825 
        2.89003         60.3774         4.98186 
        2.89617         60.0007         4.95565 
        2.90231         59.8139         4.92963 
        2.90844         59.5532          4.9038 
        2.91458         59.2271         4.87816 
        2.92071          58.892         4.85274 
        2.92684          58.663         4.82747 
        2.93298         58.3178         4.80239 
         2.9391         57.9926         4.77752 
        2.94524          57.794         4.75279 
        2.95138         57.5504         4.72823 
        2.95752         57.2712         4.70382 
        2.96367         56.9112         4.67958 
         2.9698          56.706         4.65555 
        2.97594         56.5827         4.63168 
        2.98207          56.219         4.60797 
        2.98821         55.9241         4.58445 
        2.99434          55.597         4.56109 
        3.00048         55.3976         4.53789 
        3.00662         55.1914         4.51483 
        3.01275         54.9269         4.49198 
        3.01888         54.5495         4.46927 
        3.02503         54.3721         4.44668 
        3.03117         54.0773         4.42427 
        3.03729         53.9091         4.40206 
        3.04342         53.5444         4.37998 
        3.04957         53.3833           4.358 
         3.0557         53.0842         4.33621 
        3.06183         52.8594          4.3146 
        3.06796         52.6096         4.29312 
        3.07411         52.2547         4.27174 
        3.08025         52.1214         4.25054 
        3.08637         51.8164         4.22952 
         3.0925         51.6098         4.20862 
        3.09865         51.3337         4.18782 
         3.1048         51.0639         4.16716 
        3.11093         50.8737         4.14668 
        3.11706         50.6885         4.12635 
         3.1232         50.4943         4.10614 
        3.12933         50.1594         4.08605 
        3.13547          49.929         4.06612 
        3.14159         49.7133         4.04635 
        3.14773         49.5616         4.02666 
        3.15388         49.3082         4.00709 
        3.16001         48.9641         3.98769 
        3.16614         48.7971         3.96842 
        3.17228         48.5764         3.94927 
        3.17842         48.3618         3.93024 
        3.18455         48.1366         3.91135 
        3.19068         47.8532         3.89259 
        3.19682         47.7174         3.87393 
        3.20297         47.4701         3.85538 
         3.2091         47.2297         3.83698 
        3.21524         47.0511         3.81869 
        3.22138          46.815         3.80053 
         3.2275         46.6639         3.78251 
        3.23363         46.3864          3.7646 
        3.23977         46.2216         3.74679 
        3.24591         45.9832         3.72909 
        3.25205         45.7748          3.7115 
        3.25818         45.5474         3.69403 
        3.26432         45.3458         3.67668 
        3.27046         45.1584         3.65944 
         3.2766         44.9856         3.64231 
        3.28273         44.7257          3.6253 
        3.28887         44.5468         3.60839 
          3.295         44.3152          3.5916 
        3.30113         44.1311         3.57491 
        3.30727         43.8611         3.55832 
        3.31341          43.795         3.54185 
        3.31954         43.5549         3.52549 
        3.32568         43.3518         3.50921 
        3.33182         43.1285         3.49304 
        3.33795         42.9709         3.47699 
        3.34409         42.8265         3.46102 
        3.35022         42.5667         3.44515 
        3.35636         42.3715          3.4294 
         3.3625         42.1846         3.41373 
        3.36864         42.0274         3.39816 
        3.37477         41.8239         3.38269 
        3.38091         41.6408         3.36733 
        3.38704         41.4833         3.35206 
        3.39318         41.2485         3.33688 
        3.39931         41.0318         3.32179 
        3.40545         40.8991         3.30681 
        3.41158         40.7317         3.29191 
        3.41772         40.5386         3.27711 
        3.42385         40.3266         3.26241 
        3.42998         40.1681         3.24779 
        3.43612         39.9978         3.23326 
        3.44226          39.849         3.21881 
         3.4484          39.638         3.20444 
        3.45453         39.5413         3.19018 
        3.46066         39.3047         3.17602 
        3.46681         39.1448          3.1619 
        3.47295         38.9542         3.14788 
        3.47908          38.808         3.13398 
        3.48521         38.6494         3.12016 
        3.49135         38.4655         3.10639 
        3.49749         38.2408         3.09272 
        3.50362         38.1436         3.07914 
        3.50976         37.9898         3.06564 
        3.51589           37.72         3.05222 
        3.52203         37.6675         3.03888 
        3.52816         37.4695         3.02563 
        3.53429         37.2891         3.01246 
        3.54043         37.1038         2.99934 
        3.54657         36.9524         2.98631 
        3.55271         36.7707         2.97337 
        3.55884         36.6661         2.96051 
        3.56498         36.5418         2.94771 
        3.57112         36.2829         2.93498 
        3.57725         36.1137         2.92235 
        3.58338         36.0435          2.9098 
        3.58952         35.8771          2.8973 
        3.59566         35.7311         2.88487 
         3.6018         35.6137         2.87252 
        3.60793         35.4044         2.86026 
        3.61407         35.2399         2.84807 
        3.62021         35.0876         2.83593 
        3.62634         34.9437         2.82388 
        3.63247         34.8115          2.8119 
        3.63861         34.6684         2.79999 
        3.64475          34.449         2.78813 
        3.65089         34.3748         2.77635 
        3.65702         34.2493         2.76465 
        3.66316         34.0738         2.75301 
        3.66929         33.9692         2.74144 
        3.67543         33.8279         2.72994 
        3.68156         33.6299          2.7185 
        3.68769          33.505         2.70713 
        3.69383         33.3646         2.69581 
        3.69997          33.187         2.68457 
        3.70611         33.0761         2.67339 
        3.71224         32.9304         2.66227 
        3.71838         32.7692         2.65122 
        3.72451         32.6631         2.64024 
        3.73065         32.5261         2.62932 
        3.73678         32.3936         2.61846 
        3.74292         32.2332         2.60765 
        3.74906         32.1253         2.59691 
        3.75519         31.9859         2.58623 
        3.76133         31.8518         2.57561 
        3.76746         31.6936         2.56506 
         3.7736          31.565         2.55456 
        3.77974         31.4338         2.54412 
        3.78588         31.3057         2.53373 
        3.79201         31.1962         2.52341 
        3.79814         31.0719         2.51315 
        3.80428          30.931         2.50294 
        3.81042         30.7648         2.49278 
        3.81655         30.6678         2.48269 
        3.82268         30.5216         2.47266 
        3.82882         30.3947         2.46268 
        3.83496         30.2744         2.45274 
        3.84109         30.1745         2.44287 
        3.84723         30.0142         2.43305 
        3.85337         29.9531         2.42328 
        3.85951         29.7922         2.41356 
        3.86565         29.6165         2.40391 
        3.87178          29.543         2.39431 
        3.87791         29.4374         2.38476 
        3.88405         29.2726         2.37526 
        3.89019         29.2129         2.36581 
        3.89632         29.0967         2.35642 
        3.90246         28.9348         2.34708 
         3.9086         28.8341         2.33778 
        3.91473         28.6543         2.32854 
        3.92086         28.6113         2.31937 
        3.92699         28.4966         2.31022 
        3.93313          28.332         2.30112 
        3.93927         28.2565         2.29208 
         3.9454         28.1055         2.28309 
        3.95154         28.0052         2.27414 
        3.95768         27.8973         2.26524 
        3.96382         27.8059         2.25639 
        3.96995         27.6808         2.24758 
        3.97609         27.5854         2.23883 
        3.98222         27.4438         2.23013 
        3.98836         27.3449         2.22147 
         3.9945         27.2127         2.21285 
        4.00063         27.1501         2.20429 
        4.00677         27.0197         2.19576 
        4.01291          26.916         2.18727 
        4.01904         26.8199         2.17885 
        4.02517         26.6941         2.17047 
        4.03131         26.6277         2.16212 
        4.03745         26.4677         2.15381 
        4.04358         26.4016         2.14556 
        4.04972         26.2577         2.13735 
        4.05585         26.1873         2.12918 
        4.06199         26.0674         2.12106 
        4.06812         25.9564         2.11298 
        4.07426         25.8651         2.10494 
         4.0804         25.7511         2.09693 
        4.08654         25.6208         2.08897 
        4.09267         25.5707         2.08106 
         4.0988         25.4307          2.0732 
        4.10494         25.3674         2.06536 
        4.11108         25.2686         2.05757 
        4.11721         25.1497         2.04982 
        4.12334         25.0676         2.04211 
        4.12948         24.9747         2.03444 
        4.13561          24.856         2.02681 
        4.14176         24.7628         2.01921 
        4.14789         24.6517         2.01165 
        4.15403         24.5879         2.00414 
        4.16016          24.468         1.99666 
         4.1663         24.3745         1.98922 
        4.17243         24.3227         1.98183 
        4.17857         24.1975         1.97446 
        4.18471         24.0937         1.96714 
        4.19084          24.006         1.95985 
        4.19698         23.8879          1.9526 
        4.20312         23.8167         1.94538 
        4.20925         23.7189         1.93821 
        4.21538         23.6233         1.93107 
        4.22152         23.5511         1.92397 
        4.22766         23.4541         1.91689 
         4.2338         23.3525         1.90987 
        4.23993          23.267         1.90287 
        4.24607         23.1872         1.89591 
         4.2522         23.0663         1.88898 
        4.25834         22.9846         1.88209 
        4.26447         22.8978         1.87523 
        4.27061         22.8345         1.86841 
        4.27674         22.7407         1.86162 
        4.28288         22.6421         1.85486 
        4.28902         22.5679         1.84814 
        4.29515         22.5008         1.84146 
        4.30129          22.387          1.8348 
        4.30743         22.3107         1.82817 
        4.31356          22.218         1.82158 
        4.31969         22.1392         1.81503 
        4.32583         22.0457         1.80851 
        4.33197         21.9673         1.80201 
         4.3381         21.9015         1.79555 
        4.34424         21.8122         1.78913 
        4.35038         21.7175         1.78272 
        4.35652         21.6558         1.77636 
        4.36265         21.5799         1.77003 
        4.36878         21.4953         1.76373 
        4.37492         21.4056         1.75745 
        4.38106         21.3112          1.7512 
        4.38719         21.2503           1.745 
        4.39333         21.1823         1.73882 
        4.39946         21.0976         1.73267 
         4.4056         21.0007         1.72655 
        4.41173         20.9098         1.72046 
        4.41786         20.8499         1.71441 
          4.424         20.7461         1.70837 
        4.43014         20.7017         1.70237 
        4.43628         20.6309         1.69639 
        4.44241         20.5338         1.69044 
        4.44855         20.4565         1.68453 
        4.45469         20.3984         1.67863 
        4.46083         20.3308         1.67278 
        4.46696         20.2469         1.66695 
        4.47309         20.1762         1.66114 
        4.47923         20.0933         1.65537 
        4.48537         20.0172         1.64962 
         4.4915          19.942          1.6439 
        4.49764         19.8875         1.63821 
        4.50378         19.8071         1.63254 
        4.50991         19.7331          1.6269 
        4.51604         19.6642         1.62129 
        4.52218         19.5919          1.6157 
        4.52832         19.5023         1.61014 
        4.53445         19.4472         1.60461 
        4.54059         19.3605         1.59911 
        4.54673         19.3165         1.59362 
        4.55286         19.2507         1.58816 
          4.559         19.1512         1.58274 
        4.56513         19.1027         1.57734 
        4.57127          19.021         1.57196 
        4.57741         18.9679          1.5666 
        4.58354         18.8936         1.56127 
        4.58968           18.81         1.55597 
        4.59582         18.7422         1.55069 
        4.60195         18.6869         1.54544 
        4.60809         18.6221         1.54021 
        4.61422         18.5527           1.535 
        4.62036         18.4772         1.52982 
        4.62649         18.4121         1.52467 
        4.63263         18.3547         1.51953 
        4.63876         18.2902         1.51443 
         4.6449         18.2213         1.50934 
        4.65104         18.1671         1.50428 
        4.65717         18.0941         1.49924 
        4.66331         18.0272         1.49422 
        4.66944           17.98         1.48923 
        4.67558         17.9085         1.48426 
        4.68171         17.8366         1.47932 
        4.68785         17.7966         1.47439 
        4.69399         17.7168         1.46949 
        4.70012         17.6546         1.46461 
        4.70625         17.5943         1.45976 
        4.71239         17.5389         1.45492 
        4.71853         17.4806         1.45011 
        4.72467         17.4079         1.44531 
         4.7308         17.3706         1.44054 
        4.73694         17.2699          1.4358 
        4.74308         17.2346         1.43107 
        4.74922         17.1862         1.42636 
        4.75535         17.1052         1.42168 
        4.76148         17.0355         1.41702 
        4.76762         16.9907         1.41238 
        4.77376         16.9398         1.40776 
        4.77989         16.8867         1.40316 
        4.78602         16.8175         1.39858 
        4.79216         16.7519         1.39402 
         4.7983         16.7171         1.38948 
        4.80443          16.639         1.38497 
        4.81056         16.5836         1.38047 
         4.8167         16.5332         1.37599 
        4.82284         16.4747         1.37153 
        4.82898         16.4398         1.36709 
        4.83511         16.3793         1.36268 
        4.84125         16.3188         1.35827 
        4.84739         16.2532         1.35389 
        4.85352         16.1956         1.34954 
        4.85965         16.1618          1.3452 
        4.86579         16.0929         1.34088 
        4.87193         16.0449         1.33657 
        4.87807         15.9863         1.33229 
         4.8842         15.9297         1.32802 
        4.89034          15.896         1.32378 
        4.89647         15.8243         1.31955 
        4.90261         15.7758         1.31534 
        4.90874         15.7294         1.31115 
        4.91488         15.6668         1.30698 
        4.92102         15.6128         1.30283 
        4.92715         15.5693         1.29869 
        4.93329         15.5189         1.29457 
        4.93942         15.4653         1.29047 
        4.94556         15.4251         1.28639 
         4.9517         15.3844         1.28232 
        4.95783         15.3073         1.27828 
        4.96397         15.2658         1.27425 
        4.97011         15.2083         1.27024 
        4.97624         15.1751         1.26624 
        4.98238         15.1173         1.26227 
        4.98851         15.0789         1.25831 
        4.99465         15.0196         1.25437 
        5.00078         14.9729         1.25044 
        5.00691          14.917         1.24654 
        5.01305         14.8686         1.24264 
        5.01919          14.826         1.23877 
        5.02533         14.7707         1.23491 
        5.03146         14.7264         1.23107 
         5.0376         14.6736         1.22724 
        5.04374         14.6402         1.22343 
        5.04987         14.5799         1.21964 
        5.05601         14.5402         1.21586 
        5.06215         14.4948          1.2121 
        5.06829         14.4559         1.20835 
        5.07442         14.4079         1.20462 
        5.08055         14.3581         1.20091 
        5.08668         14.2992         1.19722 
        5.09282         14.2649         1.19353 
        5.09896         14.2217         1.18987 
        5.10509         14.1784         1.18622 
        5.11123         14.1315         1.18258 
        5.11736         14.0842         1.17896 
         5.1235         14.0391         1.17536 
        5.12964          13.994         1.17177 
        5.13577         13.9583         1.16819 
        5.14191         13.9042         1.16463 
        5.14804         13.8698         1.16109 
        5.15418          13.824         1.15756 
        5.16032         13.8039         1.15404 
        5.16645          13.743         1.15054 
        5.17259         13.7036         1.14706 
        5.17872         13.6648         1.14358 
        5.18486         13.6254         1.14013 
          5.191         13.5831         1.13668 
        5.19713         13.5511         1.13326 
        5.20327         13.5045         1.12984 
        5.20941         13.4582         1.12644 
        5.21555         13.4252         1.12305 
        5.22168         13.3832         1.11968 
        5.22781         13.3405         1.11632 
        5.23395         13.2963         1.11298 
        5.24009          13.261         1.10965 
        5.24622         13.2187         1.10633 
        5.25236         13.1744         1.10303 
         5.2585         13.1442         1.09974 
        5.26463         13.0914         1.09646 
        5.27077         13.0642          1.0932 
         5.2769         13.0186         1.08995 
        5.28304         12.9857         1.08671 
        5.28917         12.9502         1.08349 
         5.2953         12.9028         1.08028 
        5.30144         12.8709         1.07709 
        5.30757         12.8305          1.0739 
        5.31371          12.799         1.07073 
        5.31985         12.7605         1.06757 
        5.32599         12.7241         1.06442 
        5.33213         12.7008         1.06129 
        5.33826         12.6517         1.05817 
         5.3444          12.623         1.05506 
        5.35053          12.585         1.05196 
        5.35667         12.5551         1.04888 
        5.36281         12.5168         1.04581 
        5.36894         12.4791         1.04275 
        5.37507         12.4489         1.03971 
        5.38121         12.4116         1.03667 
        5.38735         12.3757         1.03365 
        5.39348         12.3462         1.03064 
        5.39961         12.3083         1.02765 
        5.40575         12.2748         1.02466 
        5.41189         12.2417         1.02168 
        5.41803         12.2094         1.01872 
        5.42416         12.1685         1.01577 
         5.4303         12.1371         1.01283 
        5.43644         12.0988          1.0099 
        5.44257         12.0695         1.00699 
        5.44871         12.0346         1.00409 
        5.45484         12.0033         1.00119 
        5.46098          11.965        0.998311 
        5.46712         11.9501         0.99544 
        5.47325         11.9183        0.992583 
        5.47938         11.8741        0.989738 
        5.48552         11.8425        0.986904 
        5.49165         11.8142        0.984079 
        5.49779         11.7968        0.981265 
        5.50393         11.7565        0.978462 
        5.51006         11.7311        0.975668 
         5.5162         11.6982        0.972888 
        5.52234         11.6594        0.970118 
        5.52847         11.6314        0.967359 
        5.53461         11.5963         0.96461 
        5.54075         11.5755        0.961873 
        5.54688         11.5458        0.959147 
        5.55302         11.5162        0.956429 
        5.55915         11.4966        0.953724 
        5.56529          11.452         0.95103 
        5.57143         11.4392        0.948344 
        5.57756         11.4173        0.945669 
         5.5837         11.3738        0.943006 
        5.58983         11.3553        0.940354 
        5.59597         11.3135        0.937711 
         5.6021         11.2986        0.935077 
        5.60824         11.2668        0.932453 
        5.61438         11.2476        0.929841 
        5.62051         11.2131        0.927238 
        5.62665         11.1803        0.924645 
        5.63278         11.1637        0.922063 
        5.63892         11.1325         0.91949 
        5.64505         11.1001        0.916927 
        5.65119         11.0793        0.914374 
        5.65733         11.0557        0.911831 
        5.66346         11.0395        0.909298 
         5.6696         11.0007        0.906774 
        5.67573         10.9781        0.904259 
        5.68187         10.9573        0.901755 
          5.688         10.9271         0.89926 
        5.69414         10.9069        0.896775 
        5.70028         10.8838        0.894297 
        5.70642         10.8558        0.891829 
        5.71255         10.8385        0.889372 
        5.71869         10.8173        0.886925 
        5.72482         10.7847        0.884487 
        5.73096         10.7647        0.882057 
        5.73709         10.7406        0.879638 
        5.74322         10.7249        0.877229 
        5.74936         10.6862        0.874825 
         5.7555         10.6719         0.87243 
        5.76164         10.6461        0.870047 
        5.76777         10.6242        0.867673 
        5.77391         10.6051        0.865306 
        5.78005         10.5706        0.862947 
        5.78618         10.5615          0.8606 
        5.79231          10.539        0.858263 
        5.79845         10.5154        0.855931 
        5.80459         10.4949        0.853607 
        5.81073         10.4715        0.851295 
        5.81686         10.4565        0.848991 
          5.823         10.4348        0.846694 
        5.82914         10.4082        0.844406 
        5.83527         10.3877        0.842129 
         5.8414         10.3739        0.839859 
        5.84754         10.3606        0.837596 
        5.85368         10.3323        0.835341 
        5.85981         10.3129        0.833096 
        5.86595         10.2908         0.83086 
        5.87208         10.2804        0.828632 
        5.87822         10.2559        0.826412 
        5.88435         10.2435        0.824201 
        5.89049          10.214        0.821996 
        5.89662         10.1965          0.8198 
        5.90276         10.1755        0.817612 
         5.9089         10.1618        0.815431 
        5.91503         10.1524        0.813261 
        5.92117         10.1304        0.811097 
        5.92731         10.1118         0.80894 
        5.93344         10.0963        0.806792 
        5.93958         10.0822        0.804652 
        5.94572         10.0586         0.80252 
        5.95186          10.036        0.800394 
        5.95799         10.0377        0.798279 
        5.96412         10.0141        0.796171 
        5.97026         9.99601        0.794068 
         5.9764         9.98946        0.791975 
        5.98253         9.96732        0.789892 
        5.98866         9.95573        0.787813 
         5.9948         9.93598        0.785741 
        6.00094         9.91903        0.783678 
        6.00707         9.89754        0.781622 
        6.01321         9.88908        0.779573 
        6.01935         9.87569        0.777532 
        6.02548         9.86303        0.775499 
        6.03162          9.8513        0.773473 
        6.03775         9.83069        0.771455 
        6.04389         9.82234        0.769444 
        6.05003         9.81281        0.767438 
        6.05617          9.7882        0.765439 
         6.0623         9.78624        0.763449 
        6.06844         9.76923        0.761466 
        6.07457         9.76107        0.759491 
         6.0807         9.74634        0.757523 
        6.08684         9.73838        0.755563 
        6.09298         9.72199        0.753607 
        6.09912         9.70806        0.751658 
        6.10525         9.69178        0.749718 
        6.11138          9.6874        0.747785 
        6.11752         9.67971        0.745857 
        6.12366         9.66954        0.743936 
        6.12979         9.64773        0.742024 
        6.13593         9.64831        0.740118 
        6.14207         9.63449        0.738217 
         6.1482          9.6292        0.736323 
        6.15434         9.61228        0.734438 
        6.16047          9.6044        0.732559 
        6.16661          9.5997        0.730685 
        6.17274         9.58442        0.728818 
        6.17887         9.57343        0.726959 
        6.18501         9.56452        0.725105 
        6.19115         9.55783        0.723258 
        6.19729         9.55675        0.721416 
        6.20342         9.53881        0.719582 
        6.20956         9.53503        0.717755 
         6.2157         9.51994        0.715932 
        6.22183         9.51809        0.714117 
        6.22797         9.51196        0.712309 
         6.2341         9.50602        0.710507 
        6.24024         9.50069        0.708709 
        6.24638         9.50558        0.706918 
        6.25251           9.485        0.705135 
        6.25865         9.49072        0.703358 
        6.26478         9.48071        0.701586 
        6.27092         9.46397        0.699821 
        6.27705         9.46312        0.698063 
        6.28318         9.45138         0.69631 
