# k  (h/Mpc)    P(k)  (Mpc/h)^3    P_linear(k)  (Mpc/h)^3
     0.00783031         2420.62         2457.66 
       0.013688         3011.74         3021.46 
       0.019231         3037.12         3044.27 
      0.0249154         2770.31         2798.72 
      0.0312784         2399.11         2408.68 
      0.0375637         2044.22         2042.34 
      0.0433917         1766.48         1775.57 
      0.0492413         1583.52         1585.25 
      0.0555754         1432.32         1446.21 
      0.0619321         1348.85         1343.92 
       0.067871         1244.73         1254.79 
      0.0738098         1146.43         1156.29 
      0.0800417         1027.35         1040.19 
      0.0862327         914.797           920.5 
      0.0921407         813.651         814.287 
      0.0982031          720.41         723.273 
       0.104506         658.538         652.411 
       0.110769         608.902         604.048 
       0.116806          572.35          572.12 
       0.122832         549.849         546.995 
       0.129052         518.773         520.942 
       0.135211         488.809         490.595 
       0.141259          458.04         455.741 
       0.147318         423.347         418.196 
       0.153489         384.776          381.12 
       0.159709         354.422         348.542 
       0.165845         332.832         323.049 
       0.171974         310.888         304.209 
       0.178125         297.602         290.453 
       0.184229         287.186         279.621 
        0.19034         272.101          269.29 
       0.196428         263.985         257.874 
       0.202534          253.51         244.693 
       0.208729         237.687         229.985 
       0.214876         221.883         215.157 
       0.220989         211.255         201.394 
       0.227147         197.396          189.42 
        0.23329          188.06         179.703 
       0.239377         181.704         172.053 
       0.245482         172.331         165.768 
       0.251667         168.988         160.066 
       0.257832         163.171         154.375 
       0.263955         156.912         148.331 
       0.270079         150.568         141.841 
        0.27624         145.834         135.079 
       0.282372         139.342         128.484 
        0.28843         132.836         122.438 
       0.294538         127.185         117.039 
       0.300721         124.094         112.337 
        0.30691         118.599         108.285 
       0.313033         115.175         104.716 
       0.319153         110.068         101.352 
       0.325316         108.259          97.986 
        0.33145         104.182         94.5632 
       0.337538         101.543         91.0982 
       0.343633         97.7559         87.6385 
       0.349808         94.6359         84.2497 
       0.355968          91.866         81.0893 
       0.362074         88.8297         78.2215 
       0.368217         86.2092         75.6147 
       0.374374          83.626         73.2327 
       0.380519         81.5894         71.0197 
       0.386598         79.4025         68.9258 
       0.392688         77.7655         66.8655 
        0.39888         75.4987         64.7885 
       0.405048         73.6299           62.74 
       0.411186         71.8318         60.7415 
       0.417313         69.5129         58.8212 
       0.423458         67.7455         56.9961 
       0.429607         65.9324         55.2798 
       0.435692         63.8124         53.6934 
       0.441815         62.9072         52.1929 
       0.447964         61.8303         50.7592 
       0.454126         59.2837         49.3759 
       0.460267         58.3517         48.0371 
       0.466387         56.7711         46.7313 
        0.47254         55.8675         45.4466 
       0.478662         54.9105         44.2053 
       0.484765          53.278         43.0123 
       0.490885         52.1094         41.8648 
       0.497035         51.4194         40.7628 
       0.503198         50.0385         39.7115 
       0.509342         48.7642          38.711 
       0.515458         47.8392          37.754 
       0.521598           47.07         36.8247 
       0.527764         46.1294         35.9186 
       0.533884         45.3432         35.0453 
           0.54         44.3688         34.1975 
       0.546137         43.7146         33.3712 
       0.552299         43.0221         32.5675 
       0.558452         41.7188         31.7926 
       0.564573         41.0752           31.05 
       0.570708         40.4704          30.334 
       0.576825         39.5391         29.6455 
       0.582926         38.7733         28.9815 
       0.589034         37.8179         28.3367 
       0.595184         37.3491         27.7059 
       0.601379         36.7075          27.089 
       0.607522         35.9714         26.4952 
       0.613639         35.6822         25.9214 
       0.619772         34.7623         25.3633 
       0.625918         34.5778         24.8208 
       0.632068         34.0177         24.2942 
       0.638161         33.3464         23.7879 
         0.6443         32.7128          23.293 
       0.650464         32.1636         22.8109 
       0.656582         31.9469         22.3463 
       0.662703         31.3238         21.8948 
       0.668861         30.7828         21.4534 
       0.675024         30.2704         21.0239 
       0.681124         29.7457         20.6105 
       0.687237         29.2537         20.2072 
       0.693381         29.0195         19.8128 
       0.699536          28.301         19.4282 
       0.705665          28.266         19.0555 
       0.711789         27.6131          18.693 
       0.717957         27.2661         18.3376 
        0.72409         26.8752         17.9935 
       0.730186         26.4881         17.6606 
       0.736317         26.2321         17.3344 
       0.742472          25.772         17.0153 
       0.748622         25.5322         16.7047 
        0.75476         25.0975         16.4026 
       0.760888         24.7371         16.1086 
       0.767043          24.456         15.8206 
       0.773185         24.0338         15.5403 
       0.779291         23.9186         15.2684 
       0.785407         23.6333         15.0027 
       0.791564         23.2092         14.7417 
       0.797719         22.7186         14.4871 
       0.803834         22.6918         14.2402 
       0.809972         22.4734         13.9981 
       0.816124         21.9634         13.7613 
       0.822261          21.786         13.5306 
       0.828378         21.5694         13.3059 
       0.834502         21.3536         13.0862 
       0.840667         21.0761           12.87 
       0.846816         20.7123         12.6594 
       0.852925         20.5241         12.4549 
       0.859047         20.2979         12.2545 
       0.865192         20.1053         12.0579 
       0.871341         19.9617         11.8655 
       0.877463         19.5898         11.6782 
       0.883569         19.3666         11.4954 
       0.889708         19.1031         11.3157 
       0.895864         18.9587         11.1394 
       0.902008         18.8138         10.9672 
       0.908149         18.6092         10.7988 
       0.914301         18.4994         10.6337 
       0.920448         18.1369         10.4722 
       0.926574         17.9954         10.3147 
       0.932687         17.8051         10.1608 
       0.938823         17.5715         10.0094 
       0.944975         17.3938         9.86087 
       0.951105          17.246         9.71588 
       0.957225         17.0772         9.57408 
       0.963368         16.9363         9.43464 
       0.969511         16.7846         9.29799 
       0.975621         16.6341         9.16481 
       0.981748         16.4111          9.0339 
       0.987916         16.3166         8.90475 
        0.99406         16.0988         8.77862 
        1.00019          15.883          8.6552 
        1.00632         15.8404         8.53429 
        1.01246         15.6872         8.41552 
        1.01859         15.4463         8.29922 
        1.02471         15.3938         8.18528 
        1.03085         15.2429          8.0731 
        1.03698         15.0065         7.96327 
        1.04314         14.9296         7.85504 
        1.04929         14.7458         7.74908 
        1.05541         14.5945         7.64552 
        1.06154         14.5044         7.54361 
        1.06769         14.4279         7.44341 
        1.07382         14.2374         7.34537 
        1.07993         14.1514         7.24933 
        1.08607         13.9984         7.15461 
        1.09222         13.9037          7.0615 
        1.09836         13.7365         6.97017 
        1.10449         13.6464         6.88057 
        1.11063         13.5018         6.79245 
        1.11677         13.4481         6.70591 
         1.1229         13.3646         6.62104 
        1.12903         13.1908         6.53758 
        1.13518         13.0393         6.45549 
        1.14131         12.9857         6.37487 
        1.14745         12.8778         6.29567 
        1.15359         12.7923         6.21782 
        1.15973         12.6742         6.14125 
        1.16584         12.4963         6.06633 
        1.17197         12.4533         5.99256 
        1.17811         12.3656         5.91979 
        1.18424          12.257         5.84845 
        1.19038         12.2072         5.77809 
        1.19652         12.0793         5.70891 
        1.20267         11.9673         5.64088 
        1.20881         11.9303         5.57397 
        1.21495         11.8389         5.50825 
        1.22108         11.7019         5.44361 
         1.2272         11.6178         5.38016 
        1.23334         11.5197         5.31759 
        1.23949         11.4186         5.25586 
        1.24562         11.3793          5.1953 
        1.25174            11.3         5.13578 
        1.25789          11.213         5.07702 
        1.26402         11.1632         5.01929 
        1.27014         11.0616          4.9626 
        1.27628          10.924         4.90662 
        1.28244          10.861         4.85141 
        1.28858         10.8493         4.79712 
        1.29471         10.7291         4.74379 
        1.30084          10.628         4.69133 
        1.30697         10.6019         4.63958 
        1.31312         10.4662         4.58854 
        1.31925         10.3966         4.53844 
        1.32537         10.3539         4.48913 
        1.33151         10.2889         4.44039 
        1.33765         10.2082         4.39239 
        1.34378         10.1352         4.34521 
        1.34992           10.05         4.29869 
        1.35606         10.0091         4.25275 
         1.3622         9.94707         4.20757 
        1.36833         9.85676         4.16315 
        1.37445         9.81168          4.1194 
        1.38059         9.76405         4.07614 
        1.38675         9.66758         4.03341 
        1.39288         9.63312         3.99146 
        1.39901         9.53341         3.95013 
        1.40515         9.49429         3.90929 
         1.4113         9.43409         3.86905 
        1.41742         9.36978         3.82953 
        1.42355         9.29762         3.79049 
         1.4297         9.25146         3.75188 
        1.43585         9.21389         3.71383 
        1.44198         9.16013         3.67645 
        1.44809         9.09122         3.63966 
        1.45423         9.02429         3.60324 
        1.46036         8.96942         3.56738 
        1.46649         8.92808           3.532 
        1.47263         8.84518         3.49708 
        1.47877         8.79963         3.46264 
        1.48491         8.75637         3.42862 
        1.49104         8.70187         3.39512 
        1.49718         8.65591         3.36205 
        1.50333         8.60856         3.32937 
        1.50947         8.54591         3.29719 
         1.5156         8.49873         3.26549 
        1.52172         8.45905          3.2342 
        1.52787         8.39803         3.20326 
          1.534         8.34167         3.17276 
        1.54013         8.30227         3.14269 
        1.54627         8.23648         3.11296 
        1.55241         8.20496         3.08361 
        1.55855          8.1685         3.05468 
        1.56467         8.10434         3.02621 
         1.5708         8.08836         2.99802 
        1.57695         8.01383         2.97014 
        1.58308         7.96436         2.94269 
        1.58922         7.94059         2.91556 
        1.59535         7.90538         2.88879 
         1.6015         7.83929         2.86232 
        1.60764           7.785         2.83619 
        1.61376         7.77041         2.81046 
        1.61989         7.71744         2.78504 
        1.62604         7.67647         2.75987 
        1.63218         7.65022         2.73503 
        1.63831         7.60784         2.71055 
        1.64444         7.56303         2.68636 
        1.65059         7.49325         2.66242 
        1.65673         7.49207         2.63879 
        1.66285         7.41267         2.61552 
        1.66898         7.38804         2.59251 
        1.67512         7.35659         2.56975 
        1.68127         7.31171         2.54723 
         1.6874         7.28753         2.52504 
        1.69353         7.23083         2.50312 
        1.69967          7.1996         2.48141 
        1.70581          7.1691         2.45997 
        1.71193         7.12117         2.43887 
        1.71806          7.1048         2.41797 
        1.72421          7.0498         2.39727 
        1.73035         7.03311         2.37683 
        1.73649         6.99529         2.35665 
        1.74262         6.95014         2.33671 
        1.74876         6.92837         2.31699 
        1.75489         6.89524         2.29754 
        1.76101          6.8414         2.27832 
        1.76715          6.8255         2.25929 
        1.77329          6.7795         2.24046 
        1.77943         6.73934         2.22183 
        1.78557         6.73052         2.20344 
        1.79171         6.69057         2.18526 
        1.79785         6.64765         2.16729 
        1.80399         6.61201         2.14952 
        1.81012         6.59106         2.13197 
        1.81625         6.55417         2.11463 
        1.82239         6.52968         2.09745 
        1.82853         6.49057         2.08047 
        1.83466         6.46228          2.0637 
        1.84078         6.42976         2.04714 
        1.84692         6.42081         2.03072 
        1.85306         6.37098         2.01447 
         1.8592         6.33555         1.99842 
        1.86533         6.31363         1.98256 
        1.87147         6.28786         1.96685 
        1.87761         6.25873          1.9513 
        1.88375         6.22142         1.93594 
        1.88988         6.20584         1.92077 
        1.89601         6.17424         1.90574 
        1.90215         6.14538         1.89087 
        1.90829         6.11293         1.87616 
        1.91442         6.08714         1.86161 
        1.92056         6.06694         1.84722 
         1.9267         6.02813         1.83298 
        1.93284         6.00385         1.81887 
        1.93897         5.97217         1.80494 
        1.94509         5.95471         1.79119 
        1.95123         5.92329         1.77754 
        1.95737         5.89047         1.76403 
        1.96349         5.87543         1.75069 
        1.96964         5.84486         1.73745 
        1.97578         5.81317         1.72435 
        1.98192         5.79741          1.7114 
        1.98805         5.77431         1.69859 
        1.99419          5.7443         1.68591 
        2.00033         5.73329         1.67335 
        2.00647         5.69825         1.66092 
         2.0126         5.67881         1.64864 
        2.01874          5.6486         1.63647 
        2.02488         5.63135         1.62441 
        2.03101         5.59587         1.61249 
        2.03714         5.56934         1.60071 
        2.04328         5.55035         1.58903 
        2.04941         5.52121         1.57747 
        2.05554         5.50432         1.56604 
        2.06167          5.4793         1.55471 
        2.06781         5.46086         1.54349 
        2.07396          5.4473         1.53236 
        2.08009         5.41721         1.52136 
        2.08622         5.38863         1.51049 
        2.09237         5.37418         1.49969 
        2.09851         5.35766         1.48901 
        2.10464         5.32992         1.47844 
        2.11077         5.29643         1.46799 
        2.11691         5.27806         1.45762 
        2.12305          5.2639         1.44734 
        2.12918         5.25034         1.43719 
        2.13531         5.22282         1.42714 
        2.14145         5.20376         1.41716 
         2.1476         5.17559         1.40727 
        2.15372          5.1578         1.39751 
        2.15985           5.155         1.38784 
        2.16599         5.11385         1.37824 
        2.17213         5.10334         1.36874 
        2.17827         5.08753         1.35932 
         2.1844         5.06116         1.35001 
        2.19054         5.03309         1.34078 
        2.19666         5.01787         1.33165 
         2.2028         5.00041         1.32259 
        2.20893         4.98552         1.31362 
        2.21508         4.95929         1.30472 
        2.22122         4.93816          1.2959 
        2.22736         4.92306         1.28717 
        2.23349         4.91426         1.27854 
        2.23962         4.89173         1.26997 
        2.24577         4.86684         1.26148 
         2.2519         4.85876         1.25308 
        2.25802         4.83009         1.24476 
        2.26417         4.81446          1.2365 
        2.27031         4.79361         1.22831 
        2.27644         4.77306         1.22022 
        2.28257         4.75726         1.21219 
        2.28872         4.74659         1.20423 
        2.29486         4.72657         1.19634 
        2.30099         4.70678         1.18854 
        2.30712         4.69026          1.1808 
        2.31326         4.66254         1.17312 
         2.3194         4.65437         1.16551 
        2.32553          4.6412         1.15798 
        2.33166         4.62675         1.15052 
         2.3378         4.60346         1.14312 
        2.34394         4.58853         1.13578 
        2.35007         4.56555         1.12851 
        2.35619         4.55695         1.12132 
        2.36233         4.53902         1.11418 
        2.36848         4.51902         1.10708 
        2.37462         4.51145         1.10005 
        2.38075         4.49317          1.0931 
        2.38689         4.47841          1.0862 
        2.39303         4.45599         1.07936 
        2.39916         4.44175         1.07259 
        2.40529         4.42636         1.06587 
        2.41143         4.41172         1.05921 
        2.41757         4.40734          1.0526 
         2.4237         4.38743         1.04606 
        2.42983          4.3602         1.03958 
        2.43598         4.35151         1.03313 
        2.44211         4.33341         1.02675 
        2.44823         4.32168         1.02044 
        2.45437         4.30427         1.01416 
        2.46052         4.29036         1.00793 
        2.46665         4.27782         1.00177 
        2.47279         4.25858        0.995655 
        2.47892         4.24412         0.98959 
        2.48507          4.2344         0.98357 
         2.4912         4.21382        0.977612 
        2.49733         4.20551        0.971707 
        2.50347         4.18733        0.965839 
        2.50961         4.17564         0.96002 
        2.51575         4.15871        0.954252 
        2.52188         4.14951        0.948539 
        2.52802         4.12948        0.942867 
        2.53416         4.11524        0.937238 
        2.54029         4.10759        0.931666 
        2.54641         4.08343        0.926141 
        2.55255         4.07729        0.920656 
        2.55869         4.06868        0.915206 
        2.56483         4.05295        0.909808 
        2.57096         4.04324         0.90446 
        2.57709         4.02969        0.899153 
        2.58323         4.01531        0.893883 
        2.58937         3.99226        0.888653 
        2.59551         3.98845        0.883472 
        2.60164         3.97019        0.878333 
        2.60778         3.96335         0.87323 
        2.61392         3.94724        0.868169 
        2.62006         3.94059         0.86315 
        2.62619         3.92664        0.858176 
        2.63232         3.91009        0.853241 
        2.63846          3.8986        0.848338 
        2.64459         3.88529        0.843481 
        2.65072         3.87844        0.838662 
        2.65686         3.85835        0.833879 
          2.663         3.85441        0.829125 
        2.66915         3.83591         0.82441 
        2.67527         3.83023        0.819743 
        2.68141         3.81549        0.815108 
        2.68755         3.80049        0.810505 
        2.69368         3.79424        0.805941 
        2.69981         3.77967         0.80142 
        2.70595         3.76855        0.796921 
        2.71209         3.76141        0.792456 
        2.71823         3.74434        0.788033 
        2.72436         3.72904        0.783644 
         2.7305         3.71586        0.779286 
        2.73663         3.71007        0.774962 
        2.74276         3.69913        0.770676 
         2.7489         3.68554        0.766418 
        2.75504         3.68118        0.762188 
        2.76118         3.66164        0.757988 
        2.76732         3.65897        0.753827 
        2.77345         3.65086        0.749698 
        2.77959         3.63649        0.745598 
        2.78572          3.6203        0.741531 
        2.79186         3.61084        0.737495 
        2.79798         3.60381        0.733493 
        2.80412         3.59518        0.729514 
        2.81027         3.58358         0.72556 
         2.8164         3.57497        0.721643 
        2.82253         3.56314        0.717756 
        2.82867         3.55137        0.713895 
        2.83481         3.54405        0.710063 
        2.84095         3.52458        0.706258 
        2.84708         3.51644        0.702486 
        2.85322         3.51076        0.698736 
        2.85935         3.49995        0.695016 
        2.86549         3.49379        0.691324 
        2.87162         3.48552         0.68766 
        2.87776         3.47621        0.684022 
        2.88389         3.47057        0.680409 
        2.89003         3.45598        0.676824 
        2.89617         3.44726        0.673263 
        2.90231         3.43603        0.669728 
        2.90844         3.42667        0.666219 
        2.91458          3.4205        0.662736 
        2.92071         3.40448        0.659282 
        2.92684          3.4017        0.655848 
        2.93298         3.38899        0.652441 
         2.9391         3.38225        0.649063 
        2.94524         3.36883        0.645703 
        2.95138         3.36482        0.642366 
        2.95752         3.35111         0.63905 
        2.96367          3.3464        0.635756 
         2.9698         3.33747        0.632493 
        2.97594         3.32714        0.629249 
        2.98207         3.31937        0.626028 
        2.98821         3.31185        0.622833 
        2.99434         3.30299         0.61966 
        3.00048         3.29167        0.616507 
        3.00662         3.28362        0.613375 
        3.01275         3.27773        0.610269 
        3.01888         3.27188        0.607185 
        3.02503         3.26635        0.604116 
        3.03117          3.2543         0.60107 
        3.03729         3.24497        0.598053 
        3.04342         3.23698        0.595054 
        3.04957         3.22198        0.592067 
         3.0557          3.2191        0.589107 
        3.06183          3.2174        0.586172 
        3.06796          3.2024        0.583253 
        3.07411         3.19578        0.580348 
        3.08025         3.18488        0.577469 
        3.08637         3.18154        0.574613 
         3.0925         3.17991        0.571773 
        3.09865         3.16157        0.568947 
         3.1048         3.16069        0.566141 
        3.11093         3.15644        0.563359 
        3.11706         3.14127        0.560596 
         3.1232         3.13262         0.55785 
        3.12933         3.12921        0.555122 
        3.13547         3.12973        0.552414 
        3.14159         3.11555        0.549727 
        3.14773         3.10764        0.547054 
        3.15388         3.10222        0.544395 
        3.16001         3.09239        0.541759 
        3.16614         3.09046        0.539141 
        3.17228          3.0818        0.536539 
        3.17842         3.07714        0.533954 
        3.18455         3.06413        0.531387 
        3.19068         3.06058        0.528839 
        3.19682         3.05585        0.526303 
        3.20297          3.0495        0.523784 
         3.2091         3.04026        0.521283 
        3.21524         3.03519        0.518799 
        3.22138         3.02363        0.516331 
         3.2275         3.01793        0.513883 
        3.23363          3.0118        0.511451 
        3.23977         3.00282        0.509031 
        3.24591          3.0038        0.506627 
        3.25205         2.99916        0.504236 
        3.25818         2.98718        0.501863 
        3.26432         2.98331        0.499506 
        3.27046         2.98044        0.497164 
         3.2766         2.96696        0.494837 
        3.28273         2.96151        0.492525 
        3.28887         2.95811        0.490228 
          3.295         2.95117        0.487947 
        3.30113         2.94279         0.48568 
        3.30727         2.93872        0.483426 
        3.31341         2.93459        0.481189 
        3.31954         2.92833        0.478965 
        3.32568         2.92385        0.476754 
        3.33182         2.91886        0.474557 
        3.33795         2.91101        0.472376 
        3.34409         2.90685        0.470206 
        3.35022         2.90026        0.468051 
        3.35636         2.89295        0.465911 
         3.3625         2.88943        0.463782 
        3.36864         2.88574        0.461667 
        3.37477         2.87962        0.459566 
        3.38091         2.87832        0.457478 
        3.38704         2.86976        0.455404 
        3.39318         2.86269        0.453342 
        3.39931          2.8605        0.451292 
        3.40545          2.8542        0.449256 
        3.41158         2.85121        0.447233 
        3.41772         2.84587        0.445221 
        3.42385         2.84024        0.443224 
        3.42998         2.83317        0.441238 
        3.43612         2.82824        0.439265 
        3.44226          2.8234        0.437302 
         3.4484         2.82145        0.435348 
        3.45453         2.81435        0.433412 
        3.46066         2.80941        0.431487 
        3.46681         2.80607         0.42957 
        3.47295         2.79831        0.427665 
        3.47908         2.79604        0.425776 
        3.48521         2.78948        0.423898 
        3.49135         2.78723        0.422028 
        3.49749         2.78129        0.420171 
        3.50362         2.77868        0.418326 
        3.50976         2.77223        0.416492 
        3.51589         2.77091        0.414668 
        3.52203          2.7653        0.412856 
        3.52816          2.7631        0.411057 
        3.53429         2.76116        0.409267 
        3.54043         2.75564        0.407485 
        3.54657         2.75178        0.405714 
        3.55271         2.74802        0.403956 
        3.55884         2.74066        0.402209 
        3.56498          2.7392         0.40047 
        3.57112         2.73161        0.398741 
        3.57725         2.72861        0.397024 
        3.58338         2.72792        0.395319 
        3.58952          2.7227        0.393622 
        3.59566         2.71869        0.391933 
         3.6018         2.71337        0.390256 
        3.60793         2.70999        0.388589 
        3.61407         2.70525        0.386933 
        3.62021         2.70261        0.385285 
        3.62634         2.70203        0.383647 
        3.63247         2.69925         0.38202 
        3.63861         2.69759        0.380401 
        3.64475         2.68615         0.37879 
        3.65089         2.68393         0.37719 
        3.65702         2.67939        0.375601 
        3.66316         2.67697        0.374019 
        3.66929         2.67526        0.372447 
        3.67543         2.67405        0.370884 
        3.68156         2.66947        0.369331 
        3.68769         2.66448        0.367785 
        3.69383         2.66114        0.366248 
        3.69997         2.65714        0.364721 
        3.70611         2.65496        0.363202 
        3.71224         2.65383        0.361692 
        3.71838         2.64813         0.36019 
        3.72451         2.64742        0.358698 
        3.73065         2.64456        0.357215 
        3.73678         2.64107        0.355739 
        3.74292         2.64032        0.354271 
        3.74906         2.63481        0.352811 
        3.75519         2.63385        0.351361 
        3.76133         2.63105        0.349918 
        3.76746         2.62259        0.348484 
         3.7736         2.62497        0.347059 
        3.77974         2.61821        0.345639 
        3.78588         2.62078        0.344228 
        3.79201         2.61586        0.342826 
        3.79814         2.61434        0.341432 
        3.80428         2.60957        0.340045 
        3.81042         2.60616        0.338665 
        3.81655         2.60667        0.337294 
        3.82268         2.60381        0.335931 
        3.82882         2.59982        0.334575 
        3.83496         2.59772        0.333226 
        3.84109         2.59563        0.331884 
        3.84723         2.59365        0.330551 
        3.85337         2.58958        0.329223 
        3.85951         2.58785        0.327902 
        3.86565         2.58756        0.326591 
        3.87178         2.58468        0.325287 
        3.87791         2.58048         0.32399 
        3.88405         2.57784        0.322699 
        3.89019         2.57659        0.321416 
        3.89632         2.57143         0.32014 
        3.90246         2.56969         0.31887 
         3.9086         2.56801        0.317607 
        3.91473         2.56491        0.316352 
        3.92086         2.56475        0.315105 
        3.92699         2.56428        0.313863 
        3.93313         2.55931        0.312627 
        3.93927         2.56199        0.311399 
         3.9454         2.55606        0.310177 
        3.95154         2.55506        0.308961 
        3.95768         2.55159        0.307752 
        3.96382         2.55213        0.306549 
        3.96995         2.54835        0.305353 
        3.97609         2.54768        0.304164 
        3.98222         2.54248        0.302982 
        3.98836         2.54239        0.301805 
         3.9945         2.53931        0.300634 
        4.00063         2.53899        0.299471 
        4.00677         2.53591        0.298312 
        4.01291         2.53434         0.29716 
        4.01904         2.53292        0.296015 
        4.02517         2.53008        0.294877 
        4.03131           2.532        0.293742 
        4.03745         2.53073        0.292614 
        4.04358         2.52675        0.291493 
        4.04972         2.52586        0.290378 
        4.05585         2.52463        0.289268 
        4.06199         2.52151        0.288164 
        4.06812         2.52029        0.287066 
        4.07426          2.5188        0.285973 
         4.0804         2.51702        0.284886 
        4.08654         2.51479        0.283804 
        4.09267         2.51358         0.28273 
         4.0988         2.51127        0.281661 
        4.10494         2.50867        0.280597 
        4.11108         2.50975        0.279538 
        4.11721         2.50673        0.278485 
        4.12334         2.50571        0.277438 
        4.12948         2.50437        0.276396 
        4.13561         2.50298        0.275359 
        4.14176         2.50225        0.274326 
        4.14789         2.50206          0.2733 
        4.15403         2.49853        0.272279 
        4.16016          2.4968        0.271263 
         4.1663         2.49763        0.270253 
        4.17243          2.4939        0.269248 
        4.17857         2.49424        0.268248 
        4.18471         2.49387        0.267252 
        4.19084         2.49096        0.266262 
        4.19698         2.48609        0.265278 
        4.20312         2.48951        0.264297 
        4.20925         2.48636        0.263322 
        4.21538         2.48747        0.262353 
        4.22152         2.48339        0.261388 
        4.22766          2.4816        0.260427 
         4.2338         2.47773        0.259472 
        4.23993         2.47888        0.258521 
        4.24607         2.47911        0.257575 
         4.2522         2.47897        0.256634 
        4.25834         2.47792        0.255698 
        4.26447          2.4723        0.254767 
        4.27061         2.47215         0.25384 
        4.27674         2.47227        0.252918 
        4.28288         2.47136        0.251999 
        4.28902         2.47041        0.251086 
        4.29515         2.46924        0.250178 
        4.30129         2.46623        0.249274 
        4.30743         2.46686        0.248373 
        4.31356         2.46618        0.247478 
        4.31969         2.46271        0.246588 
        4.32583         2.46118        0.245702 
        4.33197         2.46332        0.244819 
         4.3381          2.4606        0.243942 
        4.34424         2.45735        0.243069 
        4.35038          2.4567        0.242199 
        4.35652         2.45857        0.241334 
        4.36265         2.45613        0.240474 
        4.36878         2.45262        0.239618 
        4.37492         2.45441        0.238765 
        4.38106         2.45272        0.237917 
        4.38719         2.45153        0.237074 
        4.39333         2.44985        0.236234 
        4.39946         2.44821        0.235399 
         4.4056         2.44775        0.234567 
        4.41173         2.44464         0.23374 
        4.41786         2.44518        0.232917 
          4.424         2.44313        0.232098 
        4.43014         2.44417        0.231281 
        4.43628         2.44034        0.230469 
        4.44241         2.43957        0.229662 
        4.44855         2.43921        0.228858 
        4.45469         2.43635        0.228057 
        4.46083          2.4383        0.227262 
        4.46696         2.43908         0.22647 
        4.47309         2.43517        0.225681 
        4.47923         2.43409        0.224896 
        4.48537         2.43283        0.224116 
         4.4915         2.43202        0.223339 
        4.49764         2.43321        0.222565 
        4.50378         2.42908        0.221794 
        4.50991         2.42721        0.221029 
        4.51604         2.42625        0.220267 
        4.52218         2.42578        0.219507 
        4.52832         2.42573        0.218752 
        4.53445           2.424        0.218001 
        4.54059         2.42504        0.217253 
        4.54673         2.41996        0.216508 
        4.55286          2.4226        0.215766 
          4.559         2.42081        0.215029 
        4.56513         2.41897        0.214295 
        4.57127         2.41985        0.213564 
        4.57741         2.41494        0.212837 
        4.58354         2.41577        0.212113 
        4.58968         2.41443        0.211393 
        4.59582         2.41337        0.210675 
        4.60195         2.41303        0.209961 
        4.60809         2.41077        0.209251 
        4.61422         2.41069        0.208544 
        4.62036         2.41114         0.20784 
        4.62649         2.40662         0.20714 
        4.63263         2.40631        0.206443 
        4.63876         2.40601        0.205748 
         4.6449         2.40577        0.205057 
        4.65104         2.40291        0.204369 
        4.65717         2.40048        0.203685 
        4.66331         2.40233        0.203004 
        4.66944         2.39647        0.202325 
        4.67558         2.39952        0.201651 
        4.68171         2.40069        0.200979 
        4.68785         2.39632        0.200309 
        4.69399         2.39769        0.199643 
        4.70012         2.39537        0.198981 
        4.70625         2.39488        0.198321 
        4.71239         2.39389        0.197664 
        4.71853           2.393         0.19701 
        4.72467         2.39244        0.196359 
         4.7308         2.39144        0.195711 
        4.73694         2.39066        0.195066 
        4.74308         2.38646        0.194424 
        4.74922         2.38623        0.193784 
        4.75535         2.38405        0.193149 
        4.76148         2.38226        0.192516 
        4.76762         2.38126        0.191884 
        4.77376         2.38046        0.191257 
        4.77989         2.38007        0.190632 
        4.78602         2.37906         0.19001 
        4.79216         2.37879         0.18939 
         4.7983         2.37693        0.188774 
        4.80443         2.37765        0.188161 
        4.81056         2.37557         0.18755 
         4.8167         2.37426        0.186941 
        4.82284         2.37075        0.186335 
        4.82898         2.37301        0.185732 
        4.83511         2.37156        0.185132 
        4.84125         2.36612        0.184534 
        4.84739         2.36672        0.183939 
        4.85352         2.36945        0.183347 
        4.85965         2.36512        0.182758 
        4.86579         2.36274         0.18217 
        4.87193         2.36263        0.181586 
        4.87807            2.36        0.181004 
         4.8842         2.36194        0.180424 
        4.89034         2.35786        0.179847 
        4.89647          2.3593        0.179273 
        4.90261         2.35452        0.178701 
        4.90874         2.35574        0.178132 
        4.91488         2.35366        0.177566 
        4.92102         2.35347        0.177001 
        4.92715         2.35292        0.176439 
        4.93329         2.35109         0.17588 
        4.93942         2.35119        0.175323 
        4.94556         2.34886        0.174768 
         4.9517         2.34861        0.174216 
        4.95783         2.34396        0.173666 
        4.96397          2.3454        0.173119 
        4.97011         2.34409        0.172574 
        4.97624         2.34013        0.172031 
        4.98238         2.34038        0.171491 
        4.98851         2.33972        0.170953 
        4.99465         2.34075        0.170418 
        5.00078         2.33645        0.169884 
        5.00691         2.33559        0.169354 
        5.01305         2.33557        0.168825 
        5.01919         2.33292        0.168298 
        5.02533         2.33323        0.167774 
        5.03146         2.33127        0.167252 
         5.0376          2.3299        0.166732 
        5.04374         2.32952        0.166215 
        5.04987         2.32793        0.165699 
        5.05601         2.32616        0.165186 
        5.06215         2.32633        0.164675 
        5.06829          2.3256        0.164166 
        5.07442         2.32239         0.16366 
        5.08055         2.31985        0.163156 
        5.08668         2.31979        0.162653 
        5.09282         2.32084        0.162153 
        5.09896         2.31828        0.161655 
        5.10509         2.31764        0.161159 
        5.11123         2.31659        0.160665 
        5.11736         2.31466        0.160173 
         5.1235         2.31264        0.159683 
        5.12964         2.31175        0.159196 
        5.13577          2.3119         0.15871 
        5.14191         2.31186        0.158226 
        5.14804          2.3105        0.157745 
        5.15418         2.30688        0.157266 
        5.16032         2.30697        0.156788 
        5.16645         2.30713        0.156312 
        5.17259         2.30397        0.155839 
        5.17872         2.30124        0.155367 
        5.18486         2.30211        0.154897 
          5.191         2.30156        0.154429 
        5.19713         2.29967        0.153964 
        5.20327         2.29735          0.1535 
        5.20941         2.29779        0.153038 
        5.21555         2.29631        0.152577 
        5.22168         2.29488        0.152119 
        5.22781         2.29089        0.151663 
        5.23395          2.2915        0.151209 
        5.24009         2.29269        0.150756 
        5.24622          2.2896        0.150306 
        5.25236         2.28829        0.149857 
         5.2585         2.28771         0.14941 
        5.26463         2.28692        0.148965 
        5.27077          2.2851        0.148521 
         5.2769         2.28298         0.14808 
        5.28304         2.28206         0.14764 
        5.28917         2.28163        0.147203 
         5.2953         2.28007        0.146767 
        5.30144          2.2781        0.146333 
        5.30757         2.27859          0.1459 
        5.31371         2.27738        0.145469 
        5.31985         2.27706         0.14504 
        5.32599         2.27491        0.144612 
        5.33213         2.27479        0.144186 
        5.33826         2.27063        0.143762 
         5.3444         2.27029         0.14334 
        5.35053         2.26971         0.14292 
        5.35667         2.26803        0.142501 
        5.36281         2.27047        0.142083 
        5.36894         2.26924        0.141668 
        5.37507         2.26739        0.141254 
        5.38121         2.26526        0.140842 
        5.38735         2.26367        0.140431 
        5.39348         2.26262        0.140023 
        5.39961         2.26298        0.139616 
        5.40575         2.26142         0.13921 
        5.41189         2.26001        0.138806 
        5.41803         2.25937        0.138403 
        5.42416         2.25872        0.138003 
         5.4303         2.25707        0.137603 
        5.43644           2.257        0.137206 
        5.44257         2.25516         0.13681 
        5.44871         2.25432        0.136415 
        5.45484         2.25284        0.136022 
        5.46098         2.25312        0.135631 
        5.46712         2.25193        0.135241 
        5.47325         2.25133        0.134852 
        5.47938         2.24807        0.134466 
        5.48552         2.24858        0.134081 
        5.49165         2.24683        0.133697 
        5.49779         2.24522        0.133315 
        5.50393         2.24632        0.132934 
        5.51006         2.24409        0.132554 
         5.5162         2.24428        0.132177 
        5.52234         2.24183          0.1318 
        5.52847         2.24387        0.131425 
        5.53461         2.24265        0.131052 
        5.54075          2.2399         0.13068 
        5.54688         2.23933         0.13031 
        5.55302          2.2386        0.129941 
        5.55915         2.23744        0.129573 
        5.56529          2.2389        0.129207 
        5.57143         2.23681        0.128842 
        5.57756         2.23635        0.128479 
         5.5837         2.23617        0.128117 
        5.58983         2.23541        0.127757 
        5.59597         2.23249        0.127398 
         5.6021         2.23238         0.12704 
        5.60824         2.23515        0.126683 
        5.61438         2.23051        0.126328 
        5.62051         2.23236        0.125975 
        5.62665         2.23159        0.125622 
        5.63278         2.23177        0.125272 
        5.63892          2.2301        0.124922 
        5.64505         2.22882        0.124574 
        5.65119         2.22851        0.124227 
        5.65733         2.22792        0.123882 
        5.66346         2.22884        0.123537 
         5.6696          2.2286        0.123194 
        5.67573         2.22711        0.122853 
        5.68187         2.22702        0.122513 
          5.688         2.22612        0.122174 
        5.69414         2.22273        0.121836 
        5.70028         2.22507        0.121499 
        5.70642         2.22391        0.121164 
        5.71255         2.22504         0.12083 
        5.71869         2.22339        0.120498 
        5.72482          2.2232        0.120167 
        5.73096         2.22307        0.119837 
        5.73709         2.22274        0.119508 
        5.74322         2.22243        0.119181 
        5.74936          2.2214        0.118854 
         5.7555         2.22338        0.118529 
        5.76164         2.22135        0.118205 
        5.76777         2.22179        0.117882 
        5.77391         2.22053        0.117561 
        5.78005           2.219         0.11724 
        5.78618         2.22284        0.116921 
        5.79231         2.22055        0.116604 
        5.79845         2.22033        0.116287 
        5.80459         2.22052        0.115971 
        5.81073         2.21937        0.115657 
        5.81686         2.22057        0.115344 
          5.823         2.21909        0.115032 
        5.82914         2.22061        0.114721 
        5.83527         2.21981        0.114412 
         5.8414         2.22009        0.114104 
        5.84754         2.22124        0.113796 
        5.85368         2.21944         0.11349 
        5.85981         2.21981        0.113185 
        5.86595         2.21946        0.112881 
        5.87208         2.21905        0.112578 
        5.87822         2.22127        0.112277 
        5.88435         2.22155        0.111976 
        5.89049         2.21861        0.111677 
        5.89662         2.21992        0.111379 
        5.90276          2.2202        0.111081 
         5.9089         2.22109        0.110785 
        5.91503         2.22222         0.11049 
        5.92117         2.22269        0.110196 
        5.92731         2.22335        0.109903 
        5.93344         2.22281        0.109611 
        5.93958         2.22551        0.109321 
        5.94572         2.22491        0.109031 
        5.95186         2.22443        0.108742 
        5.95799          2.2236        0.108455 
        5.96412         2.22601        0.108168 
        5.97026          2.2257        0.107883 
         5.9764         2.22721        0.107598 
        5.98253          2.2271        0.107315 
        5.98866         2.22889        0.107033 
         5.9948         2.22856        0.106751 
        6.00094         2.23002        0.106471 
        6.00707         2.22815        0.106192 
        6.01321         2.23095        0.105913 
        6.01935         2.23211        0.105636 
        6.02548         2.23222         0.10536 
        6.03162         2.23478        0.105085 
        6.03775          2.2352         0.10481 
        6.04389         2.23676        0.104537 
        6.05003         2.23627        0.104265 
        6.05617         2.23911        0.103993 
         6.0623         2.23778        0.103723 
        6.06844         2.23935        0.103453 
        6.07457          2.2409        0.103185 
         6.0807         2.24256        0.102918 
        6.08684         2.24407        0.102651 
        6.09298          2.2453        0.102386 
        6.09912         2.24616        0.102121 
        6.10525         2.24667        0.101857 
        6.11138         2.24715        0.101595 
        6.11752         2.24869        0.101333 
        6.12366         2.24896        0.101072 
        6.12979          2.2544        0.100812 
        6.13593         2.25327        0.100553 
        6.14207         2.25567        0.100295 
         6.1482         2.25557        0.100038 
        6.15434         2.25779       0.0997813 
        6.16047         2.26003       0.0995261 
        6.16661         2.26106       0.0992715 
        6.17274         2.26394       0.0990179 
        6.17887         2.26533       0.0987653 
        6.18501         2.26792       0.0985135 
        6.19115         2.26904       0.0982625 
        6.19729         2.27017       0.0980123 
        6.20342         2.27177       0.0977631 
        6.20956         2.27308       0.0975148 
         6.2157           2.276       0.0972672 
        6.22183         2.27958       0.0970206 
        6.22797          2.2799        0.096775 
         6.2341         2.28242       0.0965301 
        6.24024         2.28326        0.096286 
        6.24638           2.287       0.0960426 
        6.25251         2.28948       0.0958004 
        6.25865         2.29278       0.0955589 
        6.26478         2.29246       0.0953182 
        6.27092         2.29595       0.0950784 
        6.27705         2.29881       0.0948395 
        6.28318         2.30114       0.0946014 
