# k  (h/Mpc)    P(k)  (Mpc/h)^3    P_linear(k)  (Mpc/h)^3
     0.00783031         11263.4         11436.3 
       0.013688         14130.5         14049.6 
       0.019231         14160.3         14150.5 
      0.0249154         12767.6         13006.2 
      0.0312784           11087         11191.8 
      0.0375637         9489.25          9488.6 
      0.0433917         8126.55         8248.61 
      0.0492413         7320.43          7364.1 
      0.0555754         6542.07         6717.93 
      0.0619321         6252.23         6242.56 
       0.067871         5688.88         5828.41 
      0.0738098          5242.1         5370.77 
      0.0800417         4673.82         4831.41 
      0.0862327         4192.37         4275.43 
      0.0921407         3774.09         3782.06 
      0.0982031         3341.12          3359.3 
       0.104506          3104.8         3030.15 
       0.110769          2869.7         2805.51 
       0.116806         2700.31          2657.2 
       0.122832         2586.08         2540.49 
       0.129052         2412.34         2419.48 
       0.135211         2282.16         2278.52 
       0.141259         2164.21         2116.64 
       0.147318         2017.71         1942.26 
       0.153489         1835.97         1770.06 
       0.159709          1720.2         1618.75 
       0.165845         1639.68         1500.35 
       0.171974         1543.77         1412.85 
       0.178125         1472.84         1348.96 
       0.184229          1416.5         1298.65 
        0.19034         1332.96         1250.67 
       0.196428         1307.06         1197.64 
       0.202534         1258.59         1136.43 
       0.208729         1192.01         1068.11 
       0.214876         1129.32         999.251 
       0.220989         1087.06         935.328 
       0.227147         1032.61         879.717 
        0.23329         989.914         834.587 
       0.239377         969.815         799.062 
       0.245482          907.32         769.869 
       0.251667         900.974         743.388 
       0.257832          867.36         716.959 
       0.263955         838.343         688.888 
       0.270079         807.116         658.746 
        0.27624         796.477         627.338 
       0.282372         762.455         596.711 
        0.28843         746.999         568.631 
       0.294538         709.307         543.558 
       0.300721         705.387          521.72 
        0.30691         674.053         502.901 
       0.313033         661.007         486.324 
       0.319153         643.111         470.702 
       0.325316         623.697         455.069 
        0.33145         606.514         439.173 
       0.337538         597.803         423.081 
       0.343633         579.636         407.012 
       0.349808         559.618         391.274 
       0.355968         555.112         376.596 
       0.362074         545.754         363.278 
       0.368217         530.305         351.171 
       0.374374         508.254         340.108 
       0.380519         505.799         329.831 
       0.386598         492.802         320.106 
       0.392688         490.152         310.538 
        0.39888         475.775         300.892 
       0.405048         466.366         291.378 
       0.411186         458.379         282.096 
       0.417313         449.531         273.178 
       0.423458         441.276         264.702 
       0.429607         433.311         256.731 
       0.435692         422.922         249.363 
       0.441815         419.497         242.395 
       0.447964         410.744         235.736 
       0.454126         400.258         229.312 
       0.460267         393.859         223.094 
       0.466387          389.34          217.03 
        0.47254          381.72         211.063 
       0.478662         380.627         205.298 
       0.484765         368.073         199.758 
       0.490885         364.455         194.429 
       0.497035         357.978         189.311 
       0.503198         352.313         184.428 
       0.509342         349.549         179.782 
       0.515458         345.594         175.337 
       0.521598         337.978         171.021 
       0.527764         332.311         166.813 
       0.533884         329.887         162.757 
           0.54         325.185          158.82 
       0.546137         323.806         154.983 
       0.552299         317.047          151.25 
       0.558452         315.068         147.651 
       0.564573         310.262         144.202 
       0.570708         304.663         140.877 
       0.576825         299.343         137.679 
       0.582926         297.039         134.596 
       0.589034         294.242         131.601 
       0.595184         291.374         128.672 
       0.601379         287.805         125.807 
       0.607522         283.088         123.049 
       0.613639         281.665         120.384 
       0.619772         275.194         117.792 
       0.625918         274.132         115.272 
       0.632068         269.937         112.827 
       0.638161         268.823         110.476 
         0.6443         264.281         108.177 
       0.650464          261.81         105.938 
       0.656582         260.059          103.78 
       0.662703         258.501         101.684 
       0.668861         253.818         99.6337 
       0.675024         250.997         97.6391 
       0.681124         249.806         95.7189 
       0.687237         246.787         93.8461 
       0.693381          243.08         92.0143 
       0.699536         241.083         90.2282 
       0.705665          239.36         88.4973 
       0.711789         236.875         86.8138 
       0.717957         235.574         85.1632 
        0.72409         232.925         83.5654 
       0.730186         230.266         82.0191 
       0.736317         227.818         80.5041 
       0.742472         226.697         79.0224 
       0.748622         224.678         77.5799 
        0.75476         222.768          76.177 
       0.760888         219.872         74.8112 
       0.767043         219.794         73.4737 
       0.773185         217.136          72.172 
       0.779291         213.225         70.9094 
       0.785407          212.78         69.6754 
       0.791564         210.649         68.4633 
       0.797719         208.106         67.2808 
       0.803834         206.963          66.134 
       0.809972         205.614           65.01 
       0.816124         205.392         63.9099 
       0.822261          202.54         62.8385 
       0.828378         200.782          61.795 
       0.834502         200.373         60.7745 
       0.840667         197.404         59.7707 
       0.846816         195.962         58.7926 
       0.852925         195.182         57.8427 
       0.859047          193.26          56.912 
       0.865192         191.412         55.9989 
       0.871341         189.782         55.1054 
       0.877463         188.454         54.2356 
       0.883569         187.732         53.3869 
       0.889708         185.836         52.5522 
       0.895864         183.619         51.7333 
       0.902008         182.945         50.9337 
       0.908149         182.262         50.1516 
       0.914301         179.975         49.3848 
       0.920448         178.691         48.6349 
       0.926574         177.695         47.9033 
       0.932687          177.45         47.1884 
       0.938823         175.187         46.4856 
       0.944975         173.683         45.7957 
       0.951105         172.992         45.1223 
       0.957225         171.306         44.4638 
       0.963368         169.312         43.8162 
       0.969511         168.819         43.1816 
       0.975621         167.573          42.563 
       0.981748         167.323         41.9551 
       0.987916          165.41         41.3553 
        0.99406         164.039         40.7695 
        1.00019         163.947         40.1964 
        1.00632         162.333         39.6348 
        1.01246         161.314         39.0832 
        1.01859         160.563         38.5431 
        1.02471          158.94         38.0139 
        1.03085         157.339         37.4929 
        1.03698         156.766         36.9829 
        1.04314         155.376         36.4802 
        1.04929         154.407         35.9881 
        1.05541         154.001         35.5072 
        1.06154         152.752         35.0339 
        1.06769         152.638         34.5685 
        1.07382          151.23         34.1132 
        1.07993         149.934         33.6672 
        1.08607         149.123         33.2273 
        1.09222         148.529         32.7949 
        1.09836         147.216         32.3707 
        1.10449         145.867         31.9546 
        1.11063         144.798         31.5454 
        1.11677         144.567         31.1435 
         1.1229         143.187         30.7493 
        1.12903         142.506         30.3617 
        1.13518         142.144         29.9805 
        1.14131         140.677          29.606 
        1.14745         140.222         29.2382 
        1.15359         139.215         28.8767 
        1.15973         138.696         28.5211 
        1.16584         137.194         28.1731 
        1.17197         136.669         27.8305 
        1.17811          135.93         27.4926 
        1.18424         135.244         27.1613 
        1.19038         134.829         26.8345 
        1.19652         133.756         26.5132 
        1.20267         132.996         26.1972 
        1.20881         131.893         25.8865 
        1.21495         131.349         25.5813 
        1.22108         130.678         25.2811 
         1.2272          129.47         24.9864 
        1.23334         128.984         24.6958 
        1.23949         127.952         24.4092 
        1.24562         127.404         24.1279 
        1.25174          126.22         23.8515 
        1.25789         125.742         23.5786 
        1.26402         124.963         23.3105 
        1.27014          124.23         23.0472 
        1.27628         123.671         22.7872 
        1.28244         123.151         22.5308 
        1.28858         122.621         22.2787 
        1.29471         121.247          22.031 
        1.30084         120.958         21.7874 
        1.30697         120.081          21.547 
        1.31312         119.712           21.31 
        1.31925         118.685         21.0773 
        1.32537         118.188         20.8483 
        1.33151         117.068         20.6219 
        1.33765         116.783         20.3991 
        1.34378         116.076         20.1799 
        1.34992         115.796         19.9639 
        1.35606          115.06         19.7505 
         1.3622         114.111         19.5407 
        1.36833         113.546         19.3344 
        1.37445         112.844         19.1312 
        1.38059         112.361         18.9303 
        1.38675         111.568         18.7319 
        1.39288         111.225          18.537 
        1.39901          110.76         18.3451 
        1.40515         109.891         18.1554 
         1.4113         109.087         17.9686 
        1.41742         108.817          17.785 
        1.42355         108.022         17.6037 
         1.4297         107.516         17.4244 
        1.43585         106.628         17.2477 
        1.44198         106.392         17.0741 
        1.44809         105.649         16.9032 
        1.45423         105.034         16.7341 
        1.46036         104.763         16.5676 
        1.46649         103.995         16.4032 
        1.47263         103.423          16.241 
        1.47877         103.139         16.0811 
        1.48491         102.101         15.9231 
        1.49104         101.924         15.7676 
        1.49718          101.11          15.614 
        1.50333         100.715         15.4622 
        1.50947         100.227         15.3127 
         1.5156         99.5736         15.1655 
        1.52172         98.9994         15.0202 
        1.52787         98.6195         14.8765 
          1.534         97.9628         14.7349 
        1.54013         97.4017         14.5952 
        1.54627         97.0526         14.4571 
        1.55241         96.3784         14.3208 
        1.55855         95.9932         14.1865 
        1.56467         95.6169         14.0542 
         1.5708         94.8881         13.9233 
        1.57695         94.7981         13.7939 
        1.58308         93.8433         13.6663 
        1.58922         93.7455         13.5404 
        1.59535         93.1453          13.416 
         1.6015          92.578         13.2931 
        1.60764          92.104         13.1718 
        1.61376         91.9129         13.0523 
        1.61989          91.153         12.9342 
        1.62604         90.9085         12.8173 
        1.63218         90.3891         12.7019 
        1.63831          89.587         12.5883 
        1.64444         89.3624         12.4759 
        1.65059          88.849         12.3647 
        1.65673         88.1251          12.255 
        1.66285         87.9605         12.1469 
        1.66898          87.405         12.0401 
        1.67512         86.9492         11.9344 
        1.68127         86.5458         11.8298 
         1.6874         86.0329         11.7267 
        1.69353         85.5571         11.6249 
        1.69967         85.0913         11.5241 
        1.70581         84.8533         11.4245 
        1.71193         84.5303         11.3265 
        1.71806         83.8994         11.2295 
        1.72421         83.4136         11.1333 
        1.73035         83.0243         11.0384 
        1.73649         82.6093         10.9447 
        1.74262          82.163         10.8521 
        1.74876         81.8489         10.7605 
        1.75489         81.1634         10.6702 
        1.76101         80.9664         10.5809 
        1.76715         80.4124         10.4925 
        1.77329         80.1622         10.4051 
        1.77943         79.5434         10.3186 
        1.78557         79.4186         10.2332 
        1.79171         78.7815         10.1487 
        1.79785          78.436         10.0653 
        1.80399          78.141         9.98272 
        1.81012         77.8334         9.90123 
        1.81625         77.2638         9.82068 
        1.82239          76.995         9.74092 
        1.82853         76.6912         9.66208 
        1.83466         76.2004         9.58419 
        1.84078         75.9674         9.50725 
        1.84692         75.3397         9.43103 
        1.85306         74.9761         9.35555 
         1.8592         74.6148         9.28102 
        1.86533         74.2632         9.20734 
        1.87147         73.7518         9.13439 
        1.87761          73.527         9.06219 
        1.88375          73.112         8.99086 
        1.88988         72.7909         8.92037 
        1.89601         72.3561          8.8506 
        1.90215          72.053         8.78152 
        1.90829         71.7211         8.71322 
        1.91442          71.363         8.64563 
        1.92056         70.7928         8.57883 
         1.9267         70.6516         8.51266 
        1.93284           70.16         8.44715 
        1.93897         69.7988         8.38245 
        1.94509         69.5376         8.31857 
        1.95123         69.1549          8.2552 
        1.95737         68.9028         8.19245 
        1.96349         68.3584          8.1305 
        1.96964         68.1534         8.06903 
        1.97578          67.867         8.00816 
        1.98192         67.5251         7.94804 
        1.98805         67.2061         7.88854 
        1.99419         66.7339         7.82964 
        2.00033         66.4997         7.77132 
        2.00647         66.2026         7.71361 
         2.0126         65.7095         7.65658 
        2.01874         65.3743         7.60005 
        2.02488          65.154         7.54403 
        2.03101            64.9         7.48869 
        2.03714         64.4547         7.43396 
        2.04328         64.2475         7.37971 
        2.04941         63.8846         7.32605 
        2.05554         63.6328         7.27297 
        2.06167         63.2404         7.22033 
        2.06781         62.9302         7.16822 
        2.07396         62.5879         7.11654 
        2.08009         62.3724         7.06547 
        2.08622         62.0879         7.01495 
        2.09237         61.6838         6.96483 
        2.09851         61.5461         6.91519 
        2.10464         61.1111         6.86612 
        2.11077         60.7744         6.81759 
        2.11691         60.4954         6.76941 
        2.12305         60.2444          6.7217 
        2.12918         59.9707         6.67457 
        2.13531         59.5735         6.62788 
        2.14145         59.3257         6.58153 
         2.1476         59.0855         6.53558 
        2.15372         58.7867         6.49029 
        2.15985         58.4624         6.44538 
        2.16599         58.1757         6.40077 
        2.17213         57.9472         6.35664 
        2.17827         57.6324         6.31292 
         2.1844         57.2918         6.26966 
        2.19054          57.027         6.22679 
        2.19666         56.7377         6.18439 
         2.2028         56.6687         6.14234 
        2.20893         56.3429         6.10066 
        2.21508         55.9849         6.05932 
        2.22122         55.7675         6.01835 
        2.22736         55.5231         5.97785 
        2.23349         55.2055         5.93773 
        2.23962         54.8555         5.89796 
        2.24577         54.5848         5.85852 
         2.2519         54.3034         5.81949 
        2.25802         54.1746         5.78089 
        2.26417         53.7701         5.74253 
        2.27031         53.6003         5.70448 
        2.27644         53.3999         5.66688 
        2.28257         53.0498         5.62963 
        2.28872         52.7701         5.59264 
        2.29486         52.5882           5.556 
        2.30099         52.3206         5.51976 
        2.30712         52.1209         5.48382 
        2.31326          51.783         5.44815 
         2.3194         51.5158         5.41282 
        2.32553         51.2558         5.37785 
        2.33166         51.0101         5.34321 
         2.3378         50.7778         5.30884 
        2.34394         50.4745         5.27475 
        2.35007         50.2063         5.24101 
        2.35619         50.0373         5.20761 
        2.36233         49.9051         5.17441 
        2.36848         49.5707         5.14144 
        2.37462         49.3353         5.10883 
        2.38075         49.1523         5.07653 
        2.38689         48.8902         5.04449 
        2.39303         48.6643         5.01272 
        2.39916         48.4748         4.98126 
        2.40529         48.2508         4.95008 
        2.41143         48.0125         4.91914 
        2.41757          47.715         4.88845 
         2.4237         47.5827         4.85807 
        2.42983         47.2792         4.82796 
        2.43598         47.0486         4.79803 
        2.44211         46.8953         4.76839 
        2.44823         46.6203         4.73908 
        2.45437          46.398         4.70993 
        2.46052         46.1028           4.681 
        2.46665          45.945         4.65237 
        2.47279         45.7495         4.62398 
        2.47892         45.5805         4.59582 
        2.48507         45.2869         4.56786 
         2.4912         45.1623         4.54019 
        2.49733         44.8597         4.51276 
        2.50347         44.6043         4.48551 
        2.50961         44.4697         4.45849 
        2.51575         44.2742          4.4317 
        2.52188         43.9847         4.40517 
        2.52802         43.8707         4.37882 
        2.53416         43.7331         4.35269 
        2.54029         43.4786         4.32681 
        2.54641         43.2297         4.30115 
        2.55255          43.102         4.27567 
        2.55869         42.8547         4.25036 
        2.56483         42.6517         4.22529 
        2.57096         42.4091         4.20046 
        2.57709         42.1852         4.17581 
        2.58323         42.0342         4.15134 
        2.58937         41.8058         4.12705 
        2.59551          41.627         4.10298 
        2.60164         41.4663         4.07912 
        2.60778         41.2459         4.05542 
        2.61392         41.0975         4.03192 
        2.62006         40.8776         4.00861 
        2.62619         40.7031         3.98551 
        2.63232         40.4815         3.96259 
        2.63846         40.2725         3.93982 
        2.64459         40.1412         3.91726 
        2.65072         39.9351         3.89488 
        2.65686         39.6529         3.87267 
          2.663         39.5242         3.85059 
        2.66915         39.4254         3.82869 
        2.67527         39.2159         3.80701 
        2.68141         39.0044         3.78549 
        2.68755          38.921         3.76411 
        2.69368          38.615         3.74292 
        2.69981         38.5065         3.72192 
        2.70595         38.3121         3.70103 
        2.71209         38.2021         3.68029 
        2.71823         37.9435         3.65975 
        2.72436          37.758         3.63937 
         2.7305         37.6316         3.61913 
        2.73663         37.4048         3.59905 
        2.74276         37.2452         3.57914 
         2.7489         37.1234         3.55936 
        2.75504         36.8813         3.53972 
        2.76118         36.7715         3.52022 
        2.76732         36.5796         3.50089 
        2.77345         36.4153         3.48171 
        2.77959         36.2129         3.46268 
        2.78572         36.0847         3.44378 
        2.79186         35.9333         3.42504 
        2.79798         35.7743         3.40646 
        2.80412         35.6167         3.38798 
        2.81027         35.4563         3.36961 
         2.8164         35.3137         3.35142 
        2.82253         35.1238         3.33337 
        2.82867         34.9163         3.31544 
        2.83481         34.7741         3.29764 
        2.84095         34.5532         3.27997 
        2.84708         34.4727         3.26245 
        2.85322          34.317         3.24504 
        2.85935         34.1533         3.22776 
        2.86549         33.9811         3.21062 
        2.87162          33.861          3.1936 
        2.87776         33.6791         3.17671 
        2.88389         33.5498         3.15992 
        2.89003         33.3918         3.14327 
        2.89617         33.2548         3.12674 
        2.90231          33.104         3.11032 
        2.90844         32.9361         3.09402 
        2.91458         32.7947         3.07785 
        2.92071         32.6741         3.06181 
        2.92684         32.5216         3.04586 
        2.93298         32.3186         3.03004 
         2.9391         32.2008         3.01435 
        2.94524         32.1242         2.99874 
        2.95138         31.9178         2.98325 
        2.95752         31.7401         2.96784 
        2.96367         31.6697         2.95255 
         2.9698         31.4643         2.93739 
        2.97594          31.372         2.92233 
        2.98207         31.2013         2.90737 
        2.98821         31.1132         2.89253 
        2.99434          30.948         2.87779 
        3.00048         30.8139         2.86315 
        3.00662         30.6431         2.84861 
        3.01275         30.5242         2.83418 
        3.01888         30.4193         2.81986 
        3.02503         30.2875         2.80561 
        3.03117          30.129         2.79146 
        3.03729         29.9853         2.77745 
        3.04342         29.8591         2.76352 
        3.04957         29.7356         2.74965 
         3.0557         29.6246          2.7359 
        3.06183         29.4785         2.72227 
        3.06796         29.3081         2.70872 
        3.07411         29.2187         2.69523 
        3.08025         29.0867         2.68185 
        3.08637         28.9632         2.66859 
         3.0925         28.8127          2.6554 
        3.09865          28.671         2.64228 
         3.1048         28.5555         2.62924 
        3.11093         28.4775         2.61633 
        3.11706         28.3124         2.60349 
         3.1232          28.226         2.59074 
        3.12933         28.0489         2.57807 
        3.13547          27.911         2.56549 
        3.14159         27.7876         2.55302 
        3.14773         27.6907          2.5406 
        3.15388         27.5723         2.52825 
        3.16001          27.446         2.51601 
        3.16614         27.3508         2.50385 
        3.17228          27.215         2.49177 
        3.17842         27.1264         2.47976 
        3.18455         26.9962         2.46784 
        3.19068         26.8687         2.45601 
        3.19682         26.7459         2.44423 
        3.20297         26.6326         2.43253 
         3.2091         26.5071         2.42092 
        3.21524         26.4123         2.40938 
        3.22138            26.3         2.39792 
         3.2275         26.1776         2.38655 
        3.23363         26.1062         2.37525 
        3.23977         25.9504         2.36401 
        3.24591          25.868         2.35285 
        3.25205         25.7389         2.34175 
        3.25818         25.6399         2.33073 
        3.26432         25.4727         2.31978 
        3.27046         25.4203          2.3089 
         3.2766         25.2856         2.29809 
        3.28273          25.184         2.28736 
        3.28887         25.0886         2.27669 
          3.295         24.9917          2.2661 
        3.30113         24.8617         2.25557 
        3.30727         24.7997          2.2451 
        3.31341         24.6566         2.23471 
        3.31954         24.5559         2.22439 
        3.32568         24.4932         2.21411 
        3.33182         24.3296         2.20391 
        3.33795         24.2779         2.19378 
        3.34409         24.1298         2.18371 
        3.35022         24.0272          2.1737 
        3.35636         23.9149         2.16376 
         3.3625         23.8078         2.15387 
        3.36864         23.7237         2.14405 
        3.37477         23.6451         2.13429 
        3.38091         23.5269          2.1246 
        3.38704         23.4387         2.11496 
        3.39318         23.3269         2.10539 
        3.39931         23.2489         2.09587 
        3.40545         23.1048         2.08641 
        3.41158         23.0461         2.07701 
        3.41772         22.9151         2.06767 
        3.42385         22.8661          2.0584 
        3.42998         22.7508         2.04917 
        3.43612         22.6256         2.04001 
        3.44226         22.5539         2.03089 
         3.4484         22.4862         2.02182 
        3.45453         22.3985         2.01283 
        3.46066         22.2929         2.00389 
        3.46681         22.1837         1.99498 
        3.47295         22.1259         1.98614 
        3.47908         22.0213         1.97737 
        3.48521           21.91         1.96864 
        3.49135         21.8276         1.95996 
        3.49749         21.7229         1.95133 
        3.50362         21.6551         1.94276 
        3.50976         21.5408         1.93425 
        3.51589         21.4353         1.92578 
        3.52203         21.3616         1.91736 
        3.52816         21.2818         1.90901 
        3.53429         21.1931         1.90069 
        3.54043         21.1352         1.89242 
        3.54657          21.047         1.88419 
        3.55271         20.9097         1.87603 
        3.55884         20.8597         1.86792 
        3.56498         20.7519         1.85984 
        3.57112         20.6725         1.85181 
        3.57725         20.6033         1.84384 
        3.58338         20.5146         1.83592 
        3.58952         20.4304         1.82804 
        3.59566         20.3635         1.82019 
         3.6018         20.2749          1.8124 
        3.60793         20.1895         1.80466 
        3.61407         20.0946         1.79697 
        3.62021         20.0202         1.78932 
        3.62634         19.9397         1.78171 
        3.63247         19.8301         1.77415 
        3.63861         19.7636         1.76664 
        3.64475         19.6875         1.75915 
        3.65089         19.6061         1.75172 
        3.65702          19.527         1.74434 
        3.66316         19.4357         1.73699 
        3.66929         19.3939          1.7297 
        3.67543         19.3027         1.72244 
        3.68156         19.2122         1.71522 
        3.68769         19.1264         1.70805 
        3.69383         19.0758         1.70091 
        3.69997         19.0036         1.69381 
        3.70611         18.9123         1.68676 
        3.71224         18.8278         1.67975 
        3.71838         18.7325         1.67277 
        3.72451         18.7034         1.66584 
        3.73065          18.608         1.65896 
        3.73678         18.5343          1.6521 
        3.74292         18.4642         1.64528 
        3.74906         18.3825          1.6385 
        3.75519         18.3389         1.63177 
        3.76133         18.2474         1.62507 
        3.76746         18.1661         1.61841 
         3.7736         18.1148         1.61179 
        3.77974         18.0409          1.6052 
        3.78588         17.9571         1.59864 
        3.79201          17.875         1.59213 
        3.79814         17.7919         1.58566 
        3.80428         17.7616         1.57922 
        3.81042         17.6893         1.57281 
        3.81655         17.6126         1.56644 
        3.82268         17.5343         1.56011 
        3.82882         17.4525         1.55381 
        3.83496         17.3978         1.54754 
        3.84109         17.3291         1.54132 
        3.84723         17.2653         1.53512 
        3.85337         17.1843         1.52896 
        3.85951         17.1302         1.52282 
        3.86565         17.0592         1.51673 
        3.87178         16.9891         1.51068 
        3.87791         16.9303         1.50465 
        3.88405          16.843         1.49866 
        3.89019          16.788          1.4927 
        3.89632         16.7314         1.48677 
        3.90246          16.675         1.48087 
         3.9086         16.5932         1.47501 
        3.91473          16.536         1.46918 
        3.92086         16.4505         1.46339 
        3.92699         16.4046         1.45762 
        3.93313          16.348         1.45188 
        3.93927         16.2962         1.44618 
         3.9454         16.1875          1.4405 
        3.95154         16.1506         1.43486 
        3.95768         16.1028         1.42924 
        3.96382         16.0362         1.42366 
        3.96995          15.965          1.4181 
        3.97609         15.8876         1.41258 
        3.98222         15.8389         1.40709 
        3.98836         15.7783         1.40162 
         3.9945         15.7163         1.39619 
        4.00063         15.6677         1.39078 
        4.00677         15.6061          1.3854 
        4.01291         15.5316         1.38005 
        4.01904         15.4766         1.37473 
        4.02517         15.4151         1.36945 
        4.03131         15.3684         1.36418 
        4.03745         15.3074         1.35894 
        4.04358         15.2353         1.35373 
        4.04972         15.1925         1.34855 
        4.05585         15.1333          1.3434 
        4.06199         15.0789         1.33827 
        4.06812         15.0129         1.33317 
        4.07426         14.9507          1.3281 
         4.0804         14.9038         1.32305 
        4.08654         14.8449         1.31802 
        4.09267         14.7974         1.31303 
         4.0988         14.7345         1.30807 
        4.10494         14.6839         1.30313 
        4.11108         14.6106         1.29821 
        4.11721         14.5693         1.29332 
        4.12334         14.5189         1.28846 
        4.12948         14.4576         1.28362 
        4.13561         14.3963          1.2788 
        4.14176         14.3476         1.27401 
        4.14789         14.2954         1.26924 
        4.15403         14.2489          1.2645 
        4.16016          14.189         1.25978 
         4.1663         14.1441         1.25509 
        4.17243         14.0746         1.25042 
        4.17857         14.0305         1.24578 
        4.18471         13.9803         1.24115 
        4.19084         13.9179         1.23656 
        4.19698         13.8841         1.23198 
        4.20312         13.8335         1.22743 
        4.20925          13.765          1.2229 
        4.21538         13.7244          1.2184 
        4.22152         13.6854         1.21392 
        4.22766         13.6137         1.20945 
         4.2338         13.5722         1.20502 
        4.23993         13.5153          1.2006 
        4.24607         13.4617         1.19621 
         4.2522         13.4236         1.19184 
        4.25834         13.3694         1.18749 
        4.26447         13.3238         1.18317 
        4.27061         13.2823         1.17886 
        4.27674         13.2252         1.17458 
        4.28288         13.1754         1.17032 
        4.28902         13.1242         1.16607 
        4.29515         13.0794         1.16186 
        4.30129         13.0431         1.15766 
        4.30743         12.9891         1.15348 
        4.31356         12.9439         1.14932 
        4.31969         12.8999         1.14519 
        4.32583         12.8557         1.14107 
        4.33197         12.7972         1.13697 
         4.3381         12.7594          1.1329 
        4.34424         12.7213         1.12884 
        4.35038         12.6647          1.1248 
        4.35652         12.6196         1.12078 
        4.36265         12.5746         1.11679 
        4.36878         12.5326         1.11281 
        4.37492         12.4892         1.10885 
        4.38106         12.4455         1.10491 
        4.38719         12.4012           1.101 
        4.39333         12.3618          1.0971 
        4.39946         12.3164         1.09322 
         4.4056         12.2702         1.08936 
        4.41173         12.2152         1.08552 
        4.41786         12.1815          1.0817 
          4.424         12.1401         1.07789 
        4.43014         12.0887          1.0741 
        4.43628          12.042         1.07033 
        4.44241         12.0192         1.06658 
        4.44855         11.9708         1.06284 
        4.45469         11.9149         1.05913 
        4.46083         11.8776         1.05543 
        4.46696         11.8487         1.05175 
        4.47309         11.7941         1.04809 
        4.47923         11.7463         1.04444 
        4.48537         11.7199         1.04082 
         4.4915         11.6712         1.03721 
        4.49764          11.638         1.03362 
        4.50378          11.591         1.03004 
        4.50991         11.5605         1.02649 
        4.51604         11.5145         1.02295 
        4.52218         11.4743         1.01942 
        4.52832         11.4326         1.01591 
        4.53445         11.3967         1.01242 
        4.54059         11.3515         1.00895 
        4.54673         11.3246         1.00549 
        4.55286         11.2805         1.00204 
          4.559         11.2268        0.998619 
        4.56513         11.2063        0.995212 
        4.57127         11.1552        0.991818 
        4.57741         11.1219        0.988439 
        4.58354         11.0849        0.985077 
        4.58968         11.0408        0.981732 
        4.59582         11.0044        0.978399 
        4.60195         10.9565        0.975085 
        4.60809         10.9304        0.971787 
        4.61422         10.8938        0.968503 
        4.62036         10.8716        0.965235 
        4.62649         10.8219         0.96198 
        4.63263         10.7832        0.958743 
        4.63876         10.7436        0.955519 
         4.6449         10.7181        0.952309 
        4.65104         10.6835        0.949115 
        4.65717         10.6433        0.945938 
        4.66331         10.6059        0.942773 
        4.66944         10.5594        0.939622 
        4.67558         10.5386         0.93649 
        4.68171         10.4955        0.933367 
        4.68785         10.4626        0.930258 
        4.69399         10.4227        0.927165 
        4.70012         10.3853         0.92409 
        4.70625         10.3653        0.921027 
        4.71239         10.3302        0.917974 
        4.71853         10.2876        0.914937 
        4.72467         10.2527        0.911913 
         4.7308         10.2181        0.908904 
        4.73694         10.1912        0.905909 
        4.74308         10.1554        0.902926 
        4.74922         10.1274        0.899957 
        4.75535         10.0902        0.897003 
        4.76148         10.0579        0.894064 
        4.76762          10.031        0.891133 
        4.77376         9.99455        0.888217 
        4.77989         9.96723        0.885317 
        4.78602         9.93095        0.882428 
        4.79216         9.90452         0.87955 
         4.7983         9.86991        0.876687 
        4.80443         9.82611        0.873839 
        4.81056         9.79449        0.871002 
         4.8167         9.77065        0.868174 
        4.82284         9.73915        0.865359 
        4.82898         9.71024         0.86256 
        4.83511         9.68331        0.859774 
        4.84125         9.64232        0.856996 
        4.84739         9.62298        0.854233 
        4.85352         9.58723        0.851484 
        4.85965         9.55092        0.848746 
        4.86579         9.53316        0.846019 
        4.87193          9.4938        0.843303 
        4.87807         9.46116          0.8406 
         4.8842         9.43805         0.83791 
        4.89034         9.41061         0.83523 
        4.89647         9.37381        0.832563 
        4.90261         9.34865        0.829908 
        4.90874         9.32096        0.827266 
        4.91488         9.28665        0.824634 
        4.92102         9.26644        0.822011 
        4.92715         9.23423        0.819402 
        4.93329         9.20874        0.816805 
        4.93942         9.18008        0.814218 
        4.94556         9.14366        0.811641 
         4.9517         9.11853        0.809077 
        4.95783         9.08522        0.806524 
        4.96397         9.06559        0.803982 
        4.97011         9.03851         0.80145 
        4.97624         9.00792         0.79893 
        4.98238         8.98727        0.796422 
        4.98851         8.95423        0.793925 
        4.99465         8.92863        0.791437 
        5.00078         8.89751        0.788961 
        5.00691         8.86671        0.786496 
        5.01305         8.84417        0.784041 
        5.01919         8.81201        0.781593 
        5.02533         8.79524        0.779158 
        5.03146         8.77144        0.776735 
         5.0376         8.74288        0.774322 
        5.04374         8.71002        0.771917 
        5.04987         8.68615        0.769523 
        5.05601         8.65578        0.767141 
        5.06215         8.63474        0.764767 
        5.06829         8.61369        0.762403 
        5.07442         8.57967        0.760052 
        5.08055          8.5621        0.757711 
        5.08668         8.53788        0.755378 
        5.09282         8.50763        0.753053 
        5.09896         8.48316        0.750741 
        5.10509         8.45781        0.748439 
        5.11123         8.43509        0.746145 
        5.11736         8.40641        0.743861 
         5.1235          8.3861        0.741586 
        5.12964         8.36199        0.739321 
        5.13577         8.34219        0.737064 
        5.14191         8.31697        0.734818 
        5.14804          8.2895        0.732584 
        5.15418         8.26979        0.730357 
        5.16032          8.2312        0.728138 
        5.16645         8.21647        0.725929 
        5.17259         8.19904         0.72373 
        5.17872         8.17347         0.72154 
        5.18486         8.15497        0.719357 
          5.191         8.12852        0.717184 
        5.19713         8.10659        0.715022 
        5.20327         8.08861        0.712869 
        5.20941         8.06474        0.710722 
        5.21555         8.03438        0.708584 
        5.22168         8.01989        0.706457 
        5.22781         7.99043        0.704339 
        5.23395         7.97348        0.702229 
        5.24009         7.95085        0.700127 
        5.24622         7.92839        0.698034 
        5.25236         7.91025        0.695951 
         5.2585           7.886        0.693874 
        5.26463         7.87108        0.691806 
        5.27077         7.84894        0.689748 
         5.2769         7.82753        0.687698 
        5.28304         7.80516        0.685656 
        5.28917         7.77831        0.683623 
         5.2953         7.76053        0.681599 
        5.30144         7.73888        0.679582 
        5.30757         7.71581        0.677573 
        5.31371         7.69849        0.675571 
        5.31985         7.67135        0.673578 
        5.32599         7.66103        0.671592 
        5.33213         7.63664        0.669614 
        5.33826         7.62151        0.667646 
         5.3444         7.59456        0.665685 
        5.35053         7.57729        0.663732 
        5.35667         7.56379        0.661787 
        5.36281         7.53866        0.659849 
        5.36894         7.52279        0.657919 
        5.37507         7.50317        0.655999 
        5.38121         7.48259        0.654084 
        5.38735         7.46276        0.652176 
        5.39348         7.44008        0.650279 
        5.39961         7.42679        0.648389 
        5.40575         7.40637        0.646504 
        5.41189         7.38472        0.644626 
        5.41803         7.37179        0.642757 
        5.42416         7.35294        0.640896 
         5.4303         7.33294        0.639042 
        5.43644         7.32078        0.637195 
        5.44257         7.30202        0.635356 
        5.44871         7.27809        0.633523 
        5.45484         7.26918        0.631698 
        5.46098           7.245         0.62988 
        5.46712         7.23004        0.628069 
        5.47325         7.21122        0.626266 
        5.47938         7.19187        0.624471 
        5.48552         7.17782        0.622683 
        5.49165         7.15946        0.620901 
        5.49779         7.14555        0.619125 
        5.50393         7.12222        0.617356 
        5.51006         7.11173        0.615594 
         5.5162         7.09446         0.61384 
        5.52234         7.07615        0.612092 
        5.52847         7.06108        0.610351 
        5.53461         7.04734        0.608617 
        5.54075         7.02181         0.60689 
        5.54688          7.0148         0.60517 
        5.55302         6.99854        0.603455 
        5.55915         6.97717        0.601748 
        5.56529         6.97101        0.600048 
        5.57143         6.95085        0.598354 
        5.57756         6.93708        0.596666 
         5.5837         6.91241        0.594986 
        5.58983         6.90456        0.593312 
        5.59597          6.8934        0.591645 
         5.6021         6.87343        0.589983 
        5.60824         6.85137        0.588328 
        5.61438         6.84176        0.586679 
        5.62051         6.83123        0.585037 
        5.62665         6.80916        0.583401 
        5.63278         6.79746        0.581772 
        5.63892         6.78888        0.580148 
        5.64505         6.77372        0.578532 
        5.65119         6.75549        0.576921 
        5.65733         6.74339        0.575316 
        5.66346         6.72618        0.573718 
         5.6696         6.71879        0.572125 
        5.67573         6.69793        0.570539 
        5.68187         6.69155        0.568959 
          5.688         6.67578        0.567385 
        5.69414         6.66505        0.565817 
        5.70028         6.65076        0.564253 
        5.70642         6.63228        0.562696 
        5.71255          6.6246        0.561146 
        5.71869         6.61165        0.559602 
        5.72482         6.60118        0.558064 
        5.73096         6.58494        0.556531 
        5.73709         6.57397        0.555004 
        5.74322         6.56203        0.553484 
        5.74936         6.55134        0.551967 
         5.7555         6.53704        0.550457 
        5.76164         6.52706        0.548953 
        5.76777         6.51434        0.547455 
        5.77391         6.50282        0.545961 
        5.78005         6.49014        0.544473 
        5.78618          6.4814        0.542992 
        5.79231         6.46727        0.541518 
        5.79845         6.45666        0.540047 
        5.80459         6.44149         0.53858 
        5.81073         6.43721        0.537121 
        5.81686         6.41969        0.535668 
          5.823         6.41373        0.534218 
        5.82914          6.3966        0.532775 
        5.83527         6.39055        0.531338 
         5.8414         6.37855        0.529906 
        5.84754         6.36804        0.528478 
        5.85368         6.35539        0.527055 
        5.85981         6.35124        0.525639 
        5.86595         6.33723        0.524228 
        5.87208         6.33167        0.522822 
        5.87822          6.3214        0.521422 
        5.88435         6.31259        0.520027 
        5.89049         6.29938        0.518636 
        5.89662          6.2872         0.51725 
        5.90276         6.27469        0.515869 
         5.9089         6.27273        0.514493 
        5.91503         6.26015        0.513124 
        5.92117         6.24991        0.511758 
        5.92731         6.24551        0.510398 
        5.93344         6.23583        0.509042 
        5.93958         6.22463        0.507693 
        5.94572         6.21806        0.506347 
        5.95186         6.21163        0.505006 
        5.95799          6.1983        0.503671 
        5.96412         6.18756        0.502341 
        5.97026         6.18397        0.501015 
         5.9764         6.17979        0.499694 
        5.98253         6.17485        0.498379 
        5.98866         6.16667        0.497068 
         5.9948         6.15524         0.49576 
        6.00094         6.14687        0.494459 
        6.00707         6.13706        0.493162 
        6.01321         6.13458        0.491869 
        6.01935         6.12477        0.490581 
        6.02548         6.12056        0.489298 
        6.03162         6.10972         0.48802 
        6.03775         6.10204        0.486747 
        6.04389         6.10001        0.485478 
        6.05003         6.09083        0.484212 
        6.05617         6.08744        0.482951 
         6.0623         6.08499        0.481696 
        6.06844         6.07201        0.480445 
        6.07457         6.06903        0.479198 
         6.0807         6.06519        0.477957 
        6.08684         6.05259         0.47672 
        6.09298         6.04888        0.475486 
        6.09912         6.04334        0.474256 
        6.10525         6.03953        0.473032 
        6.11138         6.03231        0.471812 
        6.11752         6.02861        0.470596 
        6.12366         6.01946        0.469384 
        6.12979         6.02214        0.468178 
        6.13593         6.01674        0.466975 
        6.14207         6.01083        0.465776 
         6.1482         6.00508        0.464581 
        6.15434         5.99928        0.463391 
        6.16047         5.99696        0.462205 
        6.16661         5.98767        0.461023 
        6.17274         5.98591        0.459846 
        6.17887         5.98445        0.458672 
        6.18501         5.98323        0.457503 
        6.19115          5.9789        0.456337 
        6.19729         5.97585        0.455175 
        6.20342          5.9697        0.454018 
        6.20956         5.96938        0.452865 
         6.2157         5.96059        0.451715 
        6.22183          5.9643        0.450569 
        6.22797         5.95666        0.449429 
         6.2341         5.95218        0.448292 
        6.24024         5.95303        0.447158 
        6.24638         5.95039        0.446028 
        6.25251         5.94963        0.444903 
        6.25865         5.94462        0.443781 
        6.26478         5.95038        0.442663 
        6.27092         5.94466         0.44155 
        6.27705         5.94263         0.44044 
        6.28318         5.93903        0.439334 
