# k  (h/Mpc)    Pcb(k)  (Mpc/h)^3    Pcb_linear(k)  (Mpc/h)^3
     0.00783031         14804.9         15018.1 
       0.013688         18630.3         18471.7 
       0.019231         18644.5         18615.4 
      0.0249154         16760.3         17116.2 
      0.0312784         14564.3         14732.2 
      0.0375637         12482.8         12492.2 
      0.0433917         10663.9         10860.9 
      0.0492413         9619.34         9697.09 
      0.0555754         8566.02         8846.79 
      0.0619321         8215.85         8221.19 
       0.067871         7447.26         7676.07 
      0.0738098         6864.89         7073.58 
      0.0800417         6112.89         6363.37 
      0.0862327         5494.91         5631.22 
      0.0921407         4965.87         4981.49 
      0.0982031         4400.47         4424.72 
       0.104506         4105.29         3991.23 
       0.110769         3795.22         3695.38 
       0.116806          3577.4         3500.06 
       0.122832         3419.07         3346.36 
       0.129052          3181.4         3186.98 
       0.135211         3011.88         3001.33 
       0.141259         2865.98         2788.12 
       0.147318         2680.25         2558.43 
       0.153489         2441.43         2331.61 
       0.159709          2295.7         2132.31 
       0.165845         2198.92         1976.35 
       0.171974          2076.1         1861.09 
       0.178125         1978.52         1776.94 
       0.184229         1897.94         1710.67 
        0.19034         1793.66         1647.47 
       0.196428         1757.53         1577.63 
       0.202534          1689.8            1497 
       0.208729         1606.52         1407.01 
       0.214876          1532.7          1316.3 
       0.220989         1476.56          1232.1 
       0.227147         1410.36         1158.84 
        0.23329         1353.52         1099.39 
       0.239377         1330.16          1052.6 
       0.245482         1246.69         1014.14 
       0.251667         1239.83         979.259 
       0.257832         1191.34         944.447 
       0.263955         1151.95         907.471 
       0.270079         1110.76         867.765 
        0.27624         1097.59         826.392 
       0.282372         1051.24         786.049 
        0.28843         1039.66         749.059 
       0.294538         987.017          716.03 
       0.300721         981.813         687.262 
        0.30691         941.521         662.475 
       0.313033         923.321         640.638 
       0.319153         904.305         620.057 
       0.325316         875.505         599.465 
        0.33145         854.415         578.527 
       0.337538         840.313         557.328 
       0.343633         819.184         536.161 
       0.349808         790.669         515.431 
       0.355968         785.421         496.094 
       0.362074         776.145          478.55 
       0.368217         752.584         462.601 
       0.374374         722.354         448.029 
       0.380519         722.359          434.49 
       0.386598         702.427          421.68 
       0.392688         700.058         409.075 
        0.39888         679.214         396.368 
       0.405048         668.828         383.836 
       0.411186         659.186         371.609 
       0.417313           645.6         359.862 
       0.423458          633.97         348.695 
       0.429607         625.022         338.196 
       0.435692         610.923         328.489 
       0.441815          605.81          319.31 
       0.447964         593.158         310.539 
       0.454126         584.765         302.076 
       0.460267         571.947         293.886 
       0.466387         565.523         285.897 
        0.47254         558.406         278.037 
       0.478662         554.984         270.443 
       0.484765         537.137         263.144 
       0.490885         533.289         256.124 
       0.497035         522.763         249.383 
       0.503198         518.157          242.95 
       0.509342         513.619          236.83 
       0.515458         509.439         230.975 
       0.521598         496.651         225.289 
       0.527764          488.04         219.746 
       0.533884         486.068         214.403 
           0.54         479.875         209.216 
       0.546137         477.252         204.162 
       0.552299         468.916         199.244 
       0.558452         466.334         194.503 
       0.564573         459.879         189.961 
       0.570708         453.538          185.58 
       0.576825         442.248         181.368 
       0.582926         442.311         177.306 
       0.589034         438.396          173.36 
       0.595184         434.566         169.502 
       0.601379         428.038         165.728 
       0.607522         422.099         162.095 
       0.613639         421.181         158.584 
       0.619772         411.673          155.17 
       0.625918         410.265         151.851 
       0.632068         403.936         148.629 
       0.638161          402.45         145.532 
         0.6443         395.518         142.504 
       0.650464         392.837         139.554 
       0.656582          390.09         136.712 
       0.662703         388.743          133.95 
       0.668861         381.948          131.25 
       0.675024         378.645         128.622 
       0.681124         375.789         126.093 
       0.687237         372.356         123.626 
       0.693381         367.177         121.212 
       0.699536         362.728          118.86 
       0.705665         360.801         116.579 
       0.711789         358.908         114.362 
       0.717957         355.851         112.187 
        0.72409         353.151         110.083 
       0.730186         348.713         108.046 
       0.736317         345.613          106.05 
       0.742472          343.93         104.098 
       0.748622         340.282         102.198 
        0.75476         336.378          100.35 
       0.760888         332.884         98.5504 
       0.767043         333.386         96.7886 
       0.773185         329.308         95.0738 
       0.779291          324.62         93.4105 
       0.785407         323.693          91.785 
       0.791564         319.708         90.1882 
       0.797719         317.332         88.6305 
       0.803834         314.461         87.1198 
       0.809972         313.644         85.6392 
       0.816124         312.925           84.19 
       0.822261         308.673         82.7786 
       0.828378         306.463          81.404 
       0.834502         303.985         80.0597 
       0.840667         301.239         78.7374 
       0.846816         299.728         77.4488 
       0.852925         297.766         76.1975 
       0.859047           295.7         74.9715 
       0.865192         292.192         73.7687 
       0.871341         290.059         72.5916 
       0.877463         288.998         71.4458 
       0.883569         287.323         70.3278 
       0.889708         284.381         69.2282 
       0.895864         282.178         68.1495 
       0.902008         280.381         67.0962 
       0.908149         278.478         66.0659 
       0.914301         275.419         65.0558 
       0.920448         273.904         64.0679 
       0.926574         270.971         63.1041 
       0.932687         271.246         62.1624 
       0.938823         268.124         61.2366 
       0.944975         267.262         60.3278 
       0.951105         265.185         59.4407 
       0.957225         263.358         58.5732 
       0.963368         260.009         57.7201 
       0.969511         259.048         56.8841 
       0.975621         256.801         56.0693 
       0.981748         256.492         55.2685 
       0.987916         254.518         54.4783 
        0.99406         251.033         53.7067 
        1.00019         250.748         52.9516 
        1.00632         249.193         52.2119 
        1.01246         247.095         51.4853 
        1.01859         247.475         50.7737 
        1.02471         243.466         50.0767 
        1.03085         241.929         49.3903 
        1.03698         241.039         48.7184 
        1.04314         238.606         48.0563 
        1.04929         237.136         47.4081 
        1.05541         237.561         46.7745 
        1.06154         233.881          46.151 
        1.06769         233.521          45.538 
        1.07382         231.769         44.9382 
        1.07993         230.103         44.3506 
        1.08607          229.51         43.7711 
        1.09222         227.673         43.2015 
        1.09836         226.004         42.6427 
        1.10449         223.717         42.0946 
        1.11063         221.933         41.5555 
        1.11677          221.61          41.026 
         1.1229         219.855         40.5068 
        1.12903         218.765         39.9962 
        1.13518         217.274          39.494 
        1.14131         215.511         39.0007 
        1.14745         215.419         38.5162 
        1.15359         213.452         38.0399 
        1.15973         211.919         37.5715 
        1.16584         210.405         37.1132 
        1.17197         210.335         36.6618 
        1.17811          207.88         36.2166 
        1.18424         206.815         35.7802 
        1.19038         206.253         35.3497 
        1.19652         204.537         34.9265 
        1.20267         204.062         34.5103 
        1.20881         202.193         34.1009 
        1.21495         201.071         33.6989 
        1.22108         199.848         33.3034 
         1.2272         198.406         32.9153 
        1.23334         197.708         32.5324 
        1.23949         196.174         32.1548 
        1.24562         195.319         31.7843 
        1.25174         193.881         31.4201 
        1.25789         192.547         31.0606 
        1.26402         191.035         30.7075 
        1.27014         189.832         30.3607 
        1.27628         189.104         30.0182 
        1.28244          188.96         29.6804 
        1.28858         186.787         29.3483 
        1.29471         185.426          29.022 
        1.30084         184.859          28.701 
        1.30697         183.327         28.3844 
        1.31312         182.032         28.0722 
        1.31925         181.378         27.7656 
        1.32537         180.632          27.464 
        1.33151         178.817         27.1658 
        1.33765         177.839         26.8722 
        1.34378          177.21         26.5835 
        1.34992         176.324         26.2989 
        1.35606         176.219         26.0179 
         1.3622         174.353         25.7414 
        1.36833         172.712         25.4697 
        1.37445         172.123          25.202 
        1.38059         170.791         24.9374 
        1.38675         170.258          24.676 
        1.39288         169.266         24.4193 
        1.39901         168.977         24.1665 
        1.40515         167.068         23.9166 
         1.4113         166.278         23.6704 
        1.41742         165.133         23.4287 
        1.42355          164.34         23.1898 
         1.4297         163.223         22.9536 
        1.43585         162.443         22.7208 
        1.44198         161.556         22.4921 
        1.44809         160.864          22.267 
        1.45423         159.961         22.0442 
        1.46036          158.82         21.8248 
        1.46649         157.761         21.6084 
        1.47263         156.815         21.3947 
        1.47877         156.012         21.1841 
        1.48491         154.525         20.9759 
        1.49104          154.49          20.771 
        1.49718         152.935         20.5687 
        1.50333         152.353         20.3687 
        1.50947         151.651         20.1718 
         1.5156         150.611         19.9779 
        1.52172         149.862         19.7865 
        1.52787         148.594         19.5972 
          1.534         148.193         19.4106 
        1.54013         147.249         19.2266 
        1.54627         146.446         19.0448 
        1.55241         145.449         18.8652 
        1.55855         144.616         18.6882 
        1.56467         143.728          18.514 
         1.5708         142.916         18.3415 
        1.57695         142.371          18.171 
        1.58308         141.626          18.003 
        1.58922         140.923         17.8371 
        1.59535         139.777         17.6733 
         1.6015         139.387         17.5113 
        1.60764         138.526         17.3515 
        1.61376         137.615         17.1941 
        1.61989         136.842         17.0385 
        1.62604          135.89         16.8846 
        1.63218         135.554         16.7326 
        1.63831          134.51         16.5828 
        1.64444         133.974         16.4349 
        1.65059         133.244         16.2884 
        1.65673         132.103         16.1438 
        1.66285         131.781         16.0014 
        1.66898         130.821         15.8607 
        1.67512         130.576         15.7214 
        1.68127         129.392         15.5837 
         1.6874         128.434         15.4479 
        1.69353         128.205         15.3138 
        1.69967          127.39          15.181 
        1.70581         126.639         15.0498 
        1.71193         125.911         14.9207 
        1.71806         125.364         14.7928 
        1.72421         124.561         14.6662 
        1.73035         124.407         14.5412 
        1.73649         123.439         14.4177 
        1.74262         122.548         14.2957 
        1.74876         122.157         14.1751 
        1.75489         121.222         14.0561 
        1.76101         120.463         13.9385 
        1.76715         119.996         13.8221 
        1.77329         119.658         13.7068 
        1.77943           118.6         13.5929 
        1.78557         118.177         13.4804 
        1.79171         117.345         13.3692 
        1.79785         116.719         13.2592 
        1.80399         115.996         13.1505 
        1.81012         115.503         13.0431 
        1.81625         114.921          12.937 
        1.82239         114.519          12.832 
        1.82853         113.696         12.7281 
        1.83466         112.961         12.6255 
        1.84078         112.567         12.5241 
        1.84692         111.607         12.4237 
        1.85306         111.391         12.3243 
         1.8592         110.634         12.2261 
        1.86533         109.753         12.1291 
        1.87147         109.347          12.033 
        1.87761         108.684         11.9378 
        1.88375         107.938         11.8439 
        1.88988         107.567          11.751 
        1.89601         106.857         11.6591 
        1.90215         106.359         11.5681 
        1.90829         105.832         11.4781 
        1.91442         105.278         11.3891 
        1.92056         104.564         11.3011 
         1.9267         104.283         11.2139 
        1.93284         103.688         11.1276 
        1.93897         102.998         11.0424 
        1.94509         102.589         10.9583 
        1.95123         101.977         10.8748 
        1.95737         101.485         10.7921 
        1.96349         100.917         10.7105 
        1.96964         100.047         10.6295 
        1.97578          99.601         10.5493 
        1.98192         99.4336         10.4702 
        1.98805         98.5793         10.3918 
        1.99419         98.3233         10.3142 
        2.00033          97.613         10.2373 
        2.00647         97.2722         10.1613 
         2.0126         96.5866         10.0862 
        2.01874         95.9916         10.0117 
        2.02488         95.6178         9.93794 
        2.03101         94.9225         9.86504 
        2.03714         94.3817         9.79294 
        2.04328         94.0629         9.72148 
        2.04941         93.5508         9.65079 
        2.05554         92.9705         9.58086 
        2.06167         92.6064         9.51153 
        2.06781         91.9492         9.44287 
        2.07396         91.5527          9.3748 
        2.08009          91.219         9.30751 
        2.08622         90.5782         9.24097 
        2.09237         90.0909         9.17494 
        2.09851         89.7035         9.10956 
        2.10464         89.2118         9.04491 
        2.11077          88.827         8.98098 
        2.11691         88.4396         8.91752 
        2.12305         87.7038         8.85467 
        2.12918         87.2201         8.79258 
        2.13531         86.9671         8.73107 
        2.14145         86.1923         8.67002 
         2.1476         85.7714         8.60948 
        2.15372         85.5133         8.54982 
        2.15985         85.0905         8.49066 
        2.16599         84.5276          8.4319 
        2.17213         84.1313         8.37375 
        2.17827         83.7105         8.31617 
         2.1844         83.1666         8.25918 
        2.19054         82.9588         8.20271 
        2.19666          82.448         8.14685 
         2.2028         82.0619         8.09145 
        2.20893         81.5762         8.03655 
        2.21508         81.1286          7.9821 
        2.22122         80.7124         7.92813 
        2.22736          80.355         7.87477 
        2.23349         79.9585         7.82192 
        2.23962         79.5232         7.76953 
        2.24577         79.1814         7.71757 
         2.2519         78.8188         7.66616 
        2.25802         78.2873         7.61531 
        2.26417         77.8645         7.56477 
        2.27031         77.5446         7.51465 
        2.27644         77.0301         7.46512 
        2.28257         76.6005         7.41605 
        2.28872         76.3328         7.36733 
        2.29486         75.7658         7.31906 
        2.30099         75.3519         7.27131 
        2.30712         75.1382         7.22398 
        2.31326         74.7394         7.17698 
         2.3194          74.303         7.13044 
        2.32553         73.9708         7.08438 
        2.33166         73.6118         7.03875 
         2.3378         73.0556         6.99346 
        2.34394         72.7614         6.94856 
        2.35007         72.4039         6.90411 
        2.35619         72.0838         6.86011 
        2.36233         71.6741         6.81638 
        2.36848         71.3051         6.77295 
        2.37462          70.827         6.72999 
        2.38075         70.6504         6.68744 
        2.38689         70.1892         6.64523 
        2.39303         69.7938         6.60338 
        2.39916         69.4604         6.56194 
        2.40529         69.2836         6.52086 
        2.41143         68.7535          6.4801 
        2.41757         68.5054         6.43967 
         2.4237         68.2214         6.39966 
        2.42983         67.7617         6.35999 
        2.43598         67.4227         6.32056 
        2.44211         67.1705         6.28152 
        2.44823         66.7961          6.2429 
        2.45437          66.305         6.20451 
        2.46052         66.0584          6.1664 
        2.46665         65.8279         6.12868 
        2.47279         65.3952         6.09129 
        2.47892         65.1317         6.05418 
        2.48507         64.6792         6.01735 
         2.4912         64.4086          5.9809 
        2.49733         64.2113         5.94478 
        2.50347         63.8141         5.90888 
        2.50961         63.5632         5.87328 
        2.51575         63.2018         5.83799 
        2.52188         62.8099         5.80304 
        2.52802         62.5157         5.76833 
        2.53416         62.2832          5.7339 
        2.54029          61.839         5.69981 
        2.54641         61.6141         5.66601 
        2.55255         61.2754         5.63245 
        2.55869         61.0071         5.59911 
        2.56483         60.7424         5.56608 
        2.57096         60.4142         5.53336 
        2.57709          60.047          5.5009 
        2.58323         59.6647         5.46866 
        2.58937         59.5954         5.43666 
        2.59551         59.2297         5.40496 
        2.60164         58.8513         5.37352 
        2.60778         58.6563          5.3423 
        2.61392         58.3685         5.31134 
        2.62006         58.0936         5.28064 
        2.62619         57.7869         5.25021 
        2.63232         57.4046         5.22001 
        2.63846         57.1646         5.19002 
        2.64459         56.8809          5.1603 
        2.65072         56.5883         5.13082 
        2.65686         56.3477         5.10156 
          2.663         56.0177         5.07248 
        2.66915         55.8294         5.04363 
        2.67527         55.4208         5.01507 
        2.68141         55.2177         4.98672 
        2.68755         55.0152         4.95856 
        2.69368         54.7953         4.93064 
        2.69981         54.5008         4.90297 
        2.70595         54.1442         4.87546 
        2.71209         53.9156         4.84814 
        2.71823         53.6838         4.82108 
        2.72436         53.4069         4.79423 
         2.7305         53.2114         4.76757 
        2.73663         52.9347         4.74111 
        2.74276         52.5679         4.71489 
         2.7489           52.35         4.68884 
        2.75504         52.1577         4.66296 
        2.76118         51.8613         4.63727 
        2.76732         51.5633         4.61181 
        2.77345         51.3375         4.58655 
        2.77959         51.1353         4.56147 
        2.78572         50.8197         4.53658 
        2.79186         50.5674         4.51189 
        2.79798          50.374         4.48741 
        2.80412         50.1033         4.46306 
        2.81027         49.7884         4.43887 
         2.8164         49.6135         4.41491 
        2.82253         49.3779         4.39113 
        2.82867         49.1625         4.36751 
        2.83481         48.9286         4.34406 
        2.84095         48.6169         4.32078 
        2.84708         48.4319         4.29771 
        2.85322         48.1578         4.27477 
        2.85935         48.0394         4.25201 
        2.86549         47.7373         4.22942 
        2.87162         47.5902           4.207 
        2.87776         47.3591         4.18475 
        2.88389         47.0699         4.16264 
        2.89003         46.8864         4.14071 
        2.89617         46.5473         4.11893 
        2.90231         46.3715          4.0973 
        2.90844         46.2025         4.07583 
        2.91458         45.9998         4.05452 
        2.92071         45.7567         4.03339 
        2.92684         45.5874         4.01239 
        2.93298         45.2833         3.99154 
         2.9391         45.1354         3.97087 
        2.94524         44.9357         3.95032 
        2.95138         44.7084          3.9299 
        2.95752         44.4524         3.90961 
        2.96367         44.3387         3.88946 
         2.9698         44.1364          3.8695 
        2.97594         43.9056         3.84965 
        2.98207         43.7283         3.82995 
        2.98821          43.475          3.8104 
        2.99434         43.2112         3.79099 
        3.00048         43.0616          3.7717 
        3.00662         42.8573         3.75254 
        3.01275          42.689         3.73354 
        3.01888         42.4672         3.71467 
        3.02503          42.264         3.69589 
        3.03117         42.0787         3.67726 
        3.03729         41.8905          3.6588 
        3.04342         41.6674         3.64045 
        3.04957         41.5033         3.62218 
         3.0557         41.3033         3.60407 
        3.06183         41.1151         3.58612 
        3.06796         40.8938         3.56826 
        3.07411         40.7177         3.55049 
        3.08025         40.5793         3.53287 
        3.08637         40.3245          3.5154 
         3.0925         40.2039         3.49802 
        3.09865         40.0197         3.48073 
         3.1048         39.8181         3.46357 
        3.11093         39.6237         3.44655 
        3.11706         39.4303         3.42965 
         3.1232         39.2647         3.41285 
        3.12933         39.0677         3.39615 
        3.13547         38.8462         3.37959 
        3.14159         38.7322         3.36315 
        3.14773          38.497         3.34679 
        3.15388         38.3878         3.33053 
        3.16001         38.1663          3.3144 
        3.16614          38.008         3.29839 
        3.17228         37.8274         3.28246 
        3.17842           37.66         3.26665 
        3.18455           37.51         3.25095 
        3.19068         37.3356         3.23535 
        3.19682         37.1487         3.21984 
        3.20297         36.9213         3.20443 
         3.2091         36.7629         3.18913 
        3.21524         36.5978         3.17393 
        3.22138         36.5071         3.15884 
         3.2275         36.3643         3.14386 
        3.23363         36.1718         3.12898 
        3.23977         35.9576         3.11417 
        3.24591         35.8427         3.09946 
        3.25205         35.6947         3.08484 
        3.25818         35.5005         3.07032 
        3.26432         35.3512          3.0559 
        3.27046         35.1552         3.04157 
         3.2766         35.0508         3.02733 
        3.28273         34.8982         3.01319 
        3.28887         34.6821         2.99914 
          3.295         34.5366         2.98518 
        3.30113         34.4097         2.97131 
        3.30727         34.2765         2.95753 
        3.31341         34.0886         2.94384 
        3.31954         33.9403         2.93024 
        3.32568          33.825         2.91671 
        3.33182          33.693         2.90327 
        3.33795         33.5113         2.88992 
        3.34409         33.3462         2.87665 
        3.35022         33.1823         2.86346 
        3.35636         33.0762         2.85037 
         3.3625         32.9091         2.83735 
        3.36864         32.7763         2.82441 
        3.37477         32.6122         2.81155 
        3.38091         32.4682         2.79878 
        3.38704         32.3243         2.78609 
        3.39318         32.2065         2.77347 
        3.39931         32.0389         2.76093 
        3.40545         31.9324         2.74848 
        3.41158         31.7716          2.7361 
        3.41772         31.6481         2.72379 
        3.42385         31.5237         2.71157 
        3.42998         31.3632         2.69942 
        3.43612         31.2092         2.68735 
        3.44226         31.1301         2.67534 
         3.4484         30.9513         2.66339 
        3.45453         30.8399         2.65154 
        3.46066         30.6681         2.63977 
        3.46681         30.5558         2.62804 
        3.47295         30.4158         2.61638 
        3.47908         30.2543         2.60483 
        3.48521         30.1295         2.59334 
        3.49135         30.0281          2.5819 
        3.49749         29.9003         2.57054 
        3.50362         29.7852         2.55925 
        3.50976         29.6137         2.54803 
        3.51589         29.5275         2.53687 
        3.52203         29.3714         2.52578 
        3.52816         29.2614         2.51478 
        3.53429         29.1648         2.50383 
        3.54043         29.0066         2.49292 
        3.54657         28.8881         2.48209 
        3.55271         28.7639         2.47134 
        3.55884          28.614         2.46065 
        3.56498         28.5434         2.45001 
        3.57112         28.3867         2.43943 
        3.57725         28.2576         2.42893 
        3.58338         28.1472          2.4185 
        3.58952         28.0207         2.40811 
        3.59566         27.8994         2.39778 
         3.6018         27.8056         2.38752 
        3.60793         27.6667         2.37732 
        3.61407         27.5271         2.36719 
        3.62021         27.4577         2.35711 
        3.62634         27.2966         2.34709 
        3.63247         27.1978         2.33713 
        3.63861         27.1069         2.32723 
        3.64475         26.9828         2.31737 
        3.65089         26.8643         2.30758 
        3.65702         26.7693         2.29786 
        3.66316         26.6418         2.28818 
        3.66929         26.5451         2.27857 
        3.67543          26.426         2.26901 
        3.68156         26.3347          2.2595 
        3.68769          26.194         2.25005 
        3.69383         26.0956         2.24065 
        3.69997         25.9582          2.2313 
        3.70611         25.8788         2.22201 
        3.71224          25.775         2.21277 
        3.71838         25.6631         2.20358 
        3.72451         25.5779         2.19445 
        3.73065         25.4298         2.18538 
        3.73678         25.3396         2.17635 
        3.74292         25.2317         2.16737 
        3.74906         25.1053         2.15844 
        3.75519         25.0535         2.14956 
        3.76133         24.9189         2.14074 
        3.76746         24.8111         2.13197 
         3.7736         24.7344         2.12324 
        3.77974         24.6317         2.11456 
        3.78588         24.5356         2.10593 
        3.79201         24.4257         2.09735 
        3.79814         24.3127         2.08882 
        3.80428           24.24         2.08034 
        3.81042         24.1238         2.07189 
        3.81655         24.0389          2.0635 
        3.82268         23.9315         2.05517 
        3.82882         23.8221         2.04687 
        3.83496         23.7165         2.03862 
        3.84109         23.6358         2.03041 
        3.84723         23.5208         2.02225 
        3.85337         23.4524         2.01413 
        3.85951         23.3579         2.00605 
        3.86565         23.2403         1.99802 
        3.87178         23.1356         1.99005 
        3.87791         23.0706         1.98212 
        3.88405         22.9857         1.97422 
        3.89019         22.8947         1.96636 
        3.89632         22.7569         1.95856 
        3.90246         22.6836         1.95079 
         3.9086           22.59         1.94306 
        3.91473         22.5302         1.93539 
        3.92086          22.397         1.92776 
        3.92699         22.3261         1.92016 
        3.93313         22.2466          1.9126 
        3.93927         22.1512         1.90508 
         3.9454           22.07         1.89761 
        3.95154         21.9556         1.89017 
        3.95768         21.8794         1.88277 
        3.96382         21.8176         1.87541 
        3.96995         21.7118          1.8681 
        3.97609         21.6151         1.86082 
        3.98222         21.5284         1.85359 
        3.98836         21.4709         1.84639 
         3.9945         21.3578         1.83923 
        4.00063         21.2707         1.83211 
        4.00677         21.2134         1.82502 
        4.01291          21.098         1.81797 
        4.01904         21.0342         1.81097 
        4.02517         20.9238           1.804 
        4.03131         20.8721         1.79706 
        4.03745         20.7736         1.79016 
        4.04358          20.693          1.7833 
        4.04972         20.6123         1.77648 
        4.05585         20.5406         1.76969 
        4.06199         20.4411         1.76293 
        4.06812         20.3764         1.75622 
        4.07426         20.2837         1.74953 
         4.0804         20.1971         1.74288 
        4.08654         20.1391         1.73626 
        4.09267         20.0691         1.72969 
         4.0988         19.9811         1.72315 
        4.10494         19.9148         1.71664 
        4.11108         19.8076         1.71016 
        4.11721         19.7661         1.70372 
        4.12334         19.6529         1.69731 
        4.12948         19.5684         1.69094 
        4.13561         19.5393         1.68459 
        4.14176         19.4319         1.67828 
        4.14789         19.3638           1.672 
        4.15403         19.2752         1.66575 
        4.16016         19.2199         1.65954 
         4.1663         19.1588         1.65336 
        4.17243         19.0708         1.64721 
        4.17857         18.9779         1.64109 
        4.18471         18.9092           1.635 
        4.19084         18.8676         1.62894 
        4.19698         18.7753         1.62292 
        4.20312         18.7093         1.61692 
        4.20925         18.6478         1.61096 
        4.21538         18.5596         1.60503 
        4.22152         18.4732         1.59912 
        4.22766         18.4178         1.59324 
         4.2338         18.3383          1.5874 
        4.23993         18.2992         1.58158 
        4.24607         18.1903          1.5758 
         4.2522         18.1471         1.57004 
        4.25834         18.0719         1.56431 
        4.26447          18.004         1.55861 
        4.27061           17.95         1.55294 
        4.27674         17.8765          1.5473 
        4.28288         17.7972         1.54168 
        4.28902         17.7422          1.5361 
        4.29515         17.6555         1.53054 
        4.30129         17.6062         1.52501 
        4.30743         17.5312          1.5195 
        4.31356         17.4699         1.51402 
        4.31969         17.4151         1.50858 
        4.32583          17.351         1.50316 
        4.33197         17.2738         1.49776 
         4.3381         17.2143         1.49239 
        4.34424         17.1537         1.48705 
        4.35038         17.1105         1.48172 
        4.35652         17.0229         1.47643 
        4.36265         16.9504         1.47117 
        4.36878          16.887         1.46594 
        4.37492         16.8366         1.46072 
        4.38106         16.7814         1.45553 
        4.38719         16.7148         1.45037 
        4.39333         16.6695         1.44524 
        4.39946          16.576         1.44012 
         4.4056         16.5274         1.43504 
        4.41173         16.4507         1.42997 
        4.41786         16.4089         1.42494 
          4.424         16.3669         1.41993 
        4.43014         16.2985         1.41493 
        4.43628         16.2298         1.40996 
        4.44241          16.173         1.40503 
        4.44855         16.1083         1.40011 
        4.45469         16.0606         1.39521 
        4.46083         15.9996         1.39034 
        4.46696         15.9484          1.3855 
        4.47309         15.8823         1.38067 
        4.47923         15.8256         1.37587 
        4.48537         15.7648         1.37109 
         4.4915         15.7105         1.36634 
        4.49764         15.6517         1.36161 
        4.50378         15.5953         1.35689 
        4.50991         15.5385         1.35221 
        4.51604         15.4886         1.34755 
        4.52218         15.4284          1.3429 
        4.52832         15.3789         1.33828 
        4.53445         15.3349         1.33369 
        4.54059         15.2725         1.32911 
        4.54673         15.2129         1.32455 
        4.55286          15.165         1.32001 
          4.559         15.0947          1.3155 
        4.56513         15.0472         1.31101 
        4.57127         15.0012         1.30654 
        4.57741         14.9517         1.30209 
        4.58354         14.8953         1.29766 
        4.58968         14.8453         1.29326 
        4.59582         14.7769         1.28887 
        4.60195         14.7506          1.2845 
        4.60809          14.679         1.28016 
        4.61422         14.6388         1.27583 
        4.62036          14.587         1.27152 
        4.62649         14.5344         1.26724 
        4.63263          14.475         1.26297 
        4.63876         14.4399         1.25873 
         4.6449         14.3719          1.2545 
        4.65104         14.3188         1.25029 
        4.65717         14.2829          1.2461 
        4.66331         14.2276         1.24193 
        4.66944         14.1866         1.23778 
        4.67558         14.1262         1.23366 
        4.68171         14.0754         1.22954 
        4.68785         14.0237         1.22545 
        4.69399          13.979         1.22137 
        4.70012         13.9408         1.21732 
        4.70625         13.8809         1.21329 
        4.71239         13.8369         1.20927 
        4.71853         13.7943         1.20527 
        4.72467         13.7466         1.20128 
         4.7308         13.6933         1.19732 
        4.73694         13.6439         1.19337 
        4.74308         13.6087         1.18944 
        4.74922         13.5663         1.18553 
        4.75535         13.5103         1.18164 
        4.76148         13.4593         1.17777 
        4.76762         13.4139         1.17391 
        4.77376         13.3758         1.17007 
        4.77989         13.3333         1.16625 
        4.78602         13.2871         1.16244 
        4.79216         13.2459         1.15865 
         4.7983         13.2024         1.15488 
        4.80443         13.1636         1.15113 
        4.81056          13.116         1.14739 
         4.8167         13.0668         1.14366 
        4.82284          13.025         1.13996 
        4.82898         12.9925         1.13627 
        4.83511         12.9463          1.1326 
        4.84125         12.8968         1.12894 
        4.84739         12.8478          1.1253 
        4.85352         12.7888         1.12168 
        4.85965         12.7705         1.11807 
        4.86579         12.7246         1.11448 
        4.87193         12.6803          1.1109 
        4.87807          12.634         1.10734 
         4.8842         12.6068          1.1038 
        4.89034         12.5725         1.10027 
        4.89647          12.513         1.09675 
        4.90261         12.4835         1.09326 
        4.90874         12.4388         1.08977 
        4.91488         12.4033         1.08631 
        4.92102          12.368         1.08285 
        4.92715         12.3152         1.07942 
        4.93329         12.2807         1.07599 
        4.93942         12.2357         1.07259 
        4.94556         12.1958         1.06919 
         4.9517         12.1722         1.06581 
        4.95783         12.1255         1.06245 
        4.96397         12.0874          1.0591 
        4.97011         12.0536         1.05577 
        4.97624         12.0086         1.05245 
        4.98238         11.9747         1.04914 
        4.98851           11.93         1.04585 
        4.99465         11.8989         1.04258 
        5.00078         11.8627         1.03931 
        5.00691         11.8158         1.03607 
        5.01305         11.7783         1.03283 
        5.01919         11.7497         1.02961 
        5.02533         11.7143          1.0264 
        5.03146         11.6726         1.02321 
         5.0376         11.6395         1.02003 
        5.04374         11.5962         1.01686 
        5.04987         11.5711         1.01371 
        5.05601         11.5322         1.01057 
        5.06215          11.493         1.00744 
        5.06829         11.4497         1.00433 
        5.07442         11.4212         1.00123 
        5.08055         11.3935        0.998148 
        5.08668         11.3484        0.995074 
        5.09282         11.3105        0.992012 
        5.09896         11.2816        0.988966 
        5.10509         11.2473        0.985934 
        5.11123         11.2173        0.982912 
        5.11736          11.186        0.979903 
         5.1235         11.1386        0.976906 
        5.12964         11.1157        0.973922 
        5.13577         11.0797         0.97095 
        5.14191         11.0476        0.967991 
        5.14804         11.0202        0.965048 
        5.15418         10.9862        0.962114 
        5.16032         10.9563        0.959191 
        5.16645         10.9193         0.95628 
        5.17259         10.8906        0.953384 
        5.17872         10.8496        0.950499 
        5.18486         10.8158        0.947624 
          5.191         10.7841        0.944761 
        5.19713         10.7566        0.941914 
        5.20327         10.7285        0.939076 
        5.20941         10.6929        0.936248 
        5.21555         10.6625        0.933431 
        5.22168         10.6299         0.93063 
        5.22781         10.6049         0.92784 
        5.23395         10.5741        0.925061 
        5.24009         10.5384        0.922291 
        5.24622         10.5087        0.919534 
        5.25236         10.4864         0.91679 
         5.2585         10.4444        0.914054 
        5.26463         10.4275         0.91133 
        5.27077         10.3895        0.908618 
         5.2769          10.358        0.905918 
        5.28304         10.3329        0.903229 
        5.28917           10.31        0.900551 
         5.2953         10.2741        0.897884 
        5.30144         10.2357        0.895227 
        5.30757         10.2174         0.89258 
        5.31371         10.1794        0.889943 
        5.31985         10.1598        0.887317 
        5.32599         10.1293        0.884701 
        5.33213         10.1065        0.882096 
        5.33826         10.0761        0.879503 
         5.3444         10.0462         0.87692 
        5.35053         10.0189        0.874348 
        5.35667         9.98928        0.871785 
        5.36281         9.96495        0.869232 
        5.36894         9.93701         0.86669 
        5.37507         9.91281         0.86416 
        5.38121         9.88724        0.861637 
        5.38735         9.85821        0.859125 
        5.39348         9.83663        0.856625 
        5.39961         9.81504        0.854135 
        5.40575          9.7718        0.851652 
        5.41189         9.75747        0.849179 
        5.41803         9.72888        0.846717 
        5.42416         9.71043        0.844265 
         5.4303         9.68151        0.841822 
        5.43644         9.65871        0.839389 
        5.44257         9.63294        0.836967 
        5.44871         9.59904        0.834553 
        5.45484         9.57586        0.832148 
        5.46098         9.55919        0.829754 
        5.46712          9.5334        0.827368 
        5.47325         9.50038        0.824992 
        5.47938         9.48856        0.822628 
        5.48552          9.4647        0.820272 
        5.49165         9.43571        0.817924 
        5.49779         9.41605        0.815586 
        5.50393          9.3912        0.813256 
        5.51006         9.36988        0.810934 
         5.5162         9.34454        0.808623 
        5.52234         9.31412        0.806321 
        5.52847         9.29355        0.804027 
        5.53461         9.26957        0.801742 
        5.54075         9.25645        0.799468 
        5.54688          9.2342        0.797202 
        5.55302         9.21524        0.794943 
        5.55915         9.18596        0.792695 
        5.56529         9.16105        0.790455 
        5.57143         9.14092        0.788223 
        5.57756         9.12471           0.786 
         5.5837         9.09514        0.783786 
        5.58983         9.07575        0.781582 
        5.59597         9.05559        0.779385 
         5.6021         9.03404        0.777196 
        5.60824         9.01342        0.775015 
        5.61438         8.98699        0.772844 
        5.62051         8.98063        0.770681 
        5.62665         8.95774        0.768525 
        5.63278         8.92587        0.766379 
        5.63892         8.91276        0.764241 
        5.64505         8.89032        0.762111 
        5.65119         8.87112        0.759989 
        5.65733         8.85245        0.757875 
        5.66346         8.84206        0.755769 
         5.6696         8.80887        0.753671 
        5.67573          8.7992        0.751582 
        5.68187          8.7773          0.7495 
          5.688         8.75724        0.747427 
        5.69414         8.73289        0.745361 
        5.70028         8.71789        0.743302 
        5.70642         8.70476        0.741251 
        5.71255         8.67775        0.739208 
        5.71869         8.65706        0.737174 
        5.72482         8.65191        0.735148 
        5.73096         8.63081        0.733128 
        5.73709         8.61718        0.731118 
        5.74322         8.59403        0.729115 
        5.74936         8.57112        0.727117 
         5.7555         8.56268        0.725127 
        5.76164         8.54039        0.723146 
        5.76777         8.52514        0.721173 
        5.77391         8.50682        0.719205 
        5.78005         8.48969        0.717245 
        5.78618         8.46996        0.715294 
        5.79231         8.46731        0.713352 
        5.79845         8.44535        0.711413 
        5.80459         8.42231        0.709482 
        5.81073         8.41419         0.70756 
        5.81686         8.39121        0.705645 
          5.823         8.37893        0.703736 
        5.82914         8.35644        0.701834 
        5.83527         8.35126        0.699941 
         5.8414         8.33118        0.698055 
        5.84754         8.31951        0.696174 
        5.85368         8.30718          0.6943 
        5.85981         8.28923        0.692434 
        5.86595         8.26995        0.690575 
        5.87208         8.25279        0.688723 
        5.87822         8.25463        0.686878 
        5.88435         8.23391        0.685041 
        5.89049         8.22731        0.683208 
        5.89662         8.20651        0.681383 
        5.90276         8.19589        0.679564 
         5.9089         8.17717        0.677751 
        5.91503         8.17045        0.675948 
        5.92117         8.14842        0.674149 
        5.92731         8.14587        0.672356 
        5.93344         8.12522        0.670571 
        5.93958         8.12093        0.668793 
        5.94572         8.10535         0.66702 
        5.95186         8.08641        0.665253 
        5.95799         8.07652        0.663495 
        5.96412         8.06962        0.661743 
        5.97026         8.04959        0.659996 
         5.9764         8.04435        0.658256 
        5.98253         8.03188        0.656524 
        5.98866         8.02083        0.654797 
         5.9948         8.00667        0.653074 
        6.00094         7.99026         0.65136 
        6.00707         7.98111        0.649651 
        6.01321         7.97992        0.647948 
        6.01935         7.96345        0.646252 
        6.02548         7.96085        0.644561 
        6.03162         7.94373        0.642878 
        6.03775         7.93389        0.641201 
        6.04389         7.92381        0.639529 
        6.05003         7.91378        0.637861 
        6.05617         7.90687          0.6362 
         6.0623         7.89733        0.634546 
        6.06844         7.89059        0.632898 
        6.07457         7.87804        0.631257 
         6.0807         7.86573        0.629621 
        6.08684         7.85684        0.627991 
        6.09298          7.8504        0.626366 
        6.09912         7.84293        0.624746 
        6.10525         7.83277        0.623134 
        6.11138         7.81827        0.621526 
        6.11752         7.81862        0.619924 
        6.12366         7.81035        0.618328 
        6.12979         7.80611        0.616739 
        6.13593         7.79469        0.615154 
        6.14207         7.78961        0.613574 
         6.1482          7.7799           0.612 
        6.15434         7.77179        0.610433 
        6.16047         7.77278        0.608871 
        6.16661         7.76324        0.607314 
        6.17274         7.75938        0.605763 
        6.17887          7.7488        0.604217 
        6.18501         7.74786        0.602677 
        6.19115         7.74122        0.601141 
        6.19729         7.73155         0.59961 
        6.20342         7.72666        0.598086 
        6.20956         7.71645        0.596567 
         6.2157         7.71499        0.595052 
        6.22183          7.7102        0.593543 
        6.22797         7.71047         0.59204 
         6.2341         7.70148        0.590543 
        6.24024         7.70009        0.589049 
        6.24638         7.68819         0.58756 
        6.25251         7.69298        0.586078 
        6.25865         7.69052        0.584601 
        6.26478         7.68083        0.583128 
        6.27092         7.67941        0.581661 
        6.27705         7.66931          0.5802 
        6.28318         7.66744        0.578743 
