# k  (h/Mpc)    P(k)  (Mpc/h)^3    P_linear(k)  (Mpc/h)^3
     0.00783031         10785.2         10950.8 
       0.013688         13526.4         13453.5 
       0.019231         13558.7         13550.3 
      0.0249154         12231.1         12454.6 
      0.0312784         10620.3         10717.2 
      0.0375637         9088.13         9086.26 
      0.0433917         7785.98         7898.87 
      0.0492413         7012.27         7051.88 
      0.0555754            6270         6433.11 
      0.0619321         5988.96          5977.9 
       0.067871         5452.46         5581.31 
      0.0738098         5024.03         5143.08 
      0.0800417         4480.28         4626.59 
      0.0862327         4017.52         4094.18 
      0.0921407         3614.64         3621.73 
      0.0982031         3199.63          3216.9 
       0.104506         2971.49          2901.7 
       0.110769         2746.46         2686.58 
       0.116806         2583.77         2544.56 
       0.122832         2475.18          2432.8 
       0.129052         2309.83         2316.91 
       0.135211         2184.87         2181.94 
       0.141259         2070.91         2026.92 
       0.147318         1929.89         1859.93 
       0.153489         1755.83         1695.03 
       0.159709         1644.12         1550.13 
       0.165845         1566.09         1436.75 
       0.171974         1473.84         1352.96 
       0.178125          1406.4         1291.78 
       0.184229         1353.01          1243.6 
        0.19034         1272.72         1197.65 
       0.196428         1247.96         1146.87 
       0.202534         1201.87         1088.26 
       0.208729         1137.68         1022.84 
       0.214876          1076.8         956.893 
       0.220989         1036.29          895.68 
       0.227147         983.566         842.426 
        0.23329         942.727         799.209 
       0.239377         923.159          765.19 
       0.245482         863.566         737.235 
       0.251667         857.277         711.876 
       0.257832         825.587         686.567 
       0.263955         797.838         659.686 
       0.270079          767.98         630.823 
        0.27624         757.571         600.745 
       0.282372          725.21         571.417 
        0.28843         709.449         544.527 
       0.294538         673.813         520.517 
       0.300721         669.916         499.605 
        0.30691          639.92         481.583 
       0.313033         627.462          465.71 
       0.319153         609.842         450.749 
       0.325316         591.639         435.779 
        0.33145         575.029         420.557 
       0.337538         566.863         405.147 
       0.343633         549.294          389.76 
       0.349808         530.413         374.688 
       0.355968         525.868         360.633 
       0.362074          516.57         347.879 
       0.368217         502.061         336.285 
       0.374374          481.32         325.691 
       0.380519         478.548         315.849 
       0.386598         466.356         306.537 
       0.392688         463.592         297.374 
        0.39888         450.086         288.137 
       0.405048         440.945         279.026 
       0.411186         433.154         270.139 
       0.417313         424.872         261.598 
       0.423458         417.022         253.481 
       0.429607         409.252         245.848 
       0.435692         399.318         238.793 
       0.441815         396.093          232.12 
       0.447964         387.887         225.744 
       0.454126         377.291         219.592 
       0.460267         371.527         213.637 
       0.466387         367.249          207.83 
        0.47254         359.828         202.117 
       0.478662         358.797         196.596 
       0.484765         347.022          191.29 
       0.490885         343.444         186.187 
       0.497035         337.483         181.286 
       0.503198         331.741          176.61 
       0.509342         329.092         172.161 
       0.515458         325.221         167.905 
       0.521598         318.276         163.772 
       0.527764         313.013         159.742 
       0.533884         310.487         155.858 
           0.54         306.033         152.088 
       0.546137         304.689         148.413 
       0.552299         298.299         144.839 
       0.558452         296.256         141.392 
       0.564573         291.703          138.09 
       0.570708         286.318         134.905 
       0.576825         281.635         131.843 
       0.582926         279.143          128.89 
       0.589034          276.44         126.023 
       0.595184         273.691         123.217 
       0.601379          270.45         120.474 
       0.607522         265.864         117.833 
       0.613639         264.469         115.281 
       0.619772         258.439         112.799 
       0.625918         257.281         110.386 
       0.632068         253.434         108.044 
       0.638161         252.339         105.793 
         0.6443         248.115         103.592 
       0.650464         245.754         101.447 
       0.656582         244.025         99.3812 
       0.662703          242.39         97.3733 
       0.668861         238.032         95.4103 
       0.675024         235.337         93.5002 
       0.681124          234.29         91.6615 
       0.687237         231.286         89.8681 
       0.693381         227.814         88.1139 
       0.699536         226.043         86.4035 
       0.705665         224.532          84.746 
       0.711789         221.886         83.1339 
       0.717957         220.786         81.5532 
        0.72409           218.2         80.0232 
       0.730186         215.619         78.5424 
       0.736317         213.387         77.0916 
       0.742472         212.333         75.6728 
       0.748622         210.453         74.2914 
        0.75476           208.7         72.9479 
       0.760888         205.921           71.64 
       0.767043         205.726         70.3593 
       0.773185         203.309         69.1127 
       0.779291         199.621         67.9036 
       0.785407         199.161         66.7219 
       0.791564         197.248         65.5612 
       0.797719         194.733         64.4288 
       0.803834         193.725         63.3306 
       0.809972         192.336         62.2543 
       0.816124         192.128         61.2009 
       0.822261         189.477         60.1748 
       0.828378         187.807         59.1756 
       0.834502         187.509         58.1984 
       0.840667         184.633         57.2371 
       0.846816         183.223         56.3004 
       0.852925           182.5         55.3908 
       0.859047         180.604         54.4996 
       0.865192         178.993         53.6252 
       0.871341          177.42         52.7695 
       0.877463         176.155         51.9366 
       0.883569         175.411         51.1239 
       0.889708         173.716         50.3246 
       0.895864         171.657         49.5404 
       0.902008         170.975         48.7747 
       0.908149         170.319         48.0258 
       0.914301          168.26         47.2915 
       0.920448         167.018         46.5733 
       0.926574         166.125         45.8727 
       0.932687         165.813         45.1881 
       0.938823         163.651         44.5152 
       0.944975         162.171         43.8545 
       0.951105         161.561         43.2097 
       0.957225         159.916          42.579 
       0.963368         158.138         41.9589 
       0.969511         157.737         41.3512 
       0.975621         156.678         40.7588 
       0.981748         156.269         40.1767 
       0.987916         154.468         39.6023 
        0.99406         153.276         39.0414 
        1.00019         153.101         38.4925 
        1.00632         151.591         37.9547 
        1.01246         150.682         37.4265 
        1.01859         149.789         36.9093 
        1.02471         148.447         36.4026 
        1.03085         146.956         35.9037 
        1.03698         146.413         35.4152 
        1.04314         145.102         34.9339 
        1.04929         144.195         34.4627 
        1.05541         143.683         34.0021 
        1.06154         142.632         33.5488 
        1.06769         142.516         33.1032 
        1.07382         141.225         32.6672 
        1.07993         140.017         32.2401 
        1.08607         139.174         31.8188 
        1.09222         138.663         31.4048 
        1.09836          137.43         30.9986 
        1.10449         136.247         30.6001 
        1.11063         135.296         30.2082 
        1.11677         135.028         29.8233 
         1.1229         133.669         29.4459 
        1.12903         133.006         29.0747 
        1.13518           132.8         28.7096 
        1.14131          131.42         28.3511 
        1.14745         130.893         27.9989 
        1.15359         129.968         27.6526 
        1.15973         129.538         27.3121 
        1.16584         128.134         26.9789 
        1.17197         127.618         26.6508 
        1.17811         126.929         26.3272 
        1.18424         126.289         26.0099 
        1.19038         125.859          25.697 
        1.19652         124.896         25.3894 
        1.20267         124.124         25.0868 
        1.20881         123.155         24.7892 
        1.21495         122.591         24.4969 
        1.22108         121.996         24.2095 
         1.2272         120.863         23.9273 
        1.23334         120.403          23.649 
        1.23949         119.383         23.3745 
        1.24562         118.936         23.1051 
        1.25174         117.854         22.8404 
        1.25789          117.44         22.5791 
        1.26402         116.734         22.3224 
        1.27014         116.055         22.0703 
        1.27628         115.503         21.8213 
        1.28244          114.94         21.5758 
        1.28858         114.531         21.3343 
        1.29471         113.273         21.0971 
        1.30084         112.952         20.8638 
        1.30697         112.175         20.6337 
        1.31312         111.823         20.4067 
        1.31925         110.838         20.1839 
        1.32537         110.409         19.9646 
        1.33151         109.365         19.7478 
        1.33765         109.057         19.5344 
        1.34378           108.4         19.3245 
        1.34992         108.157         19.1176 
        1.35606         107.421         18.9133 
         1.3622         106.541         18.7124 
        1.36833         106.122         18.5148 
        1.37445          105.43         18.3203 
        1.38059         104.951         18.1279 
        1.38675         104.187         17.9378 
        1.39288         103.838         17.7513 
        1.39901         103.425         17.5675 
        1.40515         102.649         17.3859 
         1.4113         101.903         17.2069 
        1.41742         101.717         17.0311 
        1.42355         100.925         16.8575 
         1.4297         100.459         16.6858 
        1.43585         99.6558         16.5166 
        1.44198         99.3942         16.3503 
        1.44809         98.7106         16.1867 
        1.45423         98.1362         16.0247 
        1.46036         97.9212         15.8653 
        1.46649         97.2157         15.7079 
        1.47263         96.6662         15.5526 
        1.47877         96.4295         15.3995 
        1.48491         95.4903         15.2481 
        1.49104         95.2712         15.0992 
        1.49718         94.5651         14.9521 
        1.50333         94.1499         14.8068 
        1.50947         93.6804         14.6636 
         1.5156         93.1162         14.5226 
        1.52172         92.5761         14.3835 
        1.52787         92.2819         14.2459 
          1.534         91.6348         14.1103 
        1.54013         91.0839         13.9765 
        1.54627         90.7714         13.8443 
        1.55241         90.1786         13.7138 
        1.55855         89.8544         13.5851 
        1.56467          89.406         13.4585 
         1.5708         88.8001         13.3331 
        1.57695         88.7078         13.2091 
        1.58308         87.7611          13.087 
        1.58922         87.6993         12.9664 
        1.59535            87.2         12.8473 
         1.6015         86.6042         12.7296 
        1.60764          86.194         12.6134 
        1.61376         85.9573          12.499 
        1.61989         85.3034         12.3859 
        1.62604         85.0722          12.274 
        1.63218         84.5908         12.1635 
        1.63831         83.8487         12.0547 
        1.64444         83.6214         11.9471 
        1.65059         83.1239         11.8406 
        1.65673         82.5287         11.7355 
        1.66285         82.3193          11.632 
        1.66898          81.794         11.5297 
        1.67512         81.3603         11.4285 
        1.68127         81.0147         11.3283 
         1.6874         80.5859         11.2296 
        1.69353         80.1476         11.1322 
        1.69967         79.6318         11.0356 
        1.70581         79.4799         10.9403 
        1.71193         79.1886         10.8464 
        1.71806         78.5348         10.7534 
        1.72421         78.1521         10.6614 
        1.73035         77.7613         10.5705 
        1.73649         77.3992         10.4807 
        1.74262         77.0125         10.3921 
        1.74876         76.6852         10.3044 
        1.75489         76.0696         10.2179 
        1.76101         75.8992         10.1324 
        1.76715         75.3894         10.0478 
        1.77329         75.1378           9.964 
        1.77943           74.57         9.88117 
        1.78557         74.4404         9.79941 
        1.79171         73.8898         9.71855 
        1.79785         73.5614          9.6386 
        1.80399         73.3004         9.55957 
        1.81012         73.0106         9.48153 
        1.81625         72.4354          9.4044 
        1.82239         72.1776         9.32801 
        1.82853         71.8923         9.25252 
        1.83466         71.4861         9.17793 
        1.84078         71.2082         9.10425 
        1.84692         70.6328         9.03126 
        1.85306         70.3371         8.95898 
         1.8592         69.9352         8.88761 
        1.86533           69.66         8.81706 
        1.87147         69.1847         8.74719 
        1.87761         68.9568         8.67805 
        1.88375         68.5836         8.60975 
        1.88988         68.3275         8.54225 
        1.89601         67.8977         8.47544 
        1.90215         67.5986         8.40929 
        1.90829         67.3436         8.34388 
        1.91442         66.9619         8.27916 
        1.92056         66.4437         8.21518 
         1.9267         66.3188         8.15182 
        1.93284         65.8539         8.08908 
        1.93897         65.5036         8.02713 
        1.94509          65.231         7.96596 
        1.95123         64.9197         7.90527 
        1.95737         64.7091         7.84518 
        1.96349         64.1876         7.78586 
        1.96964         64.0272         7.72699 
        1.97578         63.7416          7.6687 
        1.98192         63.4015         7.61113 
        1.98805         63.1929         7.55415 
        1.99419         62.6984         7.49775 
        2.00033          62.451          7.4419 
        2.00647         62.2137         7.38664 
         2.0126         61.7153         7.33203 
        2.01874         61.4636         7.27789 
        2.02488         61.2695         7.22425 
        2.03101         60.9973         7.17126 
        2.03714         60.6107         7.11884 
        2.04328          60.411         7.06689 
        2.04941         60.0469         7.01551 
        2.05554         59.7651         6.96467 
        2.06167         59.4566         6.91427 
        2.06781         59.2084         6.86437 
        2.07396         58.8534         6.81488 
        2.08009         58.6686         6.76597 
        2.08622         58.3819          6.7176 
        2.09237         58.0051          6.6696 
        2.09851         57.8743         6.62207 
        2.10464         57.4767         6.57508 
        2.11077         57.1576          6.5286 
        2.11691         56.9054         6.48247 
        2.12305         56.6853         6.43678 
        2.12918         56.4142         6.39164 
        2.13531         56.0621         6.34694 
        2.14145         55.8219         6.30255 
         2.1476         55.6172         6.25854 
        2.15372         55.3155         6.21517 
        2.15985         55.0179         6.17217 
        2.16599         54.7439         6.12945 
        2.17213         54.5436         6.08719 
        2.17827         54.2523         6.04533 
         2.1844         53.9358          6.0039 
        2.19054         53.6519         5.96285 
        2.19666         53.4098         5.92224 
         2.2028         53.3181         5.88197 
        2.20893         53.0575         5.84206 
        2.21508         52.7342         5.80248 
        2.22122         52.5045         5.76324 
        2.22736         52.2979         5.72446 
        2.23349         52.0283         5.68604 
        2.23962         51.6646         5.64795 
        2.24577         51.4118         5.61018 
         2.2519         51.1249         5.57281 
        2.25802          51.046         5.53584 
        2.26417         50.6892         5.49911 
        2.27031         50.5265         5.46267 
        2.27644         50.3002         5.42667 
        2.28257         49.9937           5.391 
        2.28872          49.707         5.35558 
        2.29486          49.567         5.32049 
        2.30099         49.3456         5.28578 
        2.30712         49.1145         5.25137 
        2.31326         48.8024         5.21721 
         2.3194         48.5501         5.18337 
        2.32553         48.3112         5.14989 
        2.33166         48.1165         5.11672 
         2.3378         47.8604          5.0838 
        2.34394         47.5852         5.05116 
        2.35007         47.3266         5.01885 
        2.35619         47.1854         4.98686 
        2.36233         47.0813         4.95508 
        2.36848         46.7407          4.9235 
        2.37462         46.5351         4.89227 
        2.38075         46.3415         4.86134 
        2.38689         46.1401         4.83066 
        2.39303         45.9184         4.80024 
        2.39916          45.716         4.77011 
        2.40529         45.5032         4.74025 
        2.41143         45.2938         4.71062 
        2.41757         45.0239         4.68123 
         2.4237          44.915         4.65215 
        2.42983         44.6441         4.62331 
        2.43598         44.3981         4.59464 
        2.44211         44.2492         4.56627 
        2.44823         43.9978          4.5382 
        2.45437         43.8142         4.51028 
        2.46052         43.4975         4.48258 
        2.46665         43.3639         4.45516 
        2.47279         43.2128         4.42798 
        2.47892         43.0193         4.40101 
        2.48507         42.7583         4.37423 
         2.4912         42.6299         4.34774 
        2.49733         42.3513         4.32147 
        2.50347         42.1287         4.29538 
        2.50961         41.9997          4.2695 
        2.51575         41.8386         4.24385 
        2.52188         41.5406         4.21844 
        2.52802         41.4376         4.19321 
        2.53416         41.3098         4.16818 
        2.54029         41.0758          4.1434 
        2.54641         40.8504         4.11883 
        2.55255          40.696         4.09443 
        2.55869         40.4868          4.0702 
        2.56483         40.2991         4.04619 
        2.57096         40.0689          4.0224 
        2.57709         39.8872          3.9988 
        2.58323         39.7464         3.97537 
        2.58937          39.514         3.95211 
        2.59551         39.3482         3.92906 
        2.60164         39.2131         3.90621 
        2.60778         39.0016         3.88352 
        2.61392          38.827         3.86101 
        2.62006         38.6247         3.83869 
        2.62619         38.4764         3.81657 
        2.63232         38.2518         3.79462 
        2.63846          38.094         3.77281 
        2.64459         37.9632         3.75121 
        2.65072         37.7539         3.72978 
        2.65686         37.4829         3.70851 
          2.663         37.3814         3.68737 
        2.66915         37.2837          3.6664 
        2.67527         37.0867         3.64564 
        2.68141         36.9064         3.62503 
        2.68755         36.8196         3.60456 
        2.69368         36.5376         3.58426 
        2.69981         36.4372         3.56415 
        2.70595         36.2269         3.54415 
        2.71209         36.1107         3.52429 
        2.71823         35.8983         3.50462 
        2.72436          35.728          3.4851 
         2.7305         35.6134         3.46572 
        2.73663         35.3907         3.44649 
        2.74276         35.2373         3.42742 
         2.7489         35.1313         3.40849 
        2.75504         34.8998         3.38968 
        2.76118         34.7877           3.371 
        2.76732         34.6256         3.35249 
        2.77345         34.4822         3.33413 
        2.77959         34.2479          3.3159 
        2.78572         34.1652         3.29781 
        2.79186         33.9988         3.27986 
        2.79798         33.8677         3.26206 
        2.80412         33.7184         3.24436 
        2.81027          33.572         3.22678 
         2.8164         33.4025         3.20936 
        2.82253         33.2357         3.19207 
        2.82867         33.0439          3.1749 
        2.83481         32.9546         3.15786 
        2.84095         32.7106         3.14094 
        2.84708         32.6652         3.12416 
        2.85322         32.4909         3.10749 
        2.85935         32.3485         3.09094 
        2.86549          32.187         3.07452 
        2.87162         32.0869         3.05823 
        2.87776         31.9168         3.04205 
        2.88389         31.7861         3.02598 
        2.89003         31.6545         3.01004 
        2.89617         31.5064          2.9942 
        2.90231         31.3614         2.97848 
        2.90844         31.2109         2.96287 
        2.91458         31.0823         2.94738 
        2.92071         30.9431         2.93202 
        2.92684         30.8305         2.91675 
        2.93298         30.6566          2.9016 
         2.9391         30.5079         2.88657 
        2.94524         30.4353         2.87163 
        2.95138         30.2567         2.85679 
        2.95752         30.0876         2.84204 
        2.96367         30.0289         2.82739 
         2.9698         29.8516         2.81288 
        2.97594         29.7522         2.79845 
        2.98207         29.5771         2.78413 
        2.98821          29.493         2.76992 
        2.99434         29.3553         2.75581 
        3.00048         29.2119         2.74179 
        3.00662         29.0891         2.72786 
        3.01275          28.958         2.71405 
        3.01888         28.8538         2.70033 
        3.02503         28.7254         2.68668 
        3.03117           28.59         2.67314 
        3.03729         28.4392         2.65972 
        3.04342         28.3294         2.64638 
        3.04957         28.2075          2.6331 
         3.0557         28.1282         2.61993 
        3.06183         27.9756         2.60688 
        3.06796         27.8248          2.5939 
        3.07411         27.7352         2.58098 
        3.08025         27.5966         2.56817 
        3.08637         27.4898         2.55547 
         3.0925         27.3521         2.54284 
        3.09865         27.2345         2.53027 
         3.1048         27.0974         2.51779 
        3.11093         27.0442         2.50542 
        3.11706          26.859         2.49314 
         3.1232         26.7863         2.48092 
        3.12933         26.6239         2.46879 
        3.13547         26.5231         2.45675 
        3.14159         26.4082          2.4448 
        3.14773         26.3192         2.43291 
        3.15388         26.1934         2.42108 
        3.16001         26.0679         2.40936 
        3.16614         25.9752         2.39772 
        3.17228         25.8616         2.38614 
        3.17842         25.7679         2.37465 
        3.18455         25.6339         2.36323 
        3.19068         25.5313          2.3519 
        3.19682         25.4257         2.34062 
        3.20297         25.3159         2.32942 
         3.2091         25.1904          2.3183 
        3.21524         25.1018         2.30725 
        3.22138         24.9885         2.29627 
         3.2275         24.8765         2.28539 
        3.23363         24.8045         2.27457 
        3.23977         24.6663         2.26381 
        3.24591         24.5839         2.25312 
        3.25205         24.4739         2.24249 
        3.25818         24.3754         2.23193 
        3.26432         24.2247         2.22145 
        3.27046         24.1644         2.21103 
         3.2766         24.0417         2.20068 
        3.28273         23.9494          2.1904 
        3.28887          23.846         2.18019 
          3.295         23.7691         2.17004 
        3.30113         23.6561         2.15996 
        3.30727         23.5816         2.14994 
        3.31341         23.4683         2.13998 
        3.31954         23.3585          2.1301 
        3.32568         23.2848         2.12026 
        3.33182         23.1403         2.11049 
        3.33795          23.076         2.10079 
        3.34409          22.955         2.09114 
        3.35022         22.8565         2.08156 
        3.35636         22.7431         2.07204 
         3.3625         22.6412         2.06257 
        3.36864         22.5719         2.05317 
        3.37477         22.4997         2.04382 
        3.38091         22.3912         2.03454 
        3.38704         22.3014         2.02531 
        3.39318         22.2046         2.01614 
        3.39931         22.1169         2.00703 
        3.40545              22         1.99797 
        3.41158         21.9257         1.98897 
        3.41772         21.8098         1.98003 
        3.42385         21.7674         1.97114 
        3.42998         21.6583         1.96231 
        3.43612         21.5366         1.95354 
        3.44226         21.4723         1.94481 
         3.4484         21.4076         1.93612 
        3.45453         21.3192         1.92751 
        3.46066         21.2273         1.91895 
        3.46681         21.1326         1.91042 
        3.47295         21.0572         1.90195 
        3.47908         20.9707         1.89355 
        3.48521         20.8709          1.8852 
        3.49135          20.781         1.87688 
        3.49749         20.6801         1.86862 
        3.50362         20.6132         1.86041 
        3.50976         20.5178         1.85226 
        3.51589         20.4161         1.84415 
        3.52203         20.3336         1.83609 
        3.52816         20.2778         1.82809 
        3.53429         20.1898         1.82012 
        3.54043         20.1251          1.8122 
        3.54657         20.0482         1.80433 
        3.55271         19.9184         1.79651 
        3.55884         19.8737         1.78874 
        3.56498         19.7825           1.781 
        3.57112         19.6915         1.77331 
        3.57725         19.6183         1.76568 
        3.58338         19.5469          1.7581 
        3.58952         19.4668         1.75055 
        3.59566         19.3985         1.74304 
         3.6018         19.3214         1.73558 
        3.60793         19.2364         1.72817 
        3.61407         19.1618          1.7208 
        3.62021         19.0792         1.71347 
        3.62634         19.0144         1.70619 
        3.63247         18.9053         1.69895 
        3.63861         18.8304         1.69175 
        3.64475         18.7687         1.68458 
        3.65089         18.6915         1.67747 
        3.65702         18.6033          1.6704 
        3.66316         18.5283         1.66337 
        3.66929         18.4812         1.65638 
        3.67543         18.3964         1.64943 
        3.68156         18.3148         1.64252 
        3.68769         18.2225         1.63564 
        3.69383         18.1939         1.62881 
        3.69997         18.1122         1.62201 
        3.70611           18.04         1.61526 
        3.71224         17.9574         1.60854 
        3.71838         17.8621         1.60187 
        3.72451         17.8339         1.59523 
        3.73065         17.7441         1.58863 
        3.73678          17.682         1.58207 
        3.74292         17.6123         1.57554 
        3.74906         17.5284         1.56905 
        3.75519          17.499          1.5626 
        3.76133         17.3973         1.55618 
        3.76746         17.3263         1.54981 
         3.7736         17.2729         1.54347 
        3.77974          17.216         1.53715 
        3.78588         17.1335         1.53088 
        3.79201           17.05         1.52464 
        3.79814         16.9713         1.51844 
        3.80428         16.9491         1.51227 
        3.81042         16.8711         1.50614 
        3.81655         16.7997         1.50004 
        3.82268         16.7224         1.49398 
        3.82882         16.6503         1.48795 
        3.83496         16.6085         1.48195 
        3.84109         16.5241         1.47598 
        3.84723         16.4758         1.47005 
        3.85337         16.4084         1.46415 
        3.85951         16.3474         1.45827 
        3.86565         16.2808         1.45244 
        3.87178         16.2189         1.44664 
        3.87791         16.1424         1.44087 
        3.88405         16.0756         1.43513 
        3.89019         16.0227         1.42942 
        3.89632         15.9623         1.42375 
        3.90246         15.9229          1.4181 
         3.9086         15.8416         1.41249 
        3.91473         15.7829         1.40691 
        3.92086         15.7132         1.40136 
        3.92699         15.6615         1.39584 
        3.93313         15.6081         1.39034 
        3.93927         15.5582         1.38488 
         3.9454         15.4648         1.37944 
        3.95154         15.4161         1.37403 
        3.95768         15.3698         1.36866 
        3.96382         15.3065         1.36331 
        3.96995         15.2413         1.35799 
        3.97609         15.1697          1.3527 
        3.98222         15.1222         1.34744 
        3.98836         15.0679         1.34221 
         3.9945         15.0093           1.337 
        4.00063           14.96         1.33183 
        4.00677         14.9022         1.32668 
        4.01291         14.8395         1.32155 
        4.01904         14.7835         1.31646 
        4.02517         14.7207          1.3114 
        4.03131         14.6822         1.30635 
        4.03745         14.6295         1.30133 
        4.04358         14.5582         1.29635 
        4.04972         14.5049         1.29139 
        4.05585         14.4525         1.28645 
        4.06199         14.4058         1.28154 
        4.06812         14.3381         1.27666 
        4.07426         14.2841          1.2718 
         4.0804         14.2488         1.26697 
        4.08654         14.1856         1.26215 
        4.09267         14.1352         1.25738 
         4.0988         14.0788         1.25262 
        4.10494         14.0321         1.24789 
        4.11108         13.9594         1.24318 
        4.11721         13.9268          1.2385 
        4.12334         13.8767         1.23384 
        4.12948         13.8197         1.22921 
        4.13561         13.7619          1.2246 
        4.14176         13.7149            1.22 
        4.14789         13.6596         1.21544 
        4.15403          13.621          1.2109 
        4.16016         13.5616         1.20638 
         4.1663         13.5201         1.20189 
        4.17243         13.4551         1.19742 
        4.17857         13.4144         1.19297 
        4.18471          13.365         1.18854 
        4.19084         13.2968         1.18414 
        4.19698         13.2656         1.17976 
        4.20312         13.2238          1.1754 
        4.20925         13.1708         1.17107 
        4.21538         13.1215         1.16675 
        4.22152         13.0798         1.16246 
        4.22766         13.0249         1.15819 
         4.2338         12.9825         1.15394 
        4.23993         12.9284         1.14971 
        4.24607         12.8695         1.14551 
         4.2522         12.8433         1.14132 
        4.25834         12.7874         1.13716 
        4.26447         12.7416         1.13302 
        4.27061         12.7002         1.12889 
        4.27674         12.6555         1.12479 
        4.28288         12.6061         1.12071 
        4.28902         12.5542         1.11665 
        4.29515         12.5135         1.11261 
        4.30129         12.4792         1.10859 
        4.30743         12.4261         1.10458 
        4.31356         12.3784          1.1006 
        4.31969         12.3435         1.09664 
        4.32583         12.3072          1.0927 
        4.33197         12.2465         1.08878 
         4.3381         12.2095         1.08487 
        4.34424         12.1705         1.08099 
        4.35038         12.1265         1.07712 
        4.35652         12.0737         1.07327 
        4.36265          12.036         1.06945 
        4.36878         11.9924         1.06564 
        4.37492          11.959         1.06185 
        4.38106         11.9128         1.05808 
        4.38719          11.874         1.05433 
        4.39333         11.8255          1.0506 
        4.39946         11.7855         1.04688 
         4.4056         11.7468         1.04318 
        4.41173         11.6923          1.0395 
        4.41786         11.6592         1.03584 
          4.424         11.6198          1.0322 
        4.43014         11.5764         1.02857 
        4.43628         11.5236         1.02496 
        4.44241         11.4998         1.02137 
        4.44855         11.4504         1.01779 
        4.45469         11.4035         1.01423 
        4.46083         11.3672         1.01069 
        4.46696         11.3415         1.00717 
        4.47309         11.2869         1.00366 
        4.47923         11.2536         1.00017 
        4.48537          11.215        0.996701 
         4.4915         11.1798        0.993245 
        4.49764         11.1463        0.989804 
        4.50378         11.0964        0.986378 
        4.50991         11.0644        0.982975 
        4.51604         11.0194        0.979586 
        4.52218         10.9799        0.976207 
        4.52832         10.9481        0.972848 
        4.53445         10.9173        0.969507 
        4.54059         10.8704         0.96618 
        4.54673         10.8452        0.962867 
        4.55286         10.7925        0.959569 
          4.559         10.7596        0.956289 
        4.56513         10.7304        0.953026 
        4.57127         10.6858        0.949777 
        4.57741         10.6572         0.94654 
        4.58354         10.6136        0.943321 
        4.58968         10.5714        0.940118 
        4.59582         10.5361        0.936926 
        4.60195         10.5004        0.933753 
        4.60809         10.4705        0.930595 
        4.61422         10.4368         0.92745 
        4.62036         10.4151         0.92432 
        4.62649         10.3706        0.921204 
        4.63263         10.3311        0.918103 
        4.63876         10.2922        0.915016 
         4.6449         10.2737        0.911942 
        4.65104         10.2371        0.908883 
        4.65717         10.1973        0.905841 
        4.66331         10.1639         0.90281 
        4.66944         10.1209        0.899793 
        4.67558         10.1007        0.896793 
        4.68171         10.0615        0.893803 
        4.68785         10.0284        0.890826 
        4.69399         9.99906        0.887864 
        4.70012         9.95035         0.88492 
        4.70625          9.9394        0.881986 
        4.71239         9.90309        0.879063 
        4.71853          9.8632        0.876154 
        4.72467         9.82931        0.873259 
         4.7308         9.79814        0.870377 
        4.73694         9.77058        0.867509 
        4.74308         9.73672        0.864653 
        4.74922         9.71354        0.861809 
        4.75535         9.67178        0.858981 
        4.76148         9.64131        0.856166 
        4.76762         9.61724        0.853359 
        4.77376         9.58662        0.850566 
        4.77989         9.55168         0.84779 
        4.78602         9.52141        0.845024 
        4.79216         9.49596        0.842267 
         4.7983         9.46653        0.839525 
        4.80443         9.42447        0.836798 
        4.81056         9.39109        0.834081 
         4.8167         9.37027        0.831374 
        4.82284         9.34248        0.828678 
        4.82898         9.31056        0.825998 
        4.83511         9.28822        0.823329 
        4.84125         9.25204         0.82067 
        4.84739          9.2291        0.818023 
        4.85352         9.19418        0.815391 
        4.85965         9.16215        0.812769 
        4.86579         9.14673        0.810157 
        4.87193         9.10876        0.807557 
        4.87807         9.07699        0.804969 
         4.8842         9.05731        0.802392 
        4.89034         9.02771        0.799826 
        4.89647         8.99265        0.797272 
        4.90261         8.97035         0.79473 
        4.90874         8.94858        0.792199 
        4.91488         8.91189        0.789679 
        4.92102         8.88692        0.787168 
        4.92715         8.86248        0.784669 
        4.93329         8.83319        0.782182 
        4.93942         8.80625        0.779704 
        4.94556         8.78086        0.777237 
         4.9517          8.7547        0.774781 
        4.95783         8.71642        0.772337 
        4.96397         8.69781        0.769902 
        4.97011         8.67708        0.767478 
        4.97624         8.64415        0.765065 
        4.98238         8.62496        0.762663 
        4.98851         8.59367        0.760272 
        4.99465          8.5714        0.757889 
        5.00078         8.54011        0.755518 
        5.00691         8.51447        0.753158 
        5.01305         8.48809        0.750806 
        5.01919         8.46244        0.748463 
        5.02533         8.44653        0.746131 
        5.03146         8.41935        0.743811 
         5.0376         8.39255          0.7415 
        5.04374         8.36299        0.739197 
        5.04987         8.33831        0.736904 
        5.05601         8.31802        0.734624 
        5.06215         8.29171         0.73235 
        5.06829         8.26518        0.730086 
        5.07442          8.2359        0.727834 
        5.08055         8.22071        0.725593 
        5.08668         8.19211        0.723358 
        5.09282         8.17002        0.721132 
        5.09896         8.14298        0.718918 
        5.10509         8.12112        0.716714 
        5.11123         8.10348        0.714517 
        5.11736         8.07502         0.71233 
         5.1235         8.05482        0.710151 
        5.12964         8.03267        0.707982 
        5.13577          8.0125        0.705822 
        5.14191         7.98729        0.703671 
        5.14804         7.96273        0.701531 
        5.15418         7.94585        0.699398 
        5.16032          7.9141        0.697273 
        5.16645         7.89181        0.695158 
        5.17259         7.87755        0.693052 
        5.17872         7.85315        0.690955 
        5.18486         7.83055        0.688865 
          5.191          7.8107        0.686784 
        5.19713         7.78928        0.684714 
        5.20327         7.77021        0.682651 
        5.20941         7.74992        0.680596 
        5.21555         7.71761        0.678548 
        5.22168         7.70521        0.676511 
        5.22781         7.68402        0.674483 
        5.23395         7.66403        0.672463 
        5.24009         7.63667         0.67045 
        5.24622         7.62109        0.668446 
        5.25236         7.59845        0.666451 
         5.2585         7.57785        0.664461 
        5.26463         7.56412        0.662481 
        5.27077         7.54462         0.66051 
         5.2769         7.52231        0.658548 
        5.28304         7.49795        0.656592 
        5.28917         7.47849        0.654646 
         5.2953         7.45958        0.652707 
        5.30144         7.43805        0.650776 
        5.30757         7.41817        0.648852 
        5.31371         7.40241        0.646935 
        5.31985         7.37478        0.645026 
        5.32599         7.36065        0.643124 
        5.33213         7.34362         0.64123 
        5.33826          7.3312        0.639345 
         5.3444         7.30385        0.637468 
        5.35053         7.29056        0.635598 
        5.35667         7.27043        0.633735 
        5.36281         7.24743        0.631879 
        5.36894         7.23204        0.630031 
        5.37507         7.21432        0.628192 
        5.38121         7.19454        0.626358 
        5.38735         7.17042        0.624532 
        5.39348         7.15431        0.622715 
        5.39961         7.14363        0.620904 
        5.40575         7.12623          0.6191 
        5.41189         7.10248        0.617302 
        5.41803         7.08813        0.615512 
        5.42416         7.07173         0.61373 
         5.4303         7.05076        0.611954 
        5.43644          7.0414        0.610185 
        5.44257           7.021        0.608424 
        5.44871         7.00343        0.606669 
        5.45484         6.99065        0.604922 
        5.46098         6.96813        0.603181 
        5.46712         6.95075        0.601446 
        5.47325         6.93484         0.59972 
        5.47938          6.9216        0.598001 
        5.48552         6.90364        0.596288 
        5.49165         6.88653        0.594582 
        5.49779         6.87576        0.592882 
        5.50393         6.85007        0.591188 
        5.51006         6.84165          0.5895 
         5.5162         6.82196         0.58782 
        5.52234         6.80947        0.586147 
        5.52847         6.78817        0.584479 
        5.53461         6.77986        0.582818 
        5.54075          6.7569        0.581165 
        5.54688         6.75085        0.579518 
        5.55302         6.72961        0.577876 
        5.55915         6.71557        0.576241 
        5.56529         6.70728        0.574613 
        5.57143         6.69038        0.572991 
        5.57756         6.67596        0.571374 
         5.5837         6.65779        0.569765 
        5.58983          6.6438        0.568163 
        5.59597          6.6337        0.566566 
         5.6021         6.60915        0.564975 
        5.60824         6.59531        0.563389 
        5.61438         6.58865        0.561811 
        5.62051         6.57588        0.560238 
        5.62665         6.55761        0.558672 
        5.63278         6.54329        0.557111 
        5.63892         6.53707        0.555557 
        5.64505         6.51951        0.554009 
        5.65119          6.5043        0.552466 
        5.65733         6.48974        0.550929 
        5.66346         6.48161        0.549399 
         5.6696         6.46852        0.547874 
        5.67573         6.44919        0.546355 
        5.68187         6.44177        0.544841 
          5.688         6.42665        0.543334 
        5.69414         6.41712        0.541833 
        5.70028         6.40673        0.540336 
        5.70642          6.3893        0.538845 
        5.71255         6.38083         0.53736 
        5.71869         6.36383        0.535881 
        5.72482         6.35802        0.534408 
        5.73096         6.34337         0.53294 
        5.73709         6.33061        0.531479 
        5.74322         6.31676        0.530023 
        5.74936         6.31204        0.528571 
         5.7555         6.29756        0.527124 
        5.76164         6.28872        0.525683 
        5.76777         6.27683        0.524249 
        5.77391         6.26251        0.522819 
        5.78005         6.25022        0.521394 
        5.78618         6.24589        0.519976 
        5.79231         6.22869        0.518564 
        5.79845         6.22155        0.517155 
        5.80459         6.20809        0.515751 
        5.81073         6.20085        0.514353 
        5.81686         6.18588        0.512962 
          5.823         6.17842        0.511574 
        5.82914         6.16505        0.510191 
        5.83527         6.15822        0.508816 
         5.8414         6.14839        0.507444 
        5.84754         6.13931        0.506077 
        5.85368         6.12682        0.504714 
        5.85981         6.12222        0.503358 
        5.86595         6.10501        0.502007 
        5.87208         6.10452         0.50066 
        5.87822         6.09058         0.49932 
        5.88435         6.08329        0.497984 
        5.89049          6.0722        0.496652 
        5.89662         6.06297        0.495325 
        5.90276         6.04989        0.494002 
         5.9089         6.04567        0.492685 
        5.91503         6.03663        0.491373 
        5.92117         6.02526        0.490066 
        5.92731         6.01996        0.488763 
        5.93344         6.00972        0.487465 
        5.93958         6.00442        0.486172 
        5.94572          5.9956        0.484884 
        5.95186         5.98811        0.483599 
        5.95799         5.97991        0.482322 
        5.96412         5.97109        0.481048 
        5.97026         5.96601        0.479777 
         5.9764         5.95943        0.478513 
        5.98253          5.9522        0.477254 
        5.98866         5.94221        0.475998 
         5.9948         5.93454        0.474746 
        6.00094         5.93024          0.4735 
        6.00707         5.92162        0.472257 
        6.01321          5.9157         0.47102 
        6.01935         5.90703        0.469786 
        6.02548         5.90133        0.468558 
        6.03162         5.89395        0.467334 
        6.03775         5.88493        0.466115 
        6.04389         5.88464        0.464899 
        6.05003         5.87343        0.463687 
        6.05617         5.87254         0.46248 
         6.0623         5.86622        0.461277 
        6.06844         5.85578        0.460079 
        6.07457         5.85321        0.458886 
         6.0807         5.85142        0.457697 
        6.08684         5.84222        0.456512 
        6.09298         5.83496        0.455331 
        6.09912         5.82949        0.454153 
        6.10525           5.824        0.452981 
        6.11138         5.82013        0.451813 
        6.11752         5.81159        0.450648 
        6.12366         5.80722        0.449488 
        6.12979         5.80746        0.448332 
        6.13593         5.80379        0.447181 
        6.14207         5.80349        0.446032 
         6.1482         5.79149        0.444888 
        6.15434         5.78988        0.443749 
        6.16047         5.78722        0.442613 
        6.16661         5.77952        0.441481 
        6.17274         5.77968        0.440354 
        6.17887         5.77542         0.43923 
        6.18501         5.77443         0.43811 
        6.19115         5.77074        0.436994 
        6.19729         5.76468        0.435881 
        6.20342         5.76605        0.434773 
        6.20956         5.75929        0.433669 
         6.2157         5.75557        0.432567 
        6.22183         5.75682        0.431471 
        6.22797         5.74902        0.430378 
         6.2341         5.74773         0.42929 
        6.24024         5.74846        0.428204 
        6.24638         5.74523        0.427122 
        6.25251         5.74225        0.426044 
        6.25865         5.73904         0.42497 
        6.26478         5.74066          0.4239 
        6.27092         5.73866        0.422833 
        6.27705         5.73658        0.421771 
        6.28318         5.73204        0.420712 
