# k  (h/Mpc)    Pcb(k)  (Mpc/h)^3    Pcb_linear(k)  (Mpc/h)^3
     0.00783031         2727.71         2756.81 
       0.013688         3395.71         3392.67 
       0.019231         3423.53         3420.82 
      0.0249154         3121.17         3146.53 
      0.0312784         2703.46         2708.95 
      0.0375637         2304.06         2297.43 
      0.0433917          1990.2         1997.64 
      0.0492413         1784.51         1783.74 
      0.0555754         1613.28         1627.44 
      0.0619321         1520.43         1512.44 
       0.067871         1402.14         1412.21 
      0.0738098          1291.4         1301.41 
      0.0800417         1156.98         1170.77 
      0.0862327         1030.57         1036.09 
      0.0921407         917.057         916.561 
      0.0982031         811.857         814.133 
       0.104506         742.745         734.382 
       0.110769         686.736         679.953 
       0.116806         645.392         644.021 
       0.122832          620.07         615.745 
       0.129052         584.689         586.423 
       0.135211         551.009         552.265 
       0.141259         516.614         513.035 
       0.147318         477.659         470.772 
       0.153489         434.118         429.038 
       0.159709         400.183         392.366 
       0.165845          376.06          363.67 
       0.171974         351.294         342.461 
       0.178125         336.285         326.977 
       0.184229         324.515         314.785 
        0.19034         307.186         303.156 
       0.196428         298.287         290.304 
       0.202534          286.58         275.467 
       0.208729         268.762         258.909 
       0.214876         250.956         242.217 
       0.220989         239.128         226.724 
       0.227147         223.519         213.244 
        0.23329         213.029         202.304 
       0.239377         205.987         193.694 
       0.245482         195.115         186.618 
       0.251667         191.493         180.199 
       0.257832         184.954         173.793 
       0.263955         177.866         166.989 
       0.270079         170.708         159.683 
        0.27624         165.527         152.069 
       0.282372         158.202         144.646 
        0.28843         150.919         137.839 
       0.294538          144.48         131.761 
       0.300721         141.135         126.468 
        0.30691          134.85         121.906 
       0.313033         131.019         117.888 
       0.319153         125.222         114.101 
       0.325316         123.113         110.312 
        0.33145         118.494         106.459 
       0.337538         115.633         102.558 
       0.343633         111.354         98.6629 
       0.349808         107.799         94.8483 
       0.355968         104.755           91.29 
       0.362074         101.331         88.0615 
       0.368217         98.3634         85.1268 
       0.374374         95.4464         82.4453 
       0.380519         93.1482         79.9538 
       0.386598         90.6519         77.5966 
       0.392688          88.831         75.2771 
        0.39888         86.2796         72.9388 
       0.405048         84.1597         70.6328 
       0.411186         82.1348         68.3827 
       0.417313         79.5481         66.2211 
       0.423458         77.5585         64.1662 
       0.429607         75.5087         62.2342 
       0.435692         73.0562         60.4479 
       0.441815         72.1081         58.7589 
       0.447964          70.879         57.1447 
       0.454126         67.9101         55.5875 
       0.460267         66.8928         54.0803 
       0.466387         65.1635         52.6102 
        0.47254         64.1155          51.164 
       0.478662         63.0541         49.7665 
       0.484765         61.1948         48.4234 
       0.490885          59.886         47.1315 
       0.497035         59.0968          45.891 
       0.503198         57.5028         44.7073 
       0.509342         56.0571          43.581 
       0.515458         55.0362         42.5037 
       0.521598         54.1786         41.4573 
       0.527764           53.13         40.4374 
       0.533884         52.2293         39.4542 
           0.54         51.1185         38.4997 
       0.546137         50.4054         37.5695 
       0.552299         49.6211         36.6647 
       0.558452         48.1434         35.7922 
       0.564573         47.3741         34.9564 
       0.570708         46.7142         34.1501 
       0.576825         45.6852         33.3751 
       0.582926         44.7875         32.6275 
       0.589034          43.715         31.9015 
       0.595184         43.1803         31.1915 
       0.601379         42.4769          30.497 
       0.607522           41.58         29.8285 
       0.613639         41.2935         29.1825 
       0.619772         40.2392         28.5541 
       0.625918         40.0184         27.9434 
       0.632068         39.3855         27.3505 
       0.638161         38.6455         26.7806 
         0.6443         37.9334         26.2234 
       0.650464         37.3137         25.6806 
       0.656582         37.0497         25.1576 
       0.662703         36.3189         24.6493 
       0.668861         35.7253         24.1524 
       0.675024         35.1516         23.6689 
       0.681124         34.5428         23.2034 
       0.687237         33.9688         22.7494 
       0.693381         33.7101         22.3054 
       0.699536         32.9055         21.8724 
       0.705665         32.9137         21.4528 
       0.711789         32.1201         21.0447 
       0.717957         31.7383         20.6446 
        0.72409         31.2938         20.2573 
       0.730186         30.8322         19.8824 
       0.736317         30.5602         19.5152 
       0.742472         30.0211          19.156 
       0.748622         29.7604         18.8063 
        0.75476         29.2802         18.4662 
       0.760888         28.8476         18.1352 
       0.767043         28.5275         17.8109 
       0.773185         28.0566         17.4954 
       0.779291         27.9298         17.1893 
       0.785407         27.6106         16.8902 
       0.791564         27.1152         16.5963 
       0.797719         26.5506         16.3097 
       0.803834         26.5241         16.0317 
       0.809972          26.251         15.7592 
       0.816124         25.6742         15.4926 
       0.822261         25.4862         15.2328 
       0.828378         25.2513         14.9799 
       0.834502         24.9848         14.7325 
       0.840667         24.6805         14.4892 
       0.846816         24.2645         14.2521 
       0.852925         24.0483         14.0218 
       0.859047         23.7785         13.7962 
       0.865192          23.554         13.5748 
       0.871341         23.4054         13.3582 
       0.877463          22.958         13.1474 
       0.883569         22.7161         12.9417 
       0.889708         22.4338         12.7393 
       0.895864         22.2568         12.5408 
       0.902008         22.0859          12.347 
       0.908149         21.8495         12.1574 
       0.914301          21.746         11.9715 
       0.920448         21.3148         11.7897 
       0.926574         21.1608         11.6124 
       0.932687         20.9355         11.4391 
       0.938823          20.661         11.2687 
       0.944975         20.4756         11.1015 
       0.951105         20.3009         10.9382 
       0.957225         20.0852         10.7786 
       0.963368         19.9464         10.6216 
       0.969511         19.7678         10.4678 
       0.975621         19.6017         10.3178 
       0.981748         19.3292         10.1705 
       0.987916         19.2266          10.025 
        0.99406         18.9854         9.88305 
        1.00019         18.7435         9.74411 
        1.00632          18.678         9.60798 
        1.01246         18.5154         9.47427 
        1.01859         18.2333         9.34334 
        1.02471         18.1836         9.21506 
        1.03085         18.0075         9.08877 
        1.03698         17.7249         8.96513 
        1.04314         17.6324         8.84328 
        1.04929         17.4289         8.72399 
        1.05541         17.2536          8.6074 
        1.06154         17.1559         8.49266 
        1.06769         17.0596         8.37986 
        1.07382         16.8481         8.26949 
        1.07993         16.7584         8.16136 
        1.08607          16.561         8.05473 
        1.09222         16.4628         7.94991 
        1.09836         16.2632         7.84708 
        1.10449         16.1676         7.74621 
        1.11063         15.9889           7.647 
        1.11677         15.9325         7.54958 
         1.1229         15.8402         7.45403 
        1.12903         15.6308         7.36007 
        1.13518         15.4603         7.26765 
        1.14131         15.4118         7.17689 
        1.14745          15.287         7.08773 
        1.15359         15.1891         7.00008 
        1.15973         15.0418         6.91388 
        1.16584         14.8405         6.82953 
        1.17197         14.8118         6.74648 
        1.17811         14.6784         6.66456 
        1.18424         14.5539         6.58424 
        1.19038         14.4994         6.50503 
        1.19652         14.3607         6.42715 
        1.20267         14.2346         6.35055 
        1.20881          14.179         6.27522 
        1.21495         14.0781         6.20124 
        1.22108         13.9261         6.12847 
         1.2272         13.8152         6.05704 
        1.23334         13.7174         5.98659 
        1.23949         13.5922          5.9171 
        1.24562         13.5512         5.84891 
        1.25174         13.4607         5.78191 
        1.25789         13.3568         5.71576 
        1.26402         13.3003         5.65076 
        1.27014         13.1742         5.58694 
        1.27628         13.0176         5.52392 
        1.28244         12.9618         5.46176 
        1.28858         12.9373         5.40065 
        1.29471          12.799         5.34061 
        1.30084         12.6832         5.28154 
        1.30697         12.6373         5.22328 
        1.31312         12.4946         5.16582 
        1.31925         12.4113         5.10941 
        1.32537         12.3712         5.05391 
        1.33151         12.2789         4.99903 
        1.33765         12.1985           4.945 
        1.34378         12.1179         4.89188 
        1.34992         12.0014         4.83951 
        1.35606         11.9699         4.78779 
         1.3622         11.8936         4.73692 
        1.36833         11.7849         4.68691 
        1.37445         11.7397         4.63766 
        1.38059         11.6727         4.58896 
        1.38675         11.5532         4.54085 
        1.39288         11.5202         4.49362 
        1.39901         11.4107         4.44709 
        1.40515         11.3629         4.40112 
         1.4113         11.2892         4.35581 
        1.41742         11.2127         4.31132 
        1.42355         11.1388         4.26737 
         1.4297         11.0853         4.22391 
        1.43585         11.0412         4.18107 
        1.44198         10.9632         4.13898 
        1.44809         10.8938         4.09756 
        1.45423         10.8175         4.05656 
        1.46036         10.7562         4.01619 
        1.46649         10.7099         3.97636 
        1.47263         10.6102         3.93704 
        1.47877         10.5578         3.89828 
        1.48491         10.5096         3.85997 
        1.49104         10.4487         3.82226 
        1.49718         10.3867         3.78503 
        1.50333         10.3359         3.74824 
        1.50947         10.2663         3.71201 
         1.5156         10.2023         3.67631 
        1.52172          10.158         3.64109 
        1.52787          10.086         3.60626 
          1.534         10.0215         3.57192 
        1.54013         9.96759         3.53807 
        1.54627         9.89741          3.5046 
        1.55241         9.86193         3.47156 
        1.55855         9.81502         3.43899 
        1.56467         9.74259         3.40693 
         1.5708         9.72951         3.37519 
        1.57695         9.64049         3.34381 
        1.58308         9.58689          3.3129 
        1.58922         9.55251         3.28236 
        1.59535         9.50853         3.25222 
         1.6015         9.43358         3.22242 
        1.60764         9.37292         3.19301 
        1.61376          9.3584         3.16404 
        1.61989          9.2857         3.13542 
        1.62604         9.25291         3.10708 
        1.63218         9.20885         3.07912 
        1.63831         9.16532         3.05156 
        1.64444         9.10231         3.02433 
        1.65059          9.0358         2.99737 
        1.65673         9.02908         2.97077 
        1.66285         8.93311         2.94457 
        1.66898         8.91151         2.91868 
        1.67512         8.87109         2.89304 
        1.68127         8.81883          2.8677 
         1.6874         8.78622         2.84271 
        1.69353         8.72248         2.81804 
        1.69967         8.68463          2.7936 
        1.70581         8.64975         2.76946 
        1.71193         8.59171          2.7457 
        1.71806         8.57435         2.72217 
        1.72421          8.5073         2.69886 
        1.73035         8.48729         2.67586 
        1.73649         8.44515         2.65313 
        1.74262         8.39689         2.63069 
        1.74876         8.36907         2.60849 
        1.75489         8.32537         2.58659 
        1.76101         8.26188         2.56495 
        1.76715         8.24985         2.54353 
        1.77329         8.18782         2.52232 
        1.77943         8.14667         2.50136 
        1.78557         8.13447         2.48066 
        1.79171         8.09277         2.46019 
        1.79785         8.03485         2.43995 
        1.80399         7.99817         2.41994 
        1.81012         7.97305         2.40019 
        1.81625         7.92615         2.38066 
        1.82239         7.89572         2.36133 
        1.82853         7.84693         2.34222 
        1.83466         7.81535         2.32333 
        1.84078         7.77096         2.30468 
        1.84692         7.76362         2.28621 
        1.85306         7.70933         2.26791 
         1.8592         7.66857         2.24984 
        1.86533         7.64323         2.23198 
        1.87147         7.61041          2.2143 
        1.87761         7.57992         2.19679 
        1.88375         7.52973          2.1795 
        1.88988         7.52055         2.16242 
        1.89601         7.47835          2.1455 
        1.90215         7.43965         2.12876 
        1.90829         7.40479          2.1122 
        1.91442         7.37306         2.09582 
        1.92056         7.35145         2.07962 
         1.9267         7.30765         2.06358 
        1.93284         7.27449          2.0477 
        1.93897         7.23647         2.03202 
        1.94509         7.21622         2.01653 
        1.95123         7.18206         2.00117 
        1.95737          7.1461         1.98596 
        1.96349         7.12362         1.97094 
        1.96964         7.08381         1.95604 
        1.97578         7.05227         1.94128 
        1.98192         7.02757         1.92671 
        1.98805         7.00343         1.91229 
        1.99419         6.96703         1.89801 
        2.00033         6.95445         1.88387 
        2.00647         6.91491         1.86988 
         2.0126         6.88513         1.85606 
        2.01874         6.85742         1.84235 
        2.02488         6.82712         1.82877 
        2.03101         6.79547         1.81536 
        2.03714         6.76103         1.80209 
        2.04328         6.74164         1.78894 
        2.04941         6.70513         1.77593 
        2.05554         6.68639         1.76306 
        2.06167         6.65008          1.7503 
        2.06781           6.636         1.73767 
        2.07396         6.61521         1.72514 
        2.08009         6.57935         1.71276 
        2.08622         6.54486         1.70052 
        2.09237         6.53267         1.68837 
        2.09851         6.51349         1.67633 
        2.10464         6.47693         1.66444 
        2.11077          6.4359         1.65267 
        2.11691         6.41311           1.641 
        2.12305         6.39591         1.62943 
        2.12918         6.38096           1.618 
        2.13531         6.34646         1.60669 
        2.14145         6.32604         1.59545 
         2.1476          6.2925         1.58431 
        2.15372         6.27315         1.57333 
        2.15985         6.26658         1.56245 
        2.16599         6.22197         1.55163 
        2.17213         6.20894         1.54093 
        2.17827         6.18764         1.53034 
         2.1844         6.15725         1.51985 
        2.19054         6.11807         1.50946 
        2.19666          6.1072         1.49918 
         2.2028         6.08489         1.48898 
        2.20893         6.06761         1.47888 
        2.21508         6.03474         1.46886 
        2.22122         6.00888         1.45893 
        2.22736         5.99224         1.44911 
        2.23349         5.97513         1.43938 
        2.23962          5.9553         1.42974 
        2.24577          5.9237         1.42018 
         2.2519         5.91198         1.41072 
        2.25802         5.87966         1.40136 
        2.26417         5.85968         1.39206 
        2.27031         5.83484         1.38284 
        2.27644         5.81259         1.37373 
        2.28257         5.79419          1.3647 
        2.28872         5.77631         1.35573 
        2.29486          5.7557         1.34685 
        2.30099         5.73711         1.33806 
        2.30712          5.7158         1.32935 
        2.31326         5.67911          1.3207 
         2.3194         5.66787         1.31214 
        2.32553         5.65617         1.30366 
        2.33166         5.63552         1.29527 
         2.3378         5.60886         1.28693 
        2.34394         5.59044         1.27867 
        2.35007         5.56295         1.27049 
        2.35619          5.5484         1.26239 
        2.36233         5.52816         1.25435 
        2.36848         5.50962         1.24635 
        2.37462         5.49532         1.23845 
        2.38075         5.47663         1.23062 
        2.38689         5.45659         1.22285 
        2.39303         5.42874         1.21515 
        2.39916         5.41319         1.20752 
        2.40529         5.39511         1.19996 
        2.41143         5.37497         1.19246 
        2.41757         5.37378         1.18502 
         2.4237         5.34691         1.17766 
        2.42983         5.32164         1.17036 
        2.43598         5.30792         1.16311 
        2.44211         5.28698         1.15592 
        2.44823         5.27286         1.14882 
        2.45437         5.25345         1.14175 
        2.46052         5.22972         1.13474 
        2.46665         5.21643          1.1278 
        2.47279         5.19281         1.12091 
        2.47892         5.17355         1.11409 
        2.48507         5.16373         1.10731 
         2.4912          5.1389          1.1006 
        2.49733         5.12713         1.09395 
        2.50347         5.11025         1.08735 
        2.50961          5.0958          1.0808 
        2.51575         5.07478          1.0743 
        2.52188         5.06373         1.06787 
        2.52802         5.04129         1.06148 
        2.53416         5.02311         1.05515 
        2.54029         5.00902         1.04888 
        2.54641         4.98474         1.04266 
        2.55255          4.9731         1.03648 
        2.55869         4.96295         1.03034 
        2.56483         4.94725         1.02427 
        2.57096         4.93566         1.01825 
        2.57709         4.91689         1.01227 
        2.58323          4.8994         1.00634 
        2.58937         4.87393         1.00045 
        2.59551         4.86743        0.994617 
        2.60164         4.84752        0.988832 
        2.60778         4.83778        0.983087 
        2.61392         4.82162         0.97739 
        2.62006         4.80922        0.971739 
        2.62619         4.78879         0.96614 
        2.63232         4.77259        0.960583 
        2.63846         4.76126        0.955064 
        2.64459          4.7425        0.949595 
        2.65072         4.73219         0.94417 
        2.65686          4.7086        0.938786 
          2.663         4.70511        0.933434 
        2.66915         4.68278        0.928125 
        2.67527          4.6771        0.922871 
        2.68141         4.65768        0.917653 
        2.68755         4.63875        0.912471 
        2.69368         4.63463        0.907333 
        2.69981         4.61475        0.902242 
        2.70595         4.60201        0.897178 
        2.71209         4.59421        0.892151 
        2.71823         4.56929        0.887171 
        2.72436         4.55689         0.88223 
         2.7305         4.53794        0.877324 
        2.73663         4.53076        0.872456 
        2.74276          4.5169        0.867631 
         2.7489         4.50031        0.862837 
        2.75504         4.49563        0.858075 
        2.76118         4.47362        0.853347 
        2.76732         4.46417        0.848662 
        2.77345         4.45429        0.844013 
        2.77959         4.44101        0.839398 
        2.78572          4.4193        0.834819 
        2.79186         4.40967        0.830275 
        2.79798         4.39743         0.82577 
        2.80412         4.38767         0.82129 
        2.81027          4.3766        0.816839 
         2.8164         4.36213         0.81243 
        2.82253         4.34893        0.808053 
        2.82867          4.3347        0.803707 
        2.83481         4.32908        0.799392 
        2.84095         4.30446        0.795108 
        2.84708         4.29557        0.790861 
        2.85322         4.28962         0.78664 
        2.85935         4.27286        0.782452 
        2.86549         4.26641        0.778296 
        2.87162         4.25685         0.77417 
        2.87776         4.24587        0.770075 
        2.88389         4.23405        0.766007 
        2.89003         4.22045        0.761971 
        2.89617         4.20766        0.757962 
        2.90231         4.19316        0.753982 
        2.90844         4.18129        0.750032 
        2.91458         4.17723        0.746111 
        2.92071         4.15712        0.742222 
        2.92684         4.15047        0.738357 
        2.93298         4.13762        0.734521 
         2.9391         4.12623        0.730717 
        2.94524         4.11555        0.726935 
        2.95138          4.1077        0.723178 
        2.95752         4.09091        0.719445 
        2.96367         4.08438        0.715737 
         2.9698         4.07409        0.712063 
        2.97594          4.0598        0.708411 
        2.98207         4.05126        0.704785 
        2.98821         4.04149        0.701188 
        2.99434          4.0338        0.697615 
        3.00048         4.01883        0.694066 
        3.00662         4.00769         0.69054 
        3.01275         3.99823        0.687044 
        3.01888         3.99449        0.683571 
        3.02503         3.98395        0.680116 
        3.03117         3.97059        0.676687 
        3.03729         3.95882         0.67329 
        3.04342         3.94961        0.669913 
        3.04957         3.93271        0.666552 
         3.0557         3.92923        0.663219 
        3.06183         3.92366        0.659915 
        3.06796         3.90847        0.656629 
        3.07411         3.90103        0.653358 
        3.08025         3.88981        0.650116 
        3.08637         3.88121        0.646902 
         3.0925         3.87989        0.643704 
        3.09865         3.85762        0.640522 
         3.1048         3.85459        0.637363 
        3.11093         3.84984        0.634232 
        3.11706         3.83072        0.631121 
         3.1232         3.81841         0.62803 
        3.12933         3.81486        0.624958 
        3.13547         3.81492        0.621909 
        3.14159         3.80246        0.618885 
        3.14773         3.78899        0.615874 
        3.15388         3.78378        0.612881 
        3.16001         3.77043        0.609914 
        3.16614         3.76979        0.606967 
        3.17228         3.75981        0.604037 
        3.17842         3.74957        0.601126 
        3.18455         3.73572        0.598237 
        3.19068         3.72991        0.595368 
        3.19682          3.7246        0.592513 
        3.20297         3.71604        0.589677 
         3.2091         3.70427        0.586862 
        3.21524         3.69898        0.584065 
        3.22138         3.68542        0.581287 
         3.2275         3.67866        0.578531 
        3.23363         3.66949        0.575792 
        3.23977         3.65729        0.573068 
        3.24591         3.66142        0.570362 
        3.25205         3.65234        0.567671 
        3.25818         3.63898        0.564999 
        3.26432         3.63208        0.562346 
        3.27046         3.62532        0.559708 
         3.2766         3.61262        0.557088 
        3.28273         3.60804        0.554486 
        3.28887          3.6016          0.5519 
          3.295         3.59333        0.549331 
        3.30113          3.5863        0.546779 
        3.30727         3.57823        0.544242 
        3.31341         3.57109        0.541723 
        3.31954         3.56442         0.53922 
        3.32568         3.55671         0.53673 
        3.33182         3.54948        0.534257 
        3.33795         3.54185        0.531802 
        3.34409         3.53425        0.529359 
        3.35022         3.52793        0.526933 
        3.35636         3.51935        0.524523 
         3.3625         3.51514        0.522127 
        3.36864         3.50996        0.519745 
        3.37477         3.49944         0.51738 
        3.38091         3.49861         0.51503 
        3.38704         3.48673        0.512695 
        3.39318         3.47661        0.510373 
        3.39931         3.47725        0.508065 
        3.40545         3.46755        0.505773 
        3.41158         3.46185        0.503495 
        3.41772         3.45415        0.501231 
        3.42385         3.44909        0.498982 
        3.42998         3.44267        0.496746 
        3.43612         3.43566        0.494525 
        3.44226         3.42907        0.492315 
         3.4484         3.42485        0.490116 
        3.45453         3.41361        0.487935 
        3.46066         3.40713        0.485769 
        3.46681         3.40529         0.48361 
        3.47295         3.39512        0.481465 
        3.47908         3.39052         0.47934 
        3.48521         3.38281        0.477225 
        3.49135         3.37938         0.47512 
        3.49749         3.36948        0.473029 
        3.50362         3.36778        0.470951 
        3.50976         3.35852        0.468887 
        3.51589         3.35808        0.466834 
        3.52203         3.34892        0.464793 
        3.52816         3.34719        0.462768 
        3.53429         3.34171        0.460752 
        3.54043         3.33767        0.458746 
        3.54657         3.33365        0.456753 
        3.55271         3.32407        0.454774 
        3.55884         3.31831        0.452807 
        3.56498         3.31647        0.450849 
        3.57112         3.30578        0.448903 
        3.57725         3.29833         0.44697 
        3.58338         3.29708        0.445051 
        3.58952         3.29449         0.44314 
        3.59566         3.28865        0.441238 
         3.6018         3.27696         0.43935 
        3.60793         3.27431        0.437474 
        3.61407         3.26931        0.435609 
        3.62021          3.2668        0.433754 
        3.62634         3.26282         0.43191 
        3.63247         3.25803        0.430078 
        3.63861         3.25683        0.428256 
        3.64475         3.24386        0.426441 
        3.65089          3.2411         0.42464 
        3.65702         3.23235        0.422851 
        3.66316          3.2324         0.42107 
        3.66929         3.22664        0.419301 
        3.67543         3.22461        0.417541 
        3.68156         3.21812        0.415792 
        3.68769         3.20907        0.414053 
        3.69383         3.20933        0.412322 
        3.69997         3.20191        0.410602 
        3.70611         3.19925        0.408893 
        3.71224         3.19561        0.407192 
        3.71838          3.1883        0.405502 
        3.72451         3.19091        0.403822 
        3.73065         3.18306        0.402152 
        3.73678          3.1793        0.400491 
        3.74292         3.17463        0.398838 
        3.74906         3.16833        0.397195 
        3.75519         3.16689        0.395562 
        3.76133         3.15951        0.393937 
        3.76746         3.15376        0.392323 
         3.7736         3.15457        0.390718 
        3.77974         3.14605         0.38912 
        3.78588         3.14668        0.387531 
        3.79201         3.14032        0.385953 
        3.79814         3.13946        0.384384 
        3.80428         3.13065        0.382822 
        3.81042         3.12849        0.381269 
        3.81655         3.12846        0.379725 
        3.82268         3.12071        0.378191 
        3.82882         3.11801        0.376664 
        3.83496         3.11288        0.375145 
        3.84109         3.10843        0.373635 
        3.84723         3.10793        0.372133 
        3.85337         3.10237        0.370639 
        3.85951         3.09726        0.369152 
        3.86565         3.09631        0.367675 
        3.87178         3.09132        0.366208 
        3.87791         3.08716        0.364748 
        3.88405         3.08044        0.363294 
        3.89019         3.07892        0.361849 
        3.89632         3.07211        0.360413 
        3.90246         3.06835        0.358983 
         3.9086         3.06823        0.357561 
        3.91473         3.06092        0.356149 
        3.92086         3.06284        0.354745 
        3.92699         3.05676        0.353346 
        3.93313         3.05413        0.351955 
        3.93927          3.0533        0.350572 
         3.9454         3.04836        0.349197 
        3.95154         3.04517        0.347828 
        3.95768         3.03988        0.346466 
        3.96382         3.03833        0.345113 
        3.96995         3.03437        0.343766 
        3.97609          3.0316        0.342427 
        3.98222         3.02331        0.341096 
        3.98836         3.02331        0.339771 
         3.9945         3.02061        0.338453 
        4.00063         3.01911        0.337143 
        4.00677         3.01373        0.335839 
        4.01291         3.01038        0.334541 
        4.01904         3.00687        0.333253 
        4.02517         3.00445        0.331972 
        4.03131         3.00509        0.330694 
        4.03745         3.00144        0.329424 
        4.04358         2.99815        0.328162 
        4.04972         2.99433        0.326906 
        4.05585         2.98973        0.325657 
        4.06199         2.98701        0.324414 
        4.06812         2.98385        0.323178 
        4.07426          2.9833        0.321948 
         4.0804         2.97923        0.320724 
        4.08654         2.97379        0.319506 
        4.09267         2.97098        0.318296 
         4.0988         2.96787        0.317093 
        4.10494         2.96513        0.315895 
        4.11108         2.96457        0.314703 
        4.11721         2.95901        0.313518 
        4.12334          2.9573        0.312339 
        4.12948         2.95659        0.311166 
        4.13561         2.95191        0.309998 
        4.14176         2.94926        0.308836 
        4.14789         2.94756         0.30768 
        4.15403         2.94425        0.306531 
        4.16016         2.93947        0.305387 
         4.1663         2.94112         0.30425 
        4.17243         2.93605        0.303119 
        4.17857         2.93425        0.301992 
        4.18471         2.93312        0.300872 
        4.19084         2.92603        0.299757 
        4.19698         2.92145        0.298648 
        4.20312          2.9239        0.297545 
        4.20925         2.91944        0.296447 
        4.21538         2.91943        0.295356 
        4.22152         2.91239        0.294269 
        4.22766         2.91198        0.293187 
         4.2338         2.90786        0.292112 
        4.23993         2.90684        0.291042 
        4.24607         2.90322        0.289977 
         4.2522         2.90294        0.288917 
        4.25834         2.90215        0.287863 
        4.26447         2.89295        0.286815 
        4.27061         2.89225        0.285772 
        4.27674         2.89198        0.284733 
        4.28288         2.88872        0.283699 
        4.28902         2.88441        0.282671 
        4.29515         2.88319        0.281649 
        4.30129         2.88099        0.280631 
        4.30743         2.88124        0.279617 
        4.31356         2.87557         0.27861 
        4.31969          2.8714        0.277608 
        4.32583          2.8696         0.27661 
        4.33197          2.8708        0.275616 
         4.3381         2.86554        0.274628 
        4.34424         2.86214        0.273645 
        4.35038          2.8593        0.272666 
        4.35652         2.86025        0.271692 
        4.36265         2.85675        0.270724 
        4.36878         2.85302         0.26976 
        4.37492         2.85253        0.268801 
        4.38106         2.84946        0.267845 
        4.38719         2.84803        0.266896 
        4.39333         2.84508        0.265951 
        4.39946         2.83929        0.265011 
         4.4056         2.83826        0.264074 
        4.41173         2.83586        0.263143 
        4.41786         2.83521        0.262217 
          4.424         2.83179        0.261294 
        4.43014         2.82945        0.260375 
        4.43628         2.82566        0.259461 
        4.44241         2.82301        0.258552 
        4.44855         2.82163        0.257647 
        4.45469         2.81731        0.256745 
        4.46083         2.81417         0.25585 
        4.46696         2.81769        0.254959 
        4.47309         2.81303        0.254071 
        4.47923          2.8084        0.253187 
        4.48537         2.80788        0.252308 
         4.4915         2.80552        0.251433 
        4.49764         2.80277        0.250562 
        4.50378         2.79848        0.249695 
        4.50991         2.79614        0.248833 
        4.51604         2.79341        0.247975 
        4.52218         2.79187         0.24712 
        4.52832         2.79084         0.24627 
        4.53445         2.78688        0.245424 
        4.54059         2.78617        0.244582 
        4.54673         2.78126        0.243743 
        4.55286         2.78329        0.242908 
          4.559         2.78155        0.242078 
        4.56513         2.77561        0.241252 
        4.57127         2.77552        0.240429 
        4.57741         2.76893         0.23961 
        4.58354         2.77132        0.238795 
        4.58968         2.76765        0.237984 
        4.59582         2.76392        0.237176 
        4.60195         2.76219        0.236373 
        4.60809         2.76099        0.235574 
        4.61422          2.7575        0.234777 
        4.62036         2.75778        0.233985 
        4.62649         2.75298        0.233196 
        4.63263         2.74917        0.232411 
        4.63876         2.74941         0.23163 
         4.6449         2.74871        0.230852 
        4.65104         2.74342        0.230077 
        4.65717         2.73994        0.229307 
        4.66331         2.73976         0.22854 
        4.66944         2.73653        0.227776 
        4.67558          2.7346        0.227017 
        4.68171         2.73426         0.22626 
        4.68785         2.73214        0.225506 
        4.69399         2.73037        0.224757 
        4.70012         2.72617        0.224011 
        4.70625         2.72535        0.223268 
        4.71239         2.72311        0.222529 
        4.71853         2.71923        0.221792 
        4.72467         2.72046        0.221059 
         4.7308         2.71749         0.22033 
        4.73694         2.71418        0.219604 
        4.74308         2.70931        0.218881 
        4.74922         2.71029        0.218161 
        4.75535         2.70575        0.217445 
        4.76148         2.70411        0.216732 
        4.76762         2.69963        0.216022 
        4.77376         2.69931        0.215315 
        4.77989         2.69762        0.214612 
        4.78602         2.69436        0.213912 
        4.79216         2.69321        0.213214 
         4.7983         2.69276         0.21252 
        4.80443         2.68842         0.21183 
        4.81056          2.6892        0.211142 
         4.8167         2.68605        0.210456 
        4.82284         2.67721        0.209774 
        4.82898         2.67974        0.209095 
        4.83511         2.67798         0.20842 
        4.84125         2.67348        0.207747 
        4.84739         2.67178        0.207077 
        4.85352         2.67009         0.20641 
        4.85965         2.66852        0.205747 
        4.86579         2.66417        0.205086 
        4.87193         2.66052        0.204427 
        4.87807         2.65824        0.203772 
         4.8842          2.6599         0.20312 
        4.89034         2.65498         0.20247 
        4.89647         2.65511        0.201824 
        4.90261         2.65167         0.20118 
        4.90874         2.64917         0.20054 
        4.91488         2.64623        0.199902 
        4.92102         2.64437        0.199266 
        4.92715         2.64446        0.198633 
        4.93329         2.64087        0.198004 
        4.93942          2.6408        0.197377 
        4.94556         2.63589        0.196752 
         4.9517         2.63556         0.19613 
        4.95783         2.62933        0.195512 
        4.96397          2.6298        0.194895 
        4.97011         2.62836        0.194282 
        4.97624         2.62407        0.193671 
        4.98238         2.62245        0.193063 
        4.98851         2.62059        0.192457 
        4.99465         2.62044        0.191854 
        5.00078          2.6138        0.191254 
        5.00691         2.61356        0.190657 
        5.01305         2.61147        0.190061 
        5.01919         2.60939        0.189468 
        5.02533         2.60783        0.188878 
        5.03146         2.60539         0.18829 
         5.0376          2.6035        0.187705 
        5.04374         2.60106        0.187122 
        5.04987         2.60012        0.186542 
        5.05601         2.59401        0.185965 
        5.06215         2.59617        0.185389 
        5.06829         2.59192        0.184816 
        5.07442         2.59022        0.184246 
        5.08055         2.58612        0.183679 
        5.08668          2.5856        0.183113 
        5.09282         2.58486        0.182549 
        5.09896         2.58067        0.181989 
        5.10509         2.57929        0.181431 
        5.11123         2.57799        0.180875 
        5.11736         2.57415        0.180321 
         5.1235         2.57196         0.17977 
        5.12964         2.57017        0.179221 
        5.13577         2.56869        0.178674 
        5.14191         2.56933        0.178129 
        5.14804         2.56671        0.177587 
        5.15418          2.5623        0.177048 
        5.16032         2.55996         0.17651 
        5.16645         2.55923        0.175974 
        5.17259         2.55783        0.175441 
        5.17872         2.55394         0.17491 
        5.18486         2.55284        0.174381 
          5.191         2.55059        0.173854 
        5.19713          2.5476         0.17333 
        5.20327         2.54584        0.172808 
        5.20941         2.54565        0.172288 
        5.21555         2.54333        0.171769 
        5.22168         2.54336        0.171254 
        5.22781         2.53561        0.170741 
        5.23395           2.537        0.170229 
        5.24009         2.53706        0.169719 
        5.24622         2.53281        0.169212 
        5.25236         2.53035        0.168707 
         5.2585         2.52956        0.168204 
        5.26463         2.52713        0.167702 
        5.27077         2.52418        0.167203 
         5.2769         2.52134        0.166707 
        5.28304          2.5196        0.166212 
        5.28917         2.51946        0.165719 
         5.2953         2.51584        0.165228 
        5.30144         2.51228        0.164739 
        5.30757         2.51302        0.164252 
        5.31371          2.5108        0.163767 
        5.31985         2.51192        0.163284 
        5.32599         2.50637        0.162802 
        5.33213         2.50712        0.162323 
        5.33826         2.50233        0.161846 
         5.3444         2.50129         0.16137 
        5.35053         2.49921        0.160897 
        5.35667         2.49857        0.160425 
        5.36281         2.49827        0.159955 
        5.36894         2.49644        0.159488 
        5.37507         2.49235        0.159022 
        5.38121         2.49019        0.158558 
        5.38735         2.48989        0.158096 
        5.39348         2.48782        0.157636 
        5.39961         2.48722        0.157177 
        5.40575         2.48338         0.15672 
        5.41189         2.48256        0.156265 
        5.41803         2.48243        0.155812 
        5.42416           2.479        0.155361 
         5.4303         2.47854        0.154912 
        5.43644         2.47833        0.154464 
        5.44257         2.47436        0.154018 
        5.44871          2.4734        0.153574 
        5.45484         2.46973        0.153131 
        5.46098         2.47122        0.152691 
        5.46712         2.46974        0.152252 
        5.47325         2.46817        0.151815 
        5.47938         2.46369         0.15138 
        5.48552         2.46461        0.150946 
        5.49165         2.46166        0.150514 
        5.49779         2.45966        0.150084 
        5.50393         2.45829        0.149655 
        5.51006         2.45676        0.149228 
         5.5162         2.45705        0.148802 
        5.52234          2.4536        0.148379 
        5.52847         2.45379        0.147957 
        5.53461         2.45291        0.147536 
        5.54075         2.44858        0.147118 
        5.54688          2.4473        0.146701 
        5.55302         2.44583        0.146285 
        5.55915          2.4446        0.145871 
        5.56529         2.44458        0.145459 
        5.57143         2.44209        0.145048 
        5.57756         2.44064        0.144639 
         5.5837         2.43953        0.144232 
        5.58983         2.43953        0.143826 
        5.59597         2.43683        0.143422 
         5.6021         2.43553        0.143019 
        5.60824         2.43895        0.142618 
        5.61438         2.43248        0.142218 
        5.62051         2.43347         0.14182 
        5.62665         2.43274        0.141424 
        5.63278         2.43221        0.141029 
        5.63892         2.42983        0.140635 
        5.64505         2.42797        0.140243 
        5.65119         2.42765        0.139853 
        5.65733         2.42537        0.139464 
        5.66346          2.4251        0.139076 
         5.6696         2.42541         0.13869 
        5.67573         2.42394        0.138306 
        5.68187         2.42272        0.137922 
          5.688         2.42155        0.137541 
        5.69414         2.41814        0.137161 
        5.70028         2.42012        0.136782 
        5.70642         2.41781        0.136404 
        5.71255         2.41694        0.136029 
        5.71869         2.41574        0.135654 
        5.72482         2.41564        0.135281 
        5.73096         2.41512         0.13491 
        5.73709         2.41413         0.13454 
        5.74322         2.41443        0.134171 
        5.74936         2.41325        0.133804 
         5.7555         2.41359        0.133437 
        5.76164          2.4115        0.133073 
        5.76777         2.41118         0.13271 
        5.77391         2.41144        0.132348 
        5.78005         2.40826        0.131987 
        5.78618         2.40944        0.131628 
        5.79231         2.40949        0.131271 
        5.79845         2.40673        0.130914 
        5.80459         2.40576        0.130558 
        5.81073         2.40469        0.130205 
        5.81686         2.40715        0.129852 
          5.823         2.40297        0.129501 
        5.82914         2.40528        0.129151 
        5.83527         2.40448        0.128803 
         5.8414         2.40329        0.128456 
        5.84754         2.40297        0.128109 
        5.85368         2.40285        0.127765 
        5.85981          2.4023        0.127421 
        5.86595         2.40319        0.127079 
        5.87208         2.40115        0.126738 
        5.87822         2.40147        0.126399 
        5.88435         2.40223        0.126061 
        5.89049         2.40018        0.125724 
        5.89662           2.401        0.125388 
        5.90276         2.40016        0.125053 
         5.9089         2.40158        0.124719 
        5.91503         2.40111        0.124387 
        5.92117         2.39937        0.124056 
        5.92731         2.40084        0.123727 
        5.93344         2.40122        0.123398 
        5.93958         2.40253        0.123071 
        5.94572         2.40025        0.122745 
        5.95186         2.40188        0.122419 
        5.95799         2.40033        0.122096 
        5.96412         2.39992        0.121774 
        5.97026         2.40206        0.121452 
         5.9764         2.40328        0.121132 
        5.98253         2.40254        0.120813 
        5.98866         2.40368        0.120495 
         5.9948         2.40203        0.120178 
        6.00094          2.4028        0.119863 
        6.00707         2.40224        0.119548 
        6.01321         2.40487        0.119235 
        6.01935         2.40408        0.118923 
        6.02548         2.40436        0.118612 
        6.03162         2.40623        0.118302 
        6.03775         2.40698        0.117993 
        6.04389         2.40742        0.117686 
        6.05003         2.40735        0.117379 
        6.05617          2.4097        0.117073 
         6.0623         2.40928        0.116769 
        6.06844          2.4089        0.116466 
        6.07457         2.40893        0.116163 
         6.0807         2.41142        0.115862 
        6.08684         2.41236        0.115563 
        6.09298         2.41337        0.115263 
        6.09912         2.41509        0.114965 
        6.10525         2.41574        0.114669 
        6.11138          2.4133        0.114373 
        6.11752         2.41698        0.114078 
        6.12366         2.41936        0.113784 
        6.12979         2.41962        0.113492 
        6.13593         2.42048          0.1132 
        6.14207         2.42269         0.11291 
         6.1482         2.42148         0.11262 
        6.15434         2.42353        0.112332 
        6.16047         2.42544        0.112044 
        6.16661         2.42703        0.111758 
        6.17274         2.42748        0.111472 
        6.17887         2.42958        0.111188 
        6.18501         2.43251        0.110904 
        6.19115         2.43326        0.110622 
        6.19729         2.43572         0.11034 
        6.20342         2.43545        0.110059 
        6.20956         2.43517         0.10978 
         6.2157         2.43867        0.109501 
        6.22183         2.44034        0.109223 
        6.22797         2.44333        0.108947 
         6.2341         2.44505        0.108671 
        6.24024         2.44461        0.108396 
        6.24638         2.44912        0.108122 
        6.25251         2.44933         0.10785 
        6.25865          2.4537        0.107578 
        6.26478         2.45524        0.107307 
        6.27092         2.45692        0.107037 
        6.27705         2.45834        0.106768 
        6.28318          2.4628          0.1065 
