# k  (h/Mpc)    Pcb(k)  (Mpc/h)^3    Pcb_linear(k)  (Mpc/h)^3
     0.00783031         8463.65         8571.25 
       0.013688         10602.6         10544.5 
       0.019231         10645.6         10628.5 
      0.0249154         9629.26         9773.83 
      0.0312784         8358.03         8413.23 
      0.0375637         7145.62         7134.48 
      0.0433917         6134.32          6203.1 
      0.0492413         5519.11         5538.58 
      0.0555754         4948.78         5053.06 
      0.0619321         4712.91         4695.83 
       0.067871         4303.99         4384.54 
      0.0738098         3965.09         4040.45 
      0.0800417         3539.81         3634.82 
      0.0862327         3168.95         3216.63 
      0.0921407         2842.89         2845.52 
      0.0982031         2515.45          2527.5 
       0.104506         2328.25         2279.89 
       0.110769         2151.91          2110.9 
       0.116806         2022.51         1999.34 
       0.122832          1940.1         1911.55 
       0.129052         1814.64         1820.51 
       0.135211         1715.03         1714.47 
       0.141259         1621.33         1592.68 
       0.147318         1507.67         1461.47 
       0.153489         1370.85         1331.91 
       0.159709          1279.2         1218.06 
       0.165845         1214.22         1128.97 
       0.171974         1140.04         1063.13 
       0.178125         1089.08         1015.06 
       0.184229         1049.12         977.209 
        0.19034         985.916         941.108 
       0.196428         965.977          901.21 
       0.202534         930.752         855.151 
       0.208729          878.59         803.748 
       0.214876           827.7         751.929 
       0.220989         795.379         703.831 
       0.227147         751.601         661.983 
        0.23329         719.662         628.024 
       0.239377           702.9         601.292 
       0.245482         657.721         579.326 
       0.251667         651.715         559.399 
       0.257832         628.838         539.513 
       0.263955         606.937         518.391 
       0.270079         583.755         495.709 
        0.27624         574.264         472.075 
       0.282372         549.754         449.029 
        0.28843         533.641         427.899 
       0.294538         507.817         409.031 
       0.300721          503.64         392.598 
        0.30691           480.5         378.438 
       0.313033         470.562         365.964 
       0.319153         454.857         354.207 
       0.325316         442.273         342.444 
        0.33145         428.686         330.484 
       0.337538         422.622         318.373 
       0.343633         408.512         306.282 
       0.349808         394.852          294.44 
       0.355968         389.992         283.394 
       0.362074         381.335         273.372 
       0.368217         370.908         264.261 
       0.374374         356.729         255.937 
       0.380519         352.757         248.202 
       0.386598         343.899         240.885 
       0.392688         340.592         233.684 
        0.39888         331.158         226.426 
       0.405048         323.708         219.267 
       0.411186         317.097         212.282 
       0.417313         311.068         205.572 
       0.423458          305.02         199.192 
       0.429607         298.514         193.195 
       0.435692         290.484          187.65 
       0.441815          288.23         182.406 
       0.447964         282.622         177.396 
       0.454126         272.405         172.561 
       0.460267         269.019         167.883 
       0.466387         265.811         163.319 
        0.47254         259.985         158.829 
       0.478662         258.768         154.491 
       0.484765         250.646         150.322 
       0.490885         247.417         146.311 
       0.497035         243.681          142.46 
       0.503198          238.09         138.786 
       0.509342         235.635         135.289 
       0.515458         232.467         131.945 
       0.521598         228.383         128.697 
       0.527764         224.888          125.53 
       0.533884         222.068         122.478 
           0.54           218.7         119.515 
       0.546137         217.421         116.628 
       0.552299         213.098         113.819 
       0.558452         210.534          111.11 
       0.564573         207.135         108.516 
       0.570708         203.333         106.013 
       0.576825         200.743         103.607 
       0.582926         197.888         101.286 
       0.589034         195.552         99.0324 
       0.595184         193.444         96.8283 
       0.601379         191.353         94.6723 
       0.607522         187.456          92.597 
       0.613639         186.531         90.5915 
       0.619772         182.463          88.641 
       0.625918         180.888          86.745 
       0.632068         178.675         84.9046 
       0.638161         177.482         83.1355 
         0.6443         174.795         81.4057 
       0.650464         173.036         79.7207 
       0.656582         171.219          78.097 
       0.662703         169.221         76.5192 
       0.668861         166.581         74.9766 
       0.675024         164.676         73.4756 
       0.681124         163.825         72.0306 
       0.687237          161.07         70.6213 
       0.693381         158.828         69.2429 
       0.699536         157.726         67.8988 
       0.705665         157.474         66.5962 
       0.711789         154.181         65.3294 
       0.717957         153.692         64.0872 
        0.72409         151.548         62.8849 
       0.730186         149.292         61.7212 
       0.736317         148.344         60.5812 
       0.742472          147.41         59.4662 
       0.748622         146.041         58.3807 
        0.75476         144.759          57.325 
       0.760888          142.72         56.2972 
       0.767043         142.029         55.2907 
       0.773185         140.509         54.3111 
       0.779291         138.398          53.361 
       0.785407         137.728         52.4324 
       0.791564         136.486         51.5202 
       0.797719         134.453         50.6304 
       0.803834         133.855         49.7674 
       0.809972         132.322         48.9216 
       0.816124         132.051         48.0937 
       0.822261           130.5         47.2874 
       0.828378         129.285         46.5022 
       0.834502         128.861         45.7343 
       0.840667         127.007         44.9789 
       0.846816         125.793         44.2428 
       0.852925         125.021          43.528 
       0.859047         123.523         42.8276 
       0.865192         122.834         42.1405 
       0.871341         121.683         41.4681 
       0.877463          120.57         40.8136 
       0.883569         119.794         40.1749 
       0.889708         118.891         39.5468 
       0.895864         117.759         38.9305 
       0.902008         116.932         38.3288 
       0.908149         116.332         37.7403 
       0.914301         115.096         37.1633 
       0.920448          114.29         36.5989 
       0.926574         113.555         36.0484 
       0.932687         113.206         35.5104 
       0.938823         111.502         34.9816 
       0.944975         110.522         34.4624 
       0.951105         109.987         33.9557 
       0.957225          108.72         33.4601 
       0.963368         108.025         32.9728 
       0.969511         107.727         32.4952 
       0.975621         107.204         32.0297 
       0.981748         106.332         31.5722 
       0.987916         105.228         31.1209 
        0.99406         104.579         30.6801 
        1.00019         103.909         30.2487 
        1.00632         103.196         29.8262 
        1.01246         102.451         29.4111 
        1.01859         101.214         29.0046 
        1.02471          101.18         28.6064 
        1.03085         100.147         28.2144 
        1.03698         99.5815         27.8305 
        1.04314         98.6471         27.4523 
        1.04929         98.0854          27.082 
        1.05541         97.3577           26.72 
        1.06154         96.9197         26.3639 
        1.06769         96.5451         26.0137 
        1.07382         95.9885          25.671 
        1.07993         95.2461         25.3354 
        1.08607         94.4906         25.0044 
        1.09222         94.0786          24.679 
        1.09836         93.3195         24.3598 
        1.10449         92.7765         24.0466 
        1.11063         92.1581         23.7387 
        1.11677          91.726         23.4362 
         1.1229         90.7471         23.1396 
        1.12903         89.9984         22.8479 
        1.13518         90.2399          22.561 
        1.14131         89.4618         22.2793 
        1.14745         88.6165         22.0025 
        1.15359         88.2058         21.7304 
        1.15973         87.8109         21.4628 
        1.16584         87.1012          21.201 
        1.17197          86.635         20.9432 
        1.17811         86.1007         20.6889 
        1.18424          85.503         20.4395 
        1.19038         85.0217         20.1936 
        1.19652         84.6379         19.9519 
        1.20267         83.9099         19.7141 
        1.20881         83.5047         19.4802 
        1.21495         82.9086         19.2506 
        1.22108         82.5039         19.0247 
         1.2272         81.7893         18.8029 
        1.23334         81.5066         18.5842 
        1.23949           80.96         18.3685 
        1.24562         80.6307         18.1568 
        1.25174         80.1129         17.9488 
        1.25789         79.7506         17.7435 
        1.26402         79.3386         17.5417 
        1.27014         78.5932         17.3436 
        1.27628         78.3885          17.148 
        1.28244         77.7405          16.955 
        1.28858         77.4674         16.7653 
        1.29471         77.0453         16.5789 
        1.30084          76.562         16.3955 
        1.30697         76.1142         16.2147 
        1.31312         75.7093         16.0363 
        1.31925         75.3718         15.8612 
        1.32537         75.0359         15.6889 
        1.33151         74.2868         15.5185 
        1.33765         73.9488         15.3508 
        1.34378         73.5108         15.1859 
        1.34992         73.2864         15.0233 
        1.35606         72.8624         14.8628 
         1.3622         72.2226         14.7049 
        1.36833         72.0844         14.5496 
        1.37445         71.6378         14.3967 
        1.38059         71.1003         14.2456 
        1.38675         70.7309         14.0962 
        1.39288         70.3167         13.9496 
        1.39901         70.2114         13.8051 
        1.40515         69.7534         13.6624 
         1.4113         69.3296         13.5218 
        1.41742          69.191         13.3837 
        1.42355         68.5517         13.2472 
         1.4297          68.305         13.1123 
        1.43585         67.7868         12.9793 
        1.44198         67.5495         12.8487 
        1.44809         67.2185         12.7201 
        1.45423          66.861         12.5928 
        1.46036         66.6322         12.4675 
        1.46649         66.2145         12.3439 
        1.47263         65.7808         12.2218 
        1.47877         65.6032         12.1015 
        1.48491         65.2989         11.9825 
        1.49104         64.8314         11.8655 
        1.49718         64.3803         11.7499 
        1.50333         64.1535         11.6357 
        1.50947         63.8169         11.5232 
         1.5156         63.5135         11.4124 
        1.52172         63.2578         11.3031 
        1.52787         63.0742         11.1949 
          1.534         62.6394         11.0884 
        1.54013         62.2444         10.9833 
        1.54627         62.0358         10.8794 
        1.55241         61.6006         10.7768 
        1.55855         61.2894         10.6757 
        1.56467         60.8678         10.5762 
         1.5708          60.824         10.4776 
        1.57695         60.5454         10.3802 
        1.58308         60.0713         10.2843 
        1.58922          60.012         10.1895 
        1.59535         59.7627         10.0959 
         1.6015         59.1692         10.0034 
        1.60764         59.0398         9.91208 
        1.61376         58.6878         9.82217 
        1.61989         58.3443         9.73331 
        1.62604         58.2124         9.64534 
        1.63218         58.0028         9.55853 
        1.63831          57.635         9.47299 
        1.64444         57.3236         9.38846 
        1.65059         56.9319         9.30477 
        1.65673         56.7844          9.2222 
        1.66285         56.4424         9.14086 
        1.66898         56.2013         9.06047 
        1.67512          55.848          8.9809 
        1.68127         55.5487         8.90222 
         1.6874         55.4101         8.82465 
        1.69353         55.0941         8.74806 
        1.69967         54.8103         8.67219 
        1.70581         54.7145         8.59726 
        1.71193         54.4556          8.5235 
        1.71806         53.9345         8.45045 
        1.72421         53.8615         8.37811 
        1.73035         53.5488          8.3067 
        1.73649         53.1407         8.23614 
        1.74262         53.0929         8.16646 
        1.74876         52.8301         8.09754 
        1.75489         52.5201         8.02956 
        1.76101         52.3445         7.96239 
        1.76715         51.9934         7.89589 
        1.77329         51.8014         7.83007 
        1.77943         51.5143         7.76498 
        1.78557         51.3701         7.70072 
        1.79171         51.0596         7.63719 
        1.79785         50.8554         7.57436 
        1.80399         50.6435         7.51225 
        1.81012         50.4514         7.45093 
        1.81625         49.9768         7.39031 
        1.82239          49.866         7.33029 
        1.82853         49.5023         7.27096 
        1.83466         49.4162         7.21235 
        1.84078         49.0324         7.15444 
        1.84692         48.8349         7.09709 
        1.85306         48.6537         7.04029 
         1.8592         48.3402          6.9842 
        1.86533         48.2161         6.92876 
        1.87147         48.0005         6.87386 
        1.87761         47.8193         6.81953 
        1.88375         47.5514         6.76585 
        1.88988         47.5021          6.7128 
        1.89601         47.1121          6.6603 
        1.90215         46.9319         6.60832 
        1.90829         46.8052         6.55692 
        1.91442         46.5258         6.50606 
        1.92056         46.2484         6.45578 
         1.9267         45.9842         6.40599 
        1.93284          45.844         6.35669 
        1.93897         45.6422         6.30801 
        1.94509         45.3377         6.25994 
        1.95123         45.2672         6.21225 
        1.95737         45.0039         6.16502 
        1.96349         44.7611         6.11841 
        1.96964         44.6865         6.07215 
        1.97578         44.3758         6.02634 
        1.98192         44.2174          5.9811 
        1.98805         44.0416         5.93632 
        1.99419         43.7318           5.892 
        2.00033         43.5691         5.84811 
        2.00647         43.3745         5.80468 
         2.0126         43.1511         5.76177 
        2.01874         43.0173         5.71923 
        2.02488         42.8735         5.67708 
        2.03101         42.5842         5.63543 
        2.03714         42.4053         5.59424 
        2.04328         42.1792         5.55342 
        2.04941         41.9649         5.51304 
        2.05554         41.7325         5.47309 
        2.06167         41.6931         5.43348 
        2.06781         41.4508         5.39426 
        2.07396         41.2433         5.35538 
        2.08009         41.0959         5.31694 
        2.08622         40.8321         5.27893 
        2.09237         40.6666         5.24121 
        2.09851         40.4756         5.20386 
        2.10464         40.3194         5.16693 
        2.11077         40.1899         5.13041 
        2.11691         39.9421         5.09416 
        2.12305         39.7191         5.05825 
        2.12918         39.5874         5.02278 
        2.13531         39.3596         4.98765 
        2.14145         39.2708         4.95277 
         2.1476         39.0467         4.91819 
        2.15372          38.818         4.88411 
        2.15985         38.6915         4.85031 
        2.16599         38.6439         4.81674 
        2.17213         38.4876         4.78353 
        2.17827          38.183         4.75064 
         2.1844         38.0187         4.71808 
        2.19054         37.8321         4.68582 
        2.19666         37.6864         4.65391 
         2.2028         37.5088         4.62227 
        2.20893         37.4056          4.5909 
        2.21508         37.2404         4.55979 
        2.22122          37.006         4.52896 
        2.22736          36.876         4.49849 
        2.23349          36.745         4.46829 
        2.23962         36.4762         4.43836 
        2.24577         36.3418         4.40868 
         2.2519         36.1642         4.37932 
        2.25802         36.0845         4.35026 
        2.26417         35.8997          4.3214 
        2.27031         35.8067         4.29276 
        2.27644         35.5171         4.26447 
        2.28257         35.4313         4.23644 
        2.28872         35.2104         4.20861 
        2.29486         35.1492         4.18103 
        2.30099         34.9772         4.15376 
        2.30712         34.8211         4.12672 
        2.31326         34.7045         4.09987 
         2.3194         34.5259         4.07328 
        2.32553         34.3563         4.04697 
        2.33166         34.2205          4.0209 
         2.3378          34.029         3.99503 
        2.34394         33.8271         3.96938 
        2.35007         33.7267         3.94399 
        2.35619         33.6554         3.91885 
        2.36233         33.5376         3.89388 
        2.36848         33.2785         3.86907 
        2.37462         33.2191         3.84452 
        2.38075         33.0463         3.82022 
        2.38689         32.9851          3.7961 
        2.39303         32.7694          3.7722 
        2.39916         32.5795         3.74853 
        2.40529         32.3613         3.72506 
        2.41143         32.3401         3.70177 
        2.41757         32.2356         3.67868 
         2.4237         32.0463         3.65582 
        2.42983         31.9227         3.63316 
        2.43598         31.7297         3.61064 
        2.44211         31.6091         3.58834 
        2.44823         31.4867         3.56628 
        2.45437         31.3938         3.54434 
        2.46052         31.1762         3.52257 
        2.46665         31.1253         3.50102 
        2.47279         30.9808         3.47966 
        2.47892         30.7916         3.45847 
        2.48507         30.6832         3.43743 
         2.4912         30.5559         3.41661 
        2.49733         30.4288         3.39597 
        2.50347         30.2593         3.37546 
        2.50961         30.1728         3.35512 
        2.51575         30.0741         3.33497 
        2.52188         29.8932           3.315 
        2.52802         29.8123         3.29518 
        2.53416         29.7175         3.27551 
        2.54029         29.5156         3.25603 
        2.54641         29.4775         3.23672 
        2.55255         29.3202         3.21755 
        2.55869         29.1761         3.19851 
        2.56483         29.0677         3.17964 
        2.57096         28.9217         3.16095 
        2.57709         28.7759          3.1424 
        2.58323           28.66         3.12398 
        2.58937         28.5385         3.10571 
        2.59551          28.428          3.0876 
        2.60164         28.3334         3.06964 
        2.60778         28.1848         3.05181 
        2.61392         28.0525         3.03412 
        2.62006         27.9534         3.01658 
        2.62619         27.8291         2.99919 
        2.63232         27.7013         2.98195 
        2.63846          27.626         2.96481 
        2.64459         27.4756         2.94784 
        2.65072         27.3309         2.93099 
        2.65686         27.2445         2.91428 
          2.663         27.1395         2.89767 
        2.66915         27.0198         2.88119 
        2.67527         26.9102         2.86487 
        2.68141         26.8263         2.84868 
        2.68755         26.7142         2.83259 
        2.69368         26.5845         2.81664 
        2.69981         26.4358         2.80084 
        2.70595          26.333         2.78512 
        2.71209         26.2234         2.76951 
        2.71823         26.1313         2.75405 
        2.72436         26.0392         2.73871 
         2.7305         25.9029         2.72348 
        2.73663         25.8124         2.70837 
        2.74276         25.6318         2.69339 
         2.7489         25.6207         2.67851 
        2.75504         25.4763         2.66373 
        2.76118         25.3838         2.64905 
        2.76732          25.277         2.63451 
        2.77345          25.171         2.62008 
        2.77959         25.0534         2.60575 
        2.78572         24.9752         2.59153 
        2.79186         24.8279         2.57743 
        2.79798          24.739         2.56345 
        2.80412          24.674         2.54954 
        2.81027         24.5678         2.53572 
         2.8164          24.441         2.52203 
        2.82253         24.3837         2.50845 
        2.82867         24.2217         2.49495 
        2.83481         24.1411         2.48156 
        2.84095         24.0393         2.46826 
        2.84708         23.9557         2.45508 
        2.85322         23.8161         2.44197 
        2.85935         23.7691         2.42897 
        2.86549         23.7023         2.41607 
        2.87162         23.5721         2.40326 
        2.87776          23.496         2.39055 
        2.88389         23.3631         2.37792 
        2.89003         23.2497         2.36539 
        2.89617         23.1659         2.35295 
        2.90231         23.1016         2.34059 
        2.90844         22.9826         2.32833 
        2.91458         22.8864         2.31616 
        2.92071         22.7875         2.30408 
        2.92684          22.705         2.29209 
        2.93298         22.6147         2.28018 
         2.9391         22.5348         2.26837 
        2.94524         22.4133         2.25663 
        2.95138         22.3248         2.24497 
        2.95752         22.2549         2.23338 
        2.96367         22.1474         2.22187 
         2.9698         22.0911         2.21046 
        2.97594         21.9955         2.19912 
        2.98207         21.8848         2.18787 
        2.98821         21.7985          2.1767 
        2.99434          21.701         2.16561 
        3.00048         21.6652         2.15459 
        3.00662         21.5638         2.14365 
        3.01275         21.4353         2.13279 
        3.01888         21.3629         2.12201 
        3.02503          21.309         2.11129 
        3.03117         21.1973         2.10065 
        3.03729         21.1136          2.0901 
        3.04342         21.0263         2.07962 
        3.04957         20.9603         2.06918 
         3.0557         20.8989         2.05884 
        3.06183         20.7817         2.04858 
        3.06796         20.7041         2.03838 
        3.07411         20.6154         2.02822 
        3.08025         20.5181         2.01816 
        3.08637         20.4263         2.00818 
         3.0925          20.352         1.99826 
        3.09865         20.2861         1.98838 
         3.1048         20.2007         1.97857 
        3.11093         20.1208         1.96885 
        3.11706         20.0455         1.95919 
         3.1232         19.9552          1.9496 
        3.12933         19.8608         1.94006 
        3.13547         19.8079          1.9306 
        3.14159         19.7216         1.92121 
        3.14773         19.6618         1.91186 
        3.15388          19.552         1.90257 
        3.16001          19.457         1.89336 
        3.16614         19.4198         1.88421 
        3.17228         19.3402         1.87512 
        3.17842          19.267         1.86608 
        3.18455         19.2176         1.85711 
        3.19068         19.1013         1.84821 
        3.19682         19.0311         1.83934 
        3.20297         18.9503         1.83054 
         3.2091         18.8812          1.8218 
        3.21524         18.7979         1.81312 
        3.22138         18.7601         1.80449 
         3.2275         18.6459         1.79594 
        3.23363         18.5841         1.78744 
        3.23977         18.5183         1.77898 
        3.24591         18.4449         1.77058 
        3.25205         18.3863         1.76222 
        3.25818         18.2705         1.75393 
        3.26432         18.2281         1.74569 
        3.27046         18.1321         1.73751 
         3.2766         18.0835         1.72937 
        3.28273          18.024         1.72129 
        3.28887         17.9358         1.71327 
          3.295         17.8594         1.70529 
        3.30113         17.7914         1.69737 
        3.30727         17.7563          1.6895 
        3.31341         17.6535         1.68168 
        3.31954          17.583         1.67391 
        3.32568         17.5197         1.66618 
        3.33182         17.4546          1.6585 
        3.33795         17.3737         1.65088 
        3.34409         17.3395         1.64329 
        3.35022          17.267         1.63576 
        3.35636         17.1991         1.62828 
         3.3625         17.1239         1.62084 
        3.36864         17.0752         1.61345 
        3.37477         16.9851         1.60611 
        3.38091         16.9244         1.59881 
        3.38704         16.8652         1.59156 
        3.39318         16.7962         1.58435 
        3.39931         16.7339         1.57719 
        3.40545         16.6891         1.57008 
        3.41158         16.6037           1.563 
        3.41772         16.5284         1.55597 
        3.42385         16.4779         1.54899 
        3.42998         16.4119         1.54205 
        3.43612         16.3404         1.53516 
        3.44226         16.2731          1.5283 
         3.4484         16.2101         1.52147 
        3.45453         16.1804          1.5147 
        3.46066         16.1031         1.50798 
        3.46681         16.0238         1.50127 
        3.47295         15.9854         1.49462 
        3.47908         15.9191         1.48802 
        3.48521         15.8577         1.48145 
        3.49135         15.8061         1.47492 
        3.49749         15.7247         1.46843 
        3.50362         15.6796         1.46198 
        3.50976         15.6146         1.45557 
        3.51589         15.5485          1.4492 
        3.52203         15.4914         1.44286 
        3.52816           15.44         1.43657 
        3.53429         15.3977         1.43032 
        3.54043         15.3242         1.42409 
        3.54657         15.2754          1.4179 
        3.55271         15.2039         1.41176 
        3.55884         15.1569         1.40565 
        3.56498         15.0965         1.39957 
        3.57112         15.0305         1.39353 
        3.57725         14.9849         1.38753 
        3.58338         14.9095         1.38157 
        3.58952         14.8729         1.37564 
        3.59566         14.7938         1.36974 
         3.6018         14.7466         1.36388 
        3.60793         14.6935         1.35805 
        3.61407         14.6357         1.35226 
        3.62021         14.5977          1.3465 
        3.62634         14.5202         1.34078 
        3.63247         14.4729         1.33509 
        3.63861         14.4248         1.32944 
        3.64475          14.371          1.3238 
        3.65089         14.3051         1.31821 
        3.65702         14.2771         1.31266 
        3.66316         14.2098         1.30713 
        3.66929         14.1641         1.30164 
        3.67543         14.1016         1.29618 
        3.68156         14.0518         1.29075 
        3.68769         13.9852         1.28535 
        3.69383         13.9581         1.27998 
        3.69997         13.9039         1.27464 
        3.70611         13.8314         1.26933 
        3.71224         13.8122         1.26405 
        3.71838         13.7366          1.2588 
        3.72451          13.696         1.25359 
        3.73065         13.6611          1.2484 
        3.73678         13.6047         1.24325 
        3.74292         13.5419         1.23811 
        3.74906         13.4955         1.23301 
        3.75519         13.4433         1.22794 
        3.76133         13.3925          1.2229 
        3.76746         13.3395         1.21789 
         3.7736         13.3025         1.21291 
        3.77974          13.246         1.20795 
        3.78588         13.1919         1.20302 
        3.79201         13.1571         1.19812 
        3.79814         13.1014         1.19324 
        3.80428         13.0515          1.1884 
        3.81042         13.0157         1.18357 
        3.81655         12.9554         1.17878 
        3.82268         12.9186         1.17402 
        3.82882         12.8552         1.16928 
        3.83496         12.8133         1.16457 
        3.84109         12.7777         1.15988 
        3.84723          12.738         1.15522 
        3.85337         12.6696         1.15058 
        3.85951         12.6353         1.14596 
        3.86565         12.5914         1.14138 
        3.87178         12.5419         1.13682 
        3.87791         12.4996         1.13229 
        3.88405          12.447         1.12778 
        3.89019         12.4184         1.12329 
        3.89632          12.367         1.11883 
        3.90246         12.3094         1.11439 
         3.9086          12.269         1.10998 
        3.91473         12.2365         1.10559 
        3.92086         12.1766         1.10124 
        3.92699         12.1424          1.0969 
        3.93313         12.0997         1.09258 
        3.93927         12.0502         1.08828 
         3.9454          12.008         1.08401 
        3.95154         11.9907         1.07976 
        3.95768         11.9278         1.07554 
        3.96382         11.8765         1.07134 
        3.96995         11.8333         1.06716 
        3.97609         11.7836           1.063 
        3.98222         11.7619         1.05887 
        3.98836          11.711         1.05475 
         3.9945         11.6618         1.05066 
        4.00063         11.6336          1.0466 
        4.00677         11.5924         1.04255 
        4.01291         11.5623         1.03852 
        4.01904         11.5171         1.03452 
        4.02517         11.4647         1.03054 
        4.03131         11.4253         1.02658 
        4.03745         11.3892         1.02263 
        4.04358         11.3518         1.01871 
        4.04972         11.3098         1.01482 
        4.05585         11.2578         1.01094 
        4.06199         11.2295         1.00708 
        4.06812         11.1906         1.00324 
        4.07426         11.1461        0.999425 
         4.0804         11.1035        0.995625 
        4.08654         11.0697        0.991844 
        4.09267         11.0326        0.988089 
         4.0988          10.985        0.984355 
        4.10494         10.9625        0.980636 
        4.11108          10.907        0.976934 
        4.11721         10.8728        0.973255 
        4.12334         10.8374        0.969595 
        4.12948         10.7948        0.965954 
        4.13561         10.7636        0.962329 
        4.14176         10.7274        0.958721 
        4.14789         10.6937        0.955132 
        4.15403         10.6573        0.951566 
        4.16016          10.615        0.948016 
         4.1663         10.5783        0.944484 
        4.17243         10.5254        0.940973 
        4.17857         10.5071        0.937477 
        4.18471         10.4672        0.933998 
        4.19084         10.4315        0.930538 
        4.19698         10.3912        0.927096 
        4.20312         10.3678         0.92367 
        4.20925         10.3341        0.920263 
        4.21538         10.2824        0.916876 
        4.22152         10.2545        0.913501 
        4.22766         10.2211        0.910143 
         4.2338          10.185        0.906806 
        4.23993         10.1383        0.903484 
        4.24607         10.1183        0.900178 
         4.2522         10.0844        0.896889 
        4.25834         10.0406        0.893616 
        4.26447          10.014        0.890362 
        4.27061         9.97562        0.887124 
        4.27674         9.92861          0.8839 
        4.28288          9.9113         0.88069 
        4.28902          9.8793        0.877499 
        4.29515         9.83754        0.874325 
        4.30129         9.80931        0.871165 
        4.30743         9.77004        0.868018 
        4.31356         9.73381         0.86489 
        4.31969         9.71738         0.86178 
        4.32583         9.67759        0.858684 
        4.33197         9.65016        0.855598 
         4.3381         9.61264        0.852531 
        4.34424         9.58436         0.84948 
        4.35038          9.5448        0.846439 
        4.35652         9.51697        0.843416 
        4.36265         9.49048        0.840411 
        4.36878         9.44524        0.837419 
        4.37492         9.42399        0.834439 
        4.38106          9.3841        0.831474 
        4.38719         9.36686        0.828527 
        4.39333         9.32843        0.825595 
        4.39946          9.2917        0.822675 
         4.4056         9.26744        0.819768 
        4.41173          9.2362        0.816876 
        4.41786         9.20785        0.814002 
          4.424         9.16186        0.811138 
        4.43014         9.14411        0.808285 
        4.43628         9.11224        0.805446 
        4.44241         9.08752        0.802625 
        4.44855         9.05474        0.799815 
        4.45469         9.02391        0.797017 
        4.46083         8.99641        0.794236 
        4.46696         8.96195         0.79147 
        4.47309         8.93891        0.788713 
        4.47923         8.90902        0.785969 
        4.48537         8.88188        0.783242 
         4.4915          8.8578        0.780526 
        4.49764         8.82562        0.777821 
        4.50378         8.79163        0.775129 
        4.50991         8.76607        0.772455 
        4.51604         8.73894        0.769792 
        4.52218         8.71402        0.767136 
        4.52832         8.67587        0.764497 
        4.53445          8.6471        0.761871 
        4.54059         8.62808        0.759257 
        4.54673         8.59401        0.756653 
        4.55286         8.57298        0.754062 
          4.559         8.53653        0.751485 
        4.56513         8.51527         0.74892 
        4.57127         8.48611        0.746367 
        4.57741         8.45779        0.743823 
        4.58354         8.43283        0.741294 
        4.58968         8.41456        0.738776 
        4.59582         8.37724        0.736268 
        4.60195         8.35611        0.733774 
        4.60809         8.32175        0.731293 
        4.61422         8.29394        0.728821 
        4.62036         8.27642        0.726362 
        4.62649         8.24295        0.723913 
        4.63263         8.22034        0.721476 
        4.63876         8.18864         0.71905 
         4.6449         8.16605        0.716635 
        4.65104           8.139        0.714231 
        4.65717         8.12137         0.71184 
        4.66331         8.08856        0.709459 
        4.66944         8.07178        0.707088 
        4.67558         8.04001         0.70473 
        4.68171         8.02049        0.702381 
        4.68785         7.99288        0.700041 
        4.69399         7.95925        0.697714 
        4.70012         7.94589          0.6954 
        4.70625         7.91795        0.693094 
        4.71239         7.88732        0.690797 
        4.71853         7.86495        0.688512 
        4.72467         7.84182        0.686236 
         4.7308         7.81492        0.683972 
        4.73694         7.80096        0.681718 
        4.74308         7.76983        0.679473 
        4.74922         7.74855        0.677238 
        4.75535         7.72155        0.675016 
        4.76148         7.70242        0.672804 
        4.76762         7.67227        0.670598 
        4.77376         7.64689        0.668404 
        4.77989         7.63475        0.666222 
        4.78602         7.60254        0.664048 
        4.79216         7.58364        0.661882 
         4.7983         7.55983        0.659727 
        4.80443         7.54578        0.657584 
        4.81056         7.51178        0.655449 
         4.8167         7.48777        0.653321 
        4.82284         7.47054        0.651203 
        4.82898         7.44589        0.649096 
        4.83511         7.42124           0.647 
        4.84125         7.40582         0.64491 
        4.84739         7.38355         0.64283 
        4.85352         7.36275        0.640762 
        4.85965         7.33707        0.638701 
        4.86579         7.31948        0.636649 
        4.87193         7.29339        0.634605 
        4.87807         7.26515        0.632571 
         4.8842         7.24869        0.630547 
        4.89034          7.2315         0.62853 
        4.89647         7.21082        0.626523 
        4.90261         7.19508        0.624525 
        4.90874         7.16914        0.622537 
        4.91488         7.14646        0.620556 
        4.92102         7.13204        0.618583 
        4.92715         7.10659        0.616619 
        4.93329         7.08081        0.614665 
        4.93942         7.06476        0.612717 
        4.94556         7.03918        0.610779 
         4.9517         7.01995        0.608849 
        4.95783         7.00839        0.606928 
        4.96397         6.98588        0.605015 
        4.97011         6.96603         0.60311 
        4.97624         6.94108        0.601214 
        4.98238         6.92584        0.599326 
        4.98851           6.902        0.597447 
        4.99465         6.88623        0.595574 
        5.00078         6.86364        0.593711 
        5.00691         6.84565        0.591856 
        5.01305         6.82903        0.590009 
        5.01919         6.80967        0.588167 
        5.02533         6.79011        0.586334 
        5.03146         6.76558        0.584511 
         5.0376         6.75952        0.582695 
        5.04374         6.72631        0.580885 
        5.04987         6.71082        0.579084 
        5.05601         6.68901        0.577291 
        5.06215         6.67049        0.575505 
        5.06829         6.65699        0.573726 
        5.07442         6.64139        0.571956 
        5.08055         6.61933        0.570195 
        5.08668         6.59679        0.568439 
        5.09282         6.58849         0.56669 
        5.09896         6.57419         0.56495 
        5.10509         6.55182        0.563217 
        5.11123           6.533        0.561491 
        5.11736         6.51553        0.559772 
         5.1235         6.49604         0.55806 
        5.12964         6.48194        0.556356 
        5.13577         6.45734        0.554658 
        5.14191         6.44359        0.552968 
        5.14804         6.42528        0.551286 
        5.15418         6.41564         0.54961 
        5.16032         6.39764         0.54794 
        5.16645         6.38126        0.546278 
        5.17259         6.36253        0.544623 
        5.17872         6.34925        0.542975 
        5.18486         6.32672        0.541333 
          5.191         6.31672        0.539697 
        5.19713         6.29742        0.538071 
        5.20327         6.27376         0.53645 
        5.20941          6.2654        0.534834 
        5.21555          6.2427        0.533225 
        5.22168         6.23375        0.531625 
        5.22781         6.21775        0.530031 
        5.23395         6.19606        0.528444 
        5.24009          6.1826        0.526861 
        5.24622         6.16673        0.525287 
        5.25236         6.14925        0.523719 
         5.2585         6.13136        0.522156 
        5.26463         6.12424          0.5206 
        5.27077          6.1056        0.519051 
         5.2769         6.08983        0.517508 
        5.28304         6.07244        0.515972 
        5.28917          6.0565        0.514442 
         5.2953         6.04358        0.512919 
        5.30144         6.03095        0.511401 
        5.30757         6.01852        0.509889 
        5.31371           5.999        0.508383 
        5.31985         5.98399        0.506882 
        5.32599          5.9689        0.505388 
        5.33213         5.95275          0.5039 
        5.33826         5.93976        0.502418 
         5.3444         5.92759        0.500943 
        5.35053         5.91609        0.499473 
        5.35667         5.90273         0.49801 
        5.36281         5.88387        0.496551 
        5.36894         5.86932        0.495099 
        5.37507         5.85979        0.493654 
        5.38121         5.84349        0.492213 
        5.38735         5.83506        0.490777 
        5.39348         5.81695         0.48935 
        5.39961         5.80419        0.487927 
        5.40575          5.7937        0.486509 
        5.41189         5.77216        0.485096 
        5.41803         5.76688        0.483689 
        5.42416         5.74887        0.482289 
         5.4303         5.73786        0.480893 
        5.43644           5.724        0.479503 
        5.44257         5.71226         0.47812 
        5.44871         5.70028         0.47674 
        5.45484         5.68461        0.475367 
        5.46098         5.67611        0.473999 
        5.46712         5.65767        0.472636 
        5.47325         5.64858        0.471279 
        5.47938         5.63762        0.469929 
        5.48552         5.62609        0.468583 
        5.49165         5.61167        0.467242 
        5.49779         5.60295        0.465906 
        5.50393         5.58611        0.464574 
        5.51006         5.57582        0.463248 
         5.5162         5.56515        0.461928 
        5.52234         5.55347        0.460613 
        5.52847         5.53781        0.459303 
        5.53461         5.52319        0.457998 
        5.54075          5.5202        0.456698 
        5.54688         5.50556        0.455404 
        5.55302         5.49554        0.454114 
        5.55915         5.48501        0.452829 
        5.56529         5.46912         0.45155 
        5.57143         5.46316        0.450275 
        5.57756         5.44812        0.449004 
         5.5837         5.43853         0.44774 
        5.58983         5.42793        0.446481 
        5.59597         5.41786        0.445226 
         5.6021         5.40877        0.443975 
        5.60824         5.39447         0.44273 
        5.61438         5.39037        0.441489 
        5.62051          5.3689        0.440253 
        5.62665         5.36674        0.439022 
        5.63278         5.35482        0.437796 
        5.63892          5.3463        0.436575 
        5.64505         5.33979        0.435358 
        5.65119         5.32737        0.434146 
        5.65733         5.31564        0.432938 
        5.66346         5.30508        0.431735 
         5.6696         5.28747        0.430537 
        5.67573         5.28295        0.429343 
        5.68187         5.27501        0.428154 
          5.688         5.26614         0.42697 
        5.69414         5.25686        0.425789 
        5.70028         5.24942        0.424613 
        5.70642         5.24056        0.423441 
        5.71255         5.22785        0.422275 
        5.71869         5.22136        0.421113 
        5.72482         5.21153        0.419955 
        5.73096         5.20261        0.418802 
        5.73709         5.19145        0.417653 
        5.74322         5.18538        0.416509 
        5.74936         5.17348        0.415368 
         5.7555         5.17037        0.414231 
        5.76164         5.16114        0.413099 
        5.76777         5.15327        0.411972 
        5.77391          5.1442        0.410848 
        5.78005         5.13404        0.409728 
        5.78618         5.12648        0.408614 
        5.79231         5.11751        0.407504 
        5.79845         5.10862        0.406397 
        5.80459         5.10024        0.405293 
        5.81073         5.09537        0.404195 
        5.81686         5.08901        0.403102 
          5.823          5.0836        0.402011 
        5.82914         5.07403        0.400924 
        5.83527         5.06814        0.399843 
         5.8414         5.05462        0.398766 
        5.84754         5.05108        0.397691 
        5.85368         5.04335        0.396621 
        5.85981         5.03895        0.395555 
        5.86595         5.02683        0.394493 
        5.87208         5.02429        0.393435 
        5.87822         5.01403        0.392381 
        5.88435          5.0074        0.391331 
        5.89049         5.00249        0.390285 
        5.89662         4.99614        0.389242 
        5.90276         4.98788        0.388203 
         5.9089         4.97799        0.387167 
        5.91503         4.97456        0.386137 
        5.92117         4.96758        0.385109 
        5.92731         4.96505        0.384085 
        5.93344         4.95672        0.383065 
        5.93958         4.94896         0.38205 
        5.94572         4.94794        0.381037 
        5.95186         4.94113        0.380028 
        5.95799         4.93357        0.379024 
        5.96412         4.92816        0.378022 
        5.97026         4.92165        0.377024 
         5.9764         4.91918        0.376031 
        5.98253         4.91215        0.375041 
        5.98866         4.91096        0.374054 
         5.9948         4.89905         0.37307 
        6.00094         4.89979        0.372091 
        6.00707         4.89247        0.371115 
        6.01321         4.88679        0.370142 
        6.01935          4.8814        0.369173 
        6.02548         4.87725        0.368207 
        6.03162         4.87188        0.367246 
        6.03775         4.87189        0.366288 
        6.04389         4.86502        0.365332 
        6.05003           4.863         0.36438 
        6.05617         4.85561        0.363431 
         6.0623         4.85261        0.362486 
        6.06844         4.84921        0.361545 
        6.07457         4.84263        0.360607 
         6.0807         4.83977        0.359673 
        6.08684         4.83797        0.358742 
        6.09298          4.8346        0.357813 
        6.09912         4.83108        0.356888 
        6.10525         4.82627        0.355967 
        6.11138         4.82332        0.355049 
        6.11752         4.82053        0.354133 
        6.12366         4.81943        0.353222 
        6.12979         4.81567        0.352314 
        6.13593         4.81017        0.351409 
        6.14207         4.81165        0.350506 
         6.1482         4.80503        0.349607 
        6.15434         4.80352        0.348712 
        6.16047         4.80315        0.347819 
        6.16661          4.8011         0.34693 
        6.17274         4.79436        0.346044 
        6.17887         4.79189        0.345161 
        6.18501         4.79308        0.344281 
        6.19115         4.78838        0.343403 
        6.19729         4.78712        0.342529 
        6.20342         4.78038        0.341658 
        6.20956         4.78382         0.34079 
         6.2157          4.7812        0.339925 
        6.22183         4.77776        0.339063 
        6.22797         4.77551        0.338205 
         6.2341          4.7782        0.337349 
        6.24024         4.77569        0.336496 
        6.24638         4.77526        0.335645 
        6.25251         4.77337        0.334799 
        6.25865         4.77223        0.333955 
        6.26478         4.77066        0.333114 
        6.27092         4.77073        0.332276 
        6.27705          4.7703        0.331441 
        6.28318         4.77134        0.330608 
