# k  (h/Mpc)    P(k)  (Mpc/h)^3    P_linear(k)  (Mpc/h)^3
     0.00783031         12769.5         12964.5 
       0.013688         16034.2         15926.1 
       0.019231         16054.5           16040 
      0.0249154         14453.9         14742.5 
      0.0312784         12554.2         12685.7 
      0.0375637           10751           10755 
      0.0433917          9196.5         9349.48 
      0.0492413         8289.13         8346.88 
      0.0555754         7395.78         7614.43 
      0.0619321         7079.58         7075.59 
       0.067871         6430.53         6606.16 
      0.0738098         5926.33         6087.45 
      0.0800417         5280.73          5476.1 
      0.0862327         4741.26         4845.92 
      0.0921407         4275.59         4286.71 
      0.0982031         3786.52         3807.54 
       0.104506         3525.07         3434.47 
       0.110769         3258.35         3179.85 
       0.116806         3068.24         3011.75 
       0.122832         2935.81         2879.47 
       0.129052         2735.35          2742.3 
       0.135211         2588.72         2582.54 
       0.141259         2458.66         2399.06 
       0.147318         2295.34         2201.41 
       0.153489         2089.49         2006.23 
       0.159709          1961.1         1834.73 
       0.165845         1873.32         1700.54 
       0.171974         1766.06         1601.36 
       0.178125         1683.95         1528.94 
       0.184229         1617.85         1471.92 
        0.19034         1524.82         1417.54 
       0.196428            1495         1357.44 
       0.202534         1438.72         1288.05 
       0.208729         1364.89         1210.63 
       0.214876         1297.08         1132.57 
       0.220989         1249.13         1060.12 
       0.227147         1189.55         997.091 
        0.23329         1140.95          945.94 
       0.239377         1119.36         905.675 
       0.245482         1047.88         872.587 
       0.251667         1041.35         842.572 
       0.257832         1001.51         812.617 
       0.263955         968.324         780.801 
       0.270079         932.825         746.638 
        0.27624         921.333         711.038 
       0.282372         882.072         676.326 
        0.28843         868.007         644.499 
       0.294538         823.886         616.081 
       0.300721         819.686         591.329 
        0.30691         784.338         569.999 
       0.313033         769.288         551.211 
       0.319153         750.765         533.503 
       0.325316         727.433         515.785 
        0.33145         708.561         497.768 
       0.337538         697.839         479.529 
       0.343633          678.13         461.317 
       0.349808         654.473         443.479 
       0.355968         649.907         426.842 
       0.362074          640.52         411.747 
       0.368217         621.865         398.025 
       0.374374         595.971         385.486 
       0.380519         594.578         373.837 
       0.386598         578.827         362.815 
       0.392688         576.449          351.97 
        0.39888          559.31         341.037 
       0.405048         549.286         330.254 
       0.411186         540.686         319.734 
       0.417313          529.91         309.626 
       0.423458         520.306         300.019 
       0.429607         511.834         290.984 
       0.435692         499.906         282.633 
       0.441815         495.829         274.735 
       0.447964         485.381         267.188 
       0.454126         475.603         259.907 
       0.460267         466.808         252.859 
       0.466387         461.522         245.986 
        0.47254         453.663         239.224 
       0.478662         452.012         232.689 
       0.484765         437.062          226.41 
       0.490885         433.367         220.369 
       0.497035         425.182         214.568 
       0.503198         419.954         209.035 
       0.509342         416.607         203.768 
       0.515458         412.494         198.731 
       0.521598         402.679         193.839 
       0.527764         395.728          189.07 
       0.533884         393.604         184.472 
           0.54         388.148          180.01 
       0.546137         386.496          175.66 
       0.552299         378.822          171.43 
       0.558452         376.826          167.35 
       0.564573         371.268         163.442 
       0.570708          365.22         159.673 
       0.576825         357.516         156.049 
       0.582926         356.062         152.553 
       0.589034         352.892         149.159 
       0.595184         349.666         145.839 
       0.601379         344.881         142.592 
       0.607522         339.722         139.466 
       0.613639         338.383         136.446 
       0.619772         330.536         133.508 
       0.625918          329.58         130.652 
       0.632068         324.379          127.88 
       0.638161          323.14         125.216 
         0.6443         317.576          122.61 
       0.650464         314.892         120.072 
       0.656582         312.908         117.627 
       0.662703         311.529          115.25 
       0.668861         305.909         112.927 
       0.675024         302.807         110.666 
       0.681124         300.954          108.49 
       0.687237         297.844         106.367 
       0.693381          293.48         104.291 
       0.699536         290.608         102.266 
       0.705665          288.48         100.305 
       0.711789         286.406         98.3965 
       0.717957         284.388         96.5256 
        0.72409         281.603         94.7147 
       0.730186         278.468         92.9621 
       0.736317         275.557          91.245 
       0.742472         274.199         89.5656 
       0.748622         271.602         87.9307 
        0.75476         269.019         86.3405 
       0.760888         265.845         84.7925 
       0.767043         266.089         83.2766 
       0.773185         262.675         81.8012 
       0.779291         258.319         80.3701 
       0.785407         257.796         78.9715 
       0.791564          254.87         77.5976 
       0.797719         252.349         76.2574 
       0.803834         250.616         74.9576 
       0.809972         249.474         73.6836 
       0.816124         249.126         72.4368 
       0.822261         245.662         71.2224 
       0.828378          243.66         70.0397 
       0.834502         242.586         68.8831 
       0.840667         239.597         67.7453 
       0.846816         238.087         66.6367 
       0.852925         236.907         65.5601 
       0.859047         234.936         64.5052 
       0.865192         232.336         63.4703 
       0.871341         230.575         62.4576 
       0.877463         229.148         61.4717 
       0.883569         228.288         60.5098 
       0.889708         225.819         59.5637 
       0.895864         223.345         58.6356 
       0.902008          222.45         57.7293 
       0.908149           221.5         56.8429 
       0.914301         218.607         55.9737 
       0.920448         217.255         55.1238 
       0.926574         215.677         54.2945 
       0.932687         215.705         53.4843 
       0.938823         213.042         52.6878 
       0.944975         211.671         51.9058 
       0.951105          210.57         51.1426 
       0.957225         208.828         50.3961 
       0.963368         206.207         49.6622 
       0.969511         205.421         48.9429 
       0.975621         203.562         48.2418 
       0.981748         203.643         47.5528 
       0.987916         201.554         46.8729 
        0.99406         199.422          46.209 
        1.00019         199.459         45.5594 
        1.00632         197.668         44.9229 
        1.01246         196.217         44.2977 
        1.01859         195.965         43.6855 
        1.02471         193.404         43.0857 
        1.03085         191.626         42.4952 
        1.03698         190.902         41.9171 
        1.04314         189.186         41.3474 
        1.04929         188.073         40.7897 
        1.05541          188.04         40.2446 
        1.06154         185.874         39.7081 
        1.06769         185.687         39.1807 
        1.07382         184.075         38.6646 
        1.07993         182.522         38.1591 
        1.08607         181.899         37.6605 
        1.09222         180.888         37.1704 
        1.09836         179.376         36.6896 
        1.10449         177.541          36.218 
        1.11063         176.105         35.7541 
        1.11677         175.894         35.2986 
         1.1229         174.457         34.8519 
        1.12903         173.619         34.4125 
        1.13518         172.714         33.9805 
        1.14131         171.065         33.5561 
        1.14745         170.893         33.1392 
        1.15359         169.526         32.7294 
        1.15973         168.607         32.3264 
        1.16584         166.979          31.932 
        1.17197         166.562         31.5437 
        1.17811         165.339         31.1606 
        1.18424         164.472         30.7851 
        1.19038         164.058         30.4147 
        1.19652         162.687         30.0506 
        1.20267         162.029         29.6925 
        1.20881         160.544         29.3403 
        1.21495         159.877         28.9944 
        1.22108         158.943         28.6541 
         1.2272         157.599         28.3201 
        1.23334          157.08         27.9907 
        1.23949         155.941         27.6658 
        1.24562         155.131          27.347 
        1.25174         153.728         27.0337 
        1.25789         152.891         26.7244 
        1.26402         151.913         26.4206 
        1.27014         150.892         26.1222 
        1.27628         150.401         25.8275 
        1.28244         150.009         25.5369 
        1.28858         148.799         25.2511 
        1.29471         147.327         24.9704 
        1.30084         147.067         24.6942 
        1.30697         145.862         24.4218 
        1.31312         145.218         24.1532 
        1.31925         144.307         23.8894 
        1.32537         143.615         23.6299 
        1.33151         142.249         23.3733 
        1.33765         141.785         23.1207 
        1.34378         141.048         22.8723 
        1.34992         140.532         22.6275 
        1.35606         140.044         22.3856 
         1.3622         138.692         22.1478 
        1.36833         137.669          21.914 
        1.37445         137.009         21.6837 
        1.38059         136.311          21.456 
        1.38675         135.599         21.2311 
        1.39288          135.05         21.0103 
        1.39901         134.683         20.7927 
        1.40515         133.344         20.5777 
         1.4113         132.441         20.3659 
        1.41742         131.847         20.1579 
        1.42355         131.036         19.9524 
         1.4297         130.408         19.7492 
        1.43585         129.363         19.5489 
        1.44198         129.005         19.3521 
        1.44809         128.283         19.1584 
        1.45423         127.514         18.9667 
        1.46036         126.839          18.778 
        1.46649          125.93         18.5918 
        1.47263         125.301         18.4079 
        1.47877         124.833         18.2267 
        1.48491         123.523         18.0476 
        1.49104         123.464         17.8713 
        1.49718           122.3         17.6972 
        1.50333         121.877         17.5252 
        1.50947         121.375         17.3558 
         1.5156         120.505         17.1889 
        1.52172         119.806         17.0242 
        1.52787         119.128         16.8613 
          1.534          118.54         16.7008 
        1.54013          117.81         16.5425 
        1.54627         117.339          16.386 
        1.55241           116.4         16.2315 
        1.55855         115.772         16.0793 
        1.56467         115.499         15.9294 
         1.5708         114.549          15.781 
        1.57695         114.232         15.6342 
        1.58308         113.459         15.4897 
        1.58922         113.128         15.3469 
        1.59535         112.268          15.206 
         1.6015         111.791         15.0667 
        1.60764         111.167         14.9291 
        1.61376         110.782         14.7937 
        1.61989         109.912         14.6599 
        1.62604         109.484         14.5274 
        1.63218         108.976         14.3966 
        1.63831         108.077         14.2678 
        1.64444         107.785         14.1405 
        1.65059         107.204         14.0144 
        1.65673         106.197         13.8901 
        1.66285         106.016         13.7675 
        1.66898          105.48         13.6465 
        1.67512          104.93         13.5266 
        1.68127          104.25         13.4081 
         1.6874         103.469         13.2913 
        1.69353         103.082         13.1759 
        1.69967         102.705         13.0617 
        1.70581         102.077         12.9488 
        1.71193         101.689         12.8377 
        1.71806         101.063         12.7277 
        1.72421         100.327         12.6187 
        1.73035         100.092         12.5112 
        1.73649         99.3988         12.4049 
        1.74262         98.7802            12.3 
        1.74876         98.5016         12.1962 
        1.75489         97.6706         12.0938 
        1.76101         97.2315         11.9926 
        1.76715         96.6082         11.8924 
        1.77329         96.3761         11.7933 
        1.77943         95.5304         11.6953 
        1.78557         95.3226         11.5985 
        1.79171         94.5431         11.5028 
        1.79785         94.1648         11.4082 
        1.80399         93.6357         11.3146 
        1.81012           93.26         11.2222 
        1.81625         92.7441          11.131 
        1.82239         92.4327         11.0405 
        1.82853         91.9185         10.9512 
        1.83466         91.2238         10.8629 
        1.84078         91.0498         10.7757 
        1.84692         90.3499         10.6893 
        1.85306         89.8549         10.6038 
         1.8592         89.5189         10.5193 
        1.86533         88.9186         10.4358 
        1.87147         88.4422         10.3531 
        1.87761         88.0744         10.2713 
        1.88375         87.4989         10.1904 
        1.88988          87.089         10.1105 
        1.89601          86.626         10.0314 
        1.90215         86.2229         9.95315 
        1.90829         85.6897         9.87573 
        1.91442         85.3765         9.79913 
        1.92056          84.745         9.72341 
         1.9267         84.4806         9.64841 
        1.93284         83.9839         9.57416 
        1.93897         83.5615         9.50084 
        1.94509         83.2453         9.42844 
        1.95123         82.7665         9.35661 
        1.95737         82.2798         9.28548 
        1.96349         81.7868         9.21527 
        1.96964         81.3558         9.14559 
        1.97578         80.9944          9.0766 
        1.98192          80.755         9.00847 
        1.98805         80.0241         8.94102 
        1.99419         79.7576         8.87427 
        2.00033         79.4811         8.80817 
        2.00647          78.957         8.74275 
         2.0126         78.5273         8.67812 
        2.01874         77.9797         8.61404 
        2.02488         77.6325         8.55056 
        2.03101         77.2705         8.48783 
        2.03714         76.7474          8.4258 
        2.04328         76.5044         8.36431 
        2.04941         76.1338         8.30349 
        2.05554         75.8353         8.24332 
        2.06167         75.3428         8.18367 
        2.06781         74.8378          8.1246 
        2.07396          74.506         8.06603 
        2.08009         74.2235         8.00814 
        2.08622         73.8278         7.95088 
        2.09237         73.4128         7.89408 
        2.09851         73.2011         7.83782 
        2.10464         72.6763          7.7822 
        2.11077         72.3436         7.72719 
        2.11691         72.0626         7.67259 
        2.12305         71.5426         7.61851 
        2.12918         71.2212         7.56509 
        2.13531         70.8964         7.51217 
        2.14145         70.4154         7.45964 
         2.1476         70.0816         7.40755 
        2.15372         69.8111         7.35622 
        2.15985         69.3886         7.30532 
        2.16599         69.0892         7.25476 
        2.17213         68.7481         7.20474 
        2.17827         68.3508         7.15519 
         2.1844         67.9865         7.10616 
        2.19054          67.827         7.05757 
        2.19666         67.3482         7.00951 
         2.2028         67.2519         6.96185 
        2.20893         66.7235         6.91461 
        2.21508         66.3961         6.86776 
        2.22122         66.0783         6.82132 
        2.22736         65.7525         6.77542 
        2.23349         65.3659         6.72994 
        2.23962         64.9849         6.68487 
        2.24577         64.7087         6.64016 
         2.2519         64.4638         6.59593 
        2.25802         64.1378         6.55217 
        2.26417          63.682         6.50869 
        2.27031         63.4426         6.46556 
        2.27644         63.1703         6.42296 
        2.28257         62.8128         6.38073 
        2.28872         62.4791         6.33881 
        2.29486         62.0414         6.29728 
        2.30099         61.7705          6.2562 
        2.30712         61.6434         6.21547 
        2.31326         61.3144         6.17504 
         2.3194          60.951         6.13499 
        2.32553         60.6309         6.09536 
        2.33166         60.2746          6.0561 
         2.3378         59.9355         6.01714 
        2.34394          59.715          5.9785 
        2.35007         59.3842         5.94026 
        2.35619         59.1123          5.9024 
        2.36233         58.8748         5.86478 
        2.36848          58.555         5.82741 
        2.37462         58.1736         5.79045 
        2.38075         58.0401         5.75384 
        2.38689         57.6875         5.71752 
        2.39303         57.3811         5.68152 
        2.39916         57.1383         5.64586 
        2.40529         56.8813         5.61052 
        2.41143         56.6033         5.57545 
        2.41757         56.2569         5.54066 
         2.4237         56.1219         5.50624 
        2.42983         55.6676         5.47211 
        2.43598         55.4125         5.43818 
        2.44211         55.2025         5.40459 
        2.44823         54.9292         5.37136 
        2.45437         54.5824         5.33833 
        2.46052         54.3399         5.30554 
        2.46665         54.1431         5.27308 
        2.47279         53.7814         5.24091 
        2.47892         53.5826         5.20899 
        2.48507         53.3089          5.1773 
         2.4912         53.1117         5.14594 
        2.49733         52.8582         5.11486 
        2.50347         52.4676         5.08397 
        2.50961         52.2603         5.05334 
        2.51575         52.0043         5.02298 
        2.52188         51.7329         4.99291 
        2.52802         51.5734         4.96305 
        2.53416         51.2928         4.93342 
        2.54029         51.0764         4.90409 
        2.54641         50.7956         4.87501 
        2.55255          50.619         4.84613 
        2.55869         50.3536         4.81745 
        2.56483          50.093         4.78903 
        2.57096         49.8035         4.76088 
        2.57709         49.5181         4.73294 
        2.58323         49.2699         4.70521 
        2.58937         49.1678         4.67768 
        2.59551         48.8459          4.6504 
        2.60164         48.6311         4.62335 
        2.60778         48.3391         4.59649 
        2.61392         48.1792         4.56985 
        2.62006          47.919         4.54343 
        2.62619         47.7256         4.51725 
        2.63232         47.4354         4.49127 
        2.63846         47.2094         4.46547 
        2.64459         46.9724          4.4399 
        2.65072         46.7818         4.41453 
        2.65686         46.5065         4.38936 
          2.663         46.3185         4.36433 
        2.66915         46.1721         4.33951 
        2.67527         45.8808         4.31494 
        2.68141         45.6362         4.29055 
        2.68755          45.516         4.26632 
        2.69368         45.2463          4.2423 
        2.69981         45.0008          4.2185 
        2.70595           44.82         4.19482 
        2.71209         44.7249         4.17131 
        2.71823         44.4107         4.14803 
        2.72436         44.2224         4.12493 
         2.7305         44.0366         4.10199 
        2.73663         43.7122         4.07923 
        2.74276         43.5383         4.05667 
         2.7489         43.3092         4.03425 
        2.75504         43.1822         4.01199 
        2.76118         43.0054         3.98988 
        2.76732         42.7129         3.96798 
        2.77345         42.4785         3.94624 
        2.77959         42.3306         3.92466 
        2.78572         42.1328         3.90325 
        2.79186         41.9796         3.88201 
        2.79798          41.778         3.86095 
        2.80412         41.5244            3.84 
        2.81027          41.329         3.81919 
         2.8164         41.2435         3.79857 
        2.82253         41.0002         3.77811 
        2.82867         40.8365         3.75779 
        2.83481         40.5449         3.73761 
        2.84095         40.3414         3.71758 
        2.84708         40.1971         3.69773 
        2.85322         40.0035         3.67799 
        2.85935         39.8785         3.65841 
        2.86549          39.647         3.63898 
        2.87162         39.4952         3.61969 
        2.87776         39.3033         3.60054 
        2.88389         39.1156         3.58152 
        2.89003          38.874         3.56265 
        2.89617          38.736          3.5439 
        2.90231         38.5344          3.5253 
        2.90844         38.4383         3.50683 
        2.91458         38.2087         3.48849 
        2.92071         38.0573         3.47031 
        2.92684         37.8825         3.45224 
        2.93298         37.5882          3.4343 
         2.9391         37.5277         3.41652 
        2.94524         37.3917         3.39883 
        2.95138         37.1874         3.38127 
        2.95752         37.0272         3.36381 
        2.96367         36.8248         3.34648 
         2.9698         36.6765          3.3293 
        2.97594         36.4871         3.31222 
        2.98207         36.3443         3.29527 
        2.98821         36.1839         3.27845 
        2.99434         36.0101         3.26175 
        3.00048         35.8559         3.24515 
        3.00662         35.5842         3.22867 
        3.01275          35.566         3.21232 
        3.01888         35.4007         3.19608 
        3.02503         35.2497         3.17993 
        3.03117         35.0502          3.1639 
        3.03729          34.866         3.14802 
        3.04342         34.6911         3.13223 
        3.04957         34.5528         3.11651 
         3.0557         34.3964         3.10093 
        3.06183         34.2445         3.08548 
        3.06796         34.0372         3.07011 
        3.07411         33.8763         3.05482 
        3.08025         33.7702         3.03966 
        3.08637         33.6043         3.02463 
         3.0925         33.4753         3.00968 
        3.09865          33.278         2.99481 
         3.1048         33.1778         2.98004 
        3.11093         33.0012         2.96539 
        3.11706         32.8973         2.95085 
         3.1232          32.781          2.9364 
        3.12933         32.5668         2.92203 
        3.13547         32.3933         2.90778 
        3.14159         32.2507         2.89364 
        3.14773         32.1399         2.87956 
        3.15388         32.0112         2.86557 
        3.16001         31.8413         2.85169 
        3.16614         31.7063         2.83792 
        3.17228         31.5726         2.82422 
        3.17842         31.4067         2.81061 
        3.18455         31.2863          2.7971 
        3.19068          31.145         2.78368 
        3.19682         30.9768         2.77034 
        3.20297         30.8321         2.75708 
         3.2091         30.7119         2.74391 
        3.21524         30.5838         2.73084 
        3.22138         30.4519         2.71785 
         3.2275         30.3303         2.70496 
        3.23363         30.2052         2.69216 
        3.23977         30.0587         2.67942 
        3.24591         29.9314         2.66677 
        3.25205         29.7869         2.65418 
        3.25818          29.664         2.64169 
        3.26432         29.5162         2.62929 
        3.27046         29.4093         2.61696 
         3.2766         29.2768         2.60471 
        3.28273          29.148         2.59254 
        3.28887         29.0243         2.58045 
          3.295         28.8824         2.56844 
        3.30113         28.7715         2.55651 
        3.30727         28.6467         2.54464 
        3.31341         28.4883         2.53286 
        3.31954         28.3758         2.52116 
        3.32568         28.2709         2.50952 
        3.33182          28.123         2.49796 
        3.33795         28.0231         2.48648 
        3.34409         27.9055         2.47506 
        3.35022         27.7829         2.46371 
        3.35636         27.6474         2.45245 
         3.3625         27.5116         2.44124 
        3.36864         27.4282         2.43011 
        3.37477          27.284         2.41905 
        3.38091         27.1551         2.40806 
        3.38704         27.0653         2.39714 
        3.39318         26.9304         2.38628 
        3.39931          26.825          2.3755 
        3.40545         26.7398         2.36478 
        3.41158         26.6007         2.35413 
        3.41772         26.4863         2.34354 
        3.42385         26.3758         2.33303 
        3.42998         26.2648         2.32257 
        3.43612         26.1323         2.31218 
        3.44226         26.0033         2.30185 
         3.4484         25.9018         2.29157 
        3.45453         25.8369         2.28138 
        3.46066         25.7048         2.27125 
        3.46681         25.6139         2.26115 
        3.47295          25.461         2.25113 
        3.47908         25.3675         2.24119 
        3.48521           25.28          2.2313 
        3.49135         25.1558         2.22146 
        3.49749         25.0572         2.21168 
        3.50362           24.95         2.20197 
        3.50976         24.8295         2.19231 
        3.51589         24.7254         2.18272 
        3.52203         24.6254         2.17317 
        3.52816         24.5011          2.1637 
        3.53429          24.419         2.15428 
        3.54043         24.3028          2.1449 
        3.54657         24.2093         2.13558 
        3.55271         24.1121         2.12633 
        3.55884         23.9952         2.11713 
        3.56498         23.8869         2.10798 
        3.57112         23.8084         2.09888 
        3.57725         23.7099         2.08984 
        3.58338         23.6024         2.08087 
        3.58952         23.5036         2.07193 
        3.59566         23.4045         2.06304 
         3.6018         23.3186         2.05421 
        3.60793         23.2356         2.04544 
        3.61407         23.0966         2.03672 
        3.62021         23.0038         2.02805 
        3.62634         22.9263         2.01943 
        3.63247         22.8159         2.01086 
        3.63861         22.7317         2.00234 
        3.64475         22.6422         1.99386 
        3.65089         22.5603         1.98544 
        3.65702         22.4585         1.97707 
        3.66316         22.3702         1.96874 
        3.66929         22.2853         1.96047 
        3.67543         22.1911         1.95224 
        3.68156         22.0976         1.94407 
        3.68769         22.0024         1.93593 
        3.69383         21.9051         1.92784 
        3.69997         21.8196          1.9198 
        3.70611         21.7282         1.91181 
        3.71224         21.6563         1.90386 
        3.71838         21.5527         1.89595 
        3.72451         21.4594          1.8881 
        3.73065         21.3411         1.88029 
        3.73678         21.2819         1.87252 
        3.74292         21.2002         1.86479 
        3.74906         21.1161         1.85711 
        3.75519         21.0562         1.84948 
        3.76133         20.9376         1.84188 
        3.76746         20.8407         1.83433 
         3.7736         20.7999         1.82683 
        3.77974         20.6833         1.81936 
        3.78588         20.5962         1.81193 
        3.79201         20.5257         1.80455 
        3.79814         20.4135         1.79721 
        3.80428         20.3677         1.78991 
        3.81042         20.2756         1.78265 
        3.81655         20.1825         1.77543 
        3.82268         20.1052         1.76826 
        3.82882         20.0234         1.76112 
        3.83496         19.9327         1.75402 
        3.84109         19.8752         1.74696 
        3.84723         19.7676         1.73994 
        3.85337         19.6972         1.73295 
        3.85951         19.6184           1.726 
        3.86565         19.5358         1.71909 
        3.87178          19.477         1.71223 
        3.87791          19.415          1.7054 
        3.88405         19.3147         1.69861 
        3.89019         19.2209         1.69185 
        3.89632         19.1635         1.68514 
        3.90246         19.0753         1.67845 
         3.9086         18.9979          1.6718 
        3.91473         18.9182          1.6652 
        3.92086         18.8467         1.65863 
        3.92699         18.7918          1.6521 
        3.93313         18.7211         1.64559 
        3.93927         18.6428         1.63913 
         3.9454         18.5545         1.63269 
        3.95154          18.496         1.62629 
        3.95768         18.4101         1.61993 
        3.96382         18.3694          1.6136 
        3.96995         18.2552          1.6073 
        3.97609         18.1984         1.60104 
        3.98222         18.1384         1.59482 
        3.98836         18.0585         1.58863 
         3.9945         17.9845         1.58246 
        4.00063         17.9269         1.57634 
        4.00677         17.8404         1.57024 
        4.01291         17.7592         1.56417 
        4.01904         17.6958         1.55815 
        4.02517         17.6269         1.55216 
        4.03131         17.5662         1.54619 
        4.03745         17.5118         1.54025 
        4.04358         17.4296         1.53434 
        4.04972         17.3726         1.52847 
        4.05585         17.3019         1.52263 
        4.06199          17.227         1.51682 
        4.06812         17.1808         1.51104 
        4.07426         17.0972         1.50529 
         4.0804         17.0196         1.49957 
        4.08654         16.9633         1.49387 
        4.09267         16.9009         1.48822 
         4.0988         16.8392         1.48259 
        4.10494         16.7876         1.47699 
        4.11108         16.7088         1.47142 
        4.11721         16.6323         1.46587 
        4.12334           16.58         1.46036 
        4.12948         16.4976         1.45488 
        4.13561         16.4511         1.44942 
        4.14176         16.3905         1.44398 
        4.14789         16.3321         1.43858 
        4.15403         16.2495         1.43321 
        4.16016         16.2068         1.42786 
         4.1663         16.1397         1.42254 
        4.17243         16.0832         1.41725 
        4.17857         16.0074         1.41199 
        4.18471         15.9614         1.40675 
        4.19084         15.8954         1.40154 
        4.19698         15.8276         1.39635 
        4.20312         15.7806         1.39119 
        4.20925          15.705         1.38606 
        4.21538         15.6463         1.38096 
        4.22152         15.6099         1.37588 
        4.22766         15.5382         1.37082 
         4.2338         15.4909         1.36579 
        4.23993         15.4283         1.36079 
        4.24607         15.3622         1.35581 
         4.2522         15.3177         1.35086 
        4.25834         15.2494         1.34593 
        4.26447          15.202         1.34103 
        4.27061         15.1341         1.33615 
        4.27674         15.0745         1.33129 
        4.28288          15.017         1.32646 
        4.28902         14.9722         1.32165 
        4.29515         14.9124         1.31687 
        4.30129         14.8666         1.31211 
        4.30743         14.8145         1.30737 
        4.31356         14.7564         1.30266 
        4.31969         14.6951         1.29798 
        4.32583         14.6313         1.29331 
        4.33197         14.5958         1.28866 
         4.3381          14.541         1.28405 
        4.34424         14.4891         1.27945 
        4.35038         14.4297         1.27487 
        4.35652         14.3879         1.27032 
        4.36265         14.3194         1.26579 
        4.36878         14.2749         1.26129 
        4.37492         14.2195          1.2568 
        4.38106         14.1749         1.25233 
        4.38719         14.1183         1.24789 
        4.39333         14.0593         1.24348 
        4.39946         14.0267         1.23908 
         4.4056          13.956          1.2347 
        4.41173         13.9278         1.23034 
        4.41786         13.8756         1.22601 
          4.424         13.8222          1.2217 
        4.43014         13.7608          1.2174 
        4.43628          13.715         1.21313 
        4.44241         13.6741         1.20888 
        4.44855          13.605         1.20465 
        4.45469         13.5685         1.20043 
        4.46083         13.5342         1.19624 
        4.46696         13.4714         1.19208 
        4.47309         13.4195         1.18793 
        4.47923         13.3725         1.18379 
        4.48537         13.3141         1.17969 
         4.4915         13.2835         1.17559 
        4.49764         13.2347         1.17152 
        4.50378         13.1982         1.16747 
        4.50991         13.1506         1.16344 
        4.51604         13.0999         1.15943 
        4.52218         13.0412         1.15543 
        4.52832         12.9908         1.15145 
        4.53445         12.9523          1.1475 
        4.54059         12.9138         1.14356 
        4.54673          12.858         1.13964 
        4.55286         12.8245         1.13574 
          4.559         12.7655         1.13185 
        4.56513         12.7336         1.12799 
        4.57127         12.6885         1.12415 
        4.57741         12.6441         1.12032 
        4.58354         12.6029         1.11651 
        4.58968         12.5575         1.11271 
        4.59582         12.5135         1.10894 
        4.60195         12.4721         1.10518 
        4.60809         12.4318         1.10144 
        4.61422         12.3851         1.09772 
        4.62036         12.3362         1.09402 
        4.62649         12.2997         1.09033 
        4.63263         12.2552         1.08666 
        4.63876         12.2114           1.083 
         4.6449         12.1662         1.07936 
        4.65104         12.1342         1.07574 
        4.65717         12.0906         1.07214 
        4.66331         12.0442         1.06856 
        4.66944          12.016         1.06499 
        4.67558         11.9621         1.06143 
        4.68171         11.9126          1.0579 
        4.68785          11.884         1.05437 
        4.69399         11.8419         1.05087 
        4.70012         11.8195         1.04738 
        4.70625         11.7621         1.04391 
        4.71239         11.7314         1.04045 
        4.71853         11.6883         1.03701 
        4.72467         11.6399         1.03358 
         4.7308         11.5993         1.03017 
        4.73694         11.5767         1.02677 
        4.74308         11.5327         1.02339 
        4.74922         11.4841         1.02003 
        4.75535          11.448         1.01668 
        4.76148         11.4198         1.01335 
        4.76762         11.3893         1.01003 
        4.77376         11.3405         1.00672 
        4.77989          11.313         1.00343 
        4.78602         11.2584         1.00016 
        4.79216           11.23        0.996899 
         4.7983         11.1941        0.993653 
        4.80443         11.1529        0.990425 
        4.81056         11.1126         0.98721 
         4.8167          11.083        0.984005 
        4.82284         11.0499        0.980815 
        4.82898         11.0123        0.977642 
        4.83511         10.9861        0.974484 
        4.84125         10.9405        0.971336 
        4.84739         10.9091        0.968204 
        4.85352         10.8694        0.965088 
        4.85965         10.8296        0.961984 
        4.86579         10.7962        0.958894 
        4.87193         10.7597        0.955816 
        4.87807         10.7208        0.952752 
         4.8842         10.7046        0.949703 
        4.89034         10.6572        0.946666 
        4.89647          10.631        0.943643 
        4.90261         10.5927        0.940633 
        4.90874         10.5543        0.937639 
        4.91488         10.5187        0.934656 
        4.92102         10.4854        0.931683 
        4.92715         10.4541        0.928726 
        4.93329         10.4331        0.925783 
        4.93942         10.3868        0.922849 
        4.94556         10.3613        0.919929 
         4.9517         10.3277        0.917023 
        4.95783         10.2877        0.914129 
        4.96397         10.2537        0.911248 
        4.97011         10.2247        0.908378 
        4.97624         10.1946        0.905523 
        4.98238         10.1644         0.90268 
        4.98851         10.1283        0.899849 
        4.99465         10.0984        0.897029 
        5.00078          10.078        0.894223 
        5.00691          10.035         0.89143 
        5.01305         10.0116        0.888646 
        5.01919           9.983        0.885872 
        5.02533         9.94635        0.883112 
        5.03146         9.92274        0.880366 
         5.0376         9.88613        0.877631 
        5.04374         9.85842        0.874905 
        5.04987         9.82222        0.872192 
        5.05601         9.79455        0.869492 
        5.06215         9.76128        0.866802 
        5.06829         9.72995        0.864121 
        5.07442         9.71045        0.861457 
        5.08055         9.68153        0.858804 
        5.08668         9.65055        0.856159 
        5.09282         9.61618        0.853524 
        5.09896         9.59855        0.850904 
        5.10509         9.55895        0.848295 
        5.11123         9.53796        0.845695 
        5.11736         9.50584        0.843106 
         5.1235         9.48558        0.840527 
        5.12964         9.45625         0.83796 
        5.13577          9.4232        0.835403 
        5.14191         9.40017        0.832857 
        5.14804         9.37033        0.830324 
        5.15418         9.33457          0.8278 
        5.16032         9.30542        0.825285 
        5.16645         9.28983        0.822781 
        5.17259         9.26672        0.820289 
        5.17872         9.23559        0.817807 
        5.18486          9.2148        0.815333 
          5.191         9.17505         0.81287 
        5.19713         9.15127         0.81042 
        5.20327         9.12958        0.807979 
        5.20941         9.10402        0.805545 
        5.21555         9.07408        0.803122 
        5.22168          9.0517        0.800711 
        5.22781         9.02769        0.798311 
        5.23395         9.00621         0.79592 
        5.24009         8.97738        0.793537 
        5.24622          8.9516        0.791165 
        5.25236         8.92813        0.788804 
         5.2585         8.90017        0.786449 
        5.26463         8.87295        0.784106 
        5.27077         8.84857        0.781773 
         5.2769          8.8316         0.77945 
        5.28304         8.81355        0.777135 
        5.28917          8.7789        0.774831 
         5.2953         8.75694        0.772537 
        5.30144         8.74484        0.770251 
        5.30757         8.69827        0.767974 
        5.31371         8.67891        0.765705 
        5.31985         8.66016        0.763445 
        5.32599         8.63755        0.761194 
        5.33213         8.61896        0.758953 
        5.33826         8.59586        0.756722 
         5.3444         8.56588          0.7545 
        5.35053         8.54259        0.752286 
        5.35667         8.52076        0.750082 
        5.36281         8.49943        0.747885 
        5.36894         8.47042        0.745698 
        5.37507         8.45287        0.743521 
        5.38121         8.43497         0.74135 
        5.38735         8.41552        0.739189 
        5.39348         8.39316        0.737038 
        5.39961         8.36584        0.734896 
        5.40575         8.34212        0.732759 
        5.41189         8.32484        0.730632 
        5.41803         8.30709        0.728513 
        5.42416          8.2819        0.726404 
         5.4303         8.26923        0.724301 
        5.43644         8.24415        0.722208 
        5.44257         8.22134        0.720124 
        5.44871         8.19946        0.718047 
        5.45484         8.19223        0.715978 
        5.46098         8.16131        0.713918 
        5.46712         8.13752        0.711865 
        5.47325         8.11987        0.709821 
        5.47938         8.09932        0.707787 
        5.48552          8.0809         0.70576 
        5.49165         8.06319         0.70374 
        5.49779         8.04206        0.701728 
        5.50393         8.01925        0.699723 
        5.51006         8.00197        0.697726 
         5.5162          7.9793        0.695737 
        5.52234         7.96723        0.693757 
        5.52847         7.94515        0.691783 
        5.53461          7.9197        0.689817 
        5.54075         7.90845         0.68786 
        5.54688         7.88739         0.68591 
        5.55302         7.86959        0.683967 
        5.55915         7.85047        0.682033 
        5.56529         7.84207        0.680106 
        5.57143         7.81755        0.678185 
        5.57756         7.79696        0.676272 
         5.5837         7.78239        0.674368 
        5.58983         7.76112        0.672471 
        5.59597          7.7426        0.670581 
         5.6021         7.73231        0.668698 
        5.60824         7.70973        0.666821 
        5.61438         7.69546        0.664953 
        5.62051         7.67685        0.663092 
        5.62665         7.66221        0.661237 
        5.63278         7.64815        0.659391 
        5.63892          7.6282        0.657551 
        5.64505         7.60872        0.655719 
        5.65119         7.59509        0.653893 
        5.65733          7.5759        0.652074 
        5.66346         7.56629        0.650262 
         5.6696         7.54343        0.648457 
        5.67573         7.52982        0.646659 
        5.68187         7.52497        0.644868 
          5.688         7.49681        0.643084 
        5.69414         7.48915        0.641307 
        5.70028         7.46476        0.639535 
        5.70642         7.45022         0.63777 
        5.71255         7.43799        0.636013 
        5.71869         7.42555        0.634263 
        5.72482         7.40899        0.632519 
        5.73096         7.40194        0.630782 
        5.73709         7.37547        0.629052 
        5.74322         7.36264        0.627329 
        5.74936         7.35317         0.62561 
         5.7555         7.33708        0.623898 
        5.76164         7.32393        0.622193 
        5.76777         7.31011        0.620496 
        5.77391         7.29212        0.618803 
        5.78005         7.28072        0.617116 
        5.78618         7.26945        0.615437 
        5.79231         7.25465        0.613766 
        5.79845          7.2413        0.612099 
        5.80459         7.23333        0.610436 
        5.81073         7.21762        0.608783 
        5.81686         7.19968        0.607136 
          5.823          7.1875        0.605493 
        5.82914         7.17493        0.603856 
        5.83527         7.16971        0.602228 
         5.8414         7.15441        0.600605 
        5.84754         7.13688        0.598986 
        5.85368          7.1341        0.597374 
        5.85981         7.11595        0.595769 
        5.86595         7.10667         0.59417 
        5.87208         7.10097        0.592576 
        5.87822         7.08895        0.590989 
        5.88435         7.07333        0.589408 
        5.89049         7.05934        0.587831 
        5.89662          7.0488        0.586261 
        5.90276         7.03946        0.584695 
         5.9089         7.02747        0.583136 
        5.91503         7.01978        0.581584 
        5.92117         7.00551        0.580036 
        5.92731         6.99594        0.578494 
        5.93344         6.98613        0.576958 
        5.93958         6.97872        0.575428 
        5.94572         6.97079        0.573903 
        5.95186         6.95528        0.572383 
        5.95799         6.93658         0.57087 
        5.96412         6.93965        0.569362 
        5.97026         6.92073        0.567859 
         5.9764         6.91637        0.566362 
        5.98253         6.90418        0.564872 
        5.98866         6.89879        0.563386 
         5.9948         6.89114        0.561904 
        6.00094         6.87541        0.560429 
        6.00707         6.86932        0.558958 
        6.01321         6.86344        0.557493 
        6.01935          6.8523        0.556034 
        6.02548         6.84574        0.554579 
        6.03162         6.84287        0.553131 
        6.03775         6.82698        0.551688 
        6.04389         6.82338        0.550249 
        6.05003         6.81697        0.548815 
        6.05617         6.79805        0.547386 
         6.0623         6.79694        0.545963 
        6.06844         6.79033        0.544545 
        6.07457         6.78581        0.543132 
         6.0807         6.77326        0.541725 
        6.08684         6.77506        0.540323 
        6.09298         6.75946        0.538924 
        6.09912         6.75955        0.537531 
        6.10525         6.74858        0.536143 
        6.11138         6.74261         0.53476 
        6.11752         6.73744        0.533382 
        6.12366         6.73235        0.532008 
        6.12979         6.72449        0.530641 
        6.13593         6.72012        0.529278 
        6.14207         6.71155        0.527918 
         6.1482         6.71285        0.526564 
        6.15434         6.70903        0.525216 
        6.16047         6.69595        0.523872 
        6.16661         6.69074        0.522532 
        6.17274         6.68653        0.521197 
        6.17887         6.68421        0.519868 
        6.18501         6.67947        0.518542 
        6.19115         6.67419        0.517221 
        6.19729         6.67432        0.515904 
        6.20342         6.66726        0.514592 
        6.20956         6.66486        0.513285 
         6.2157         6.65451        0.511982 
        6.22183         6.65342        0.510684 
        6.22797         6.65436        0.509391 
         6.2341         6.64956        0.508102 
        6.24024         6.64649        0.506817 
        6.24638          6.6406        0.505536 
        6.25251         6.64141        0.504261 
        6.25865         6.63375         0.50299 
        6.26478         6.63498        0.501723 
        6.27092         6.63073        0.500461 
        6.27705         6.62883        0.499203 
        6.28318         6.62239         0.49795 
