# k  (h/Mpc)    Pcb(k)  (Mpc/h)^3    Pcb_linear(k)  (Mpc/h)^3
     0.00783031         9417.86          9540.2 
       0.013688         11807.1         11736.1 
       0.019231         11848.5         11829.2 
      0.0249154         10706.3         10877.7 
      0.0312784         9294.88         9363.24 
      0.0375637         7949.87         7940.02 
      0.0433917         6819.17         6903.42 
      0.0492413         6137.97         6163.84 
      0.0555754         5497.44         5623.48 
      0.0619321            5242         5225.91 
       0.067871         4781.11         4879.46 
      0.0738098         4404.96         4496.52 
      0.0800417         3930.74         4045.09 
      0.0862327         3521.33          3579.7 
      0.0921407         3162.76         3166.69 
      0.0982031         2798.87         2812.78 
       0.104506         2594.24         2537.22 
       0.110769         2397.74         2349.16 
       0.116806         2254.35            2225 
       0.122832         2161.38          2127.3 
       0.129052         2019.67         2025.99 
       0.135211         1909.49         1907.97 
       0.141259         1807.11         1772.43 
       0.147318         1681.88         1626.42 
       0.153489          1529.6         1482.23 
       0.159709         1429.44         1355.53 
       0.165845         1358.76         1256.39 
       0.171974         1276.95         1183.12 
       0.178125         1219.33         1129.62 
       0.184229         1174.01          1087.5 
        0.19034         1103.49         1047.32 
       0.196428         1081.65         1002.92 
       0.202534         1042.08         951.665 
       0.208729         984.785          894.46 
       0.214876         929.437         836.794 
       0.220989          893.76         783.267 
       0.227147         846.093         736.696 
        0.23329         810.485         698.903 
       0.239377         792.487         669.155 
       0.245482         741.301          644.71 
       0.251667         735.143         622.534 
       0.257832         708.784         600.403 
       0.263955         684.501         576.897 
       0.270079         658.555         551.655 
        0.27624         648.678         525.354 
       0.282372         620.985         499.707 
        0.28843         604.679         476.192 
       0.294538         574.893         455.195 
       0.300721          570.87         436.907 
        0.30691         544.833         421.149 
       0.313033          533.91         407.267 
       0.319153         517.237         394.183 
       0.325316         502.416         381.093 
        0.33145         487.519         367.782 
       0.337538         480.692         354.305 
       0.343633         465.042         340.849 
       0.349808         449.318         327.671 
       0.355968         444.556         315.378 
       0.362074         435.524         304.224 
       0.368217         423.522         294.086 
       0.374374         406.671         284.822 
       0.380519         403.066         276.215 
       0.386598         392.958         268.071 
       0.392688         389.813         260.058 
        0.39888         378.777          251.98 
       0.405048         370.543         244.013 
       0.411186         363.369          236.24 
       0.417313         356.528         228.772 
       0.423458          349.77         221.673 
       0.429607         342.661         214.999 
       0.435692          333.88         208.828 
       0.441815         331.235         202.993 
       0.447964         324.598         197.416 
       0.454126         313.975         192.037 
       0.460267         309.763          186.83 
       0.466387         306.146         181.751 
        0.47254         299.552         176.755 
       0.478662         298.476         171.927 
       0.484765         288.908         167.287 
       0.490885         285.492         162.824 
       0.497035         280.919         158.538 
       0.503198         275.123         154.449 
       0.509342         272.639         150.558 
       0.515458         269.119         146.836 
       0.521598         263.981         143.221 
       0.527764          259.82         139.698 
       0.533884         257.035         136.301 
           0.54         253.248         133.004 
       0.546137         251.952          129.79 
       0.552299          246.76         126.664 
       0.558452         244.393          123.65 
       0.564573         240.549         120.763 
       0.570708         235.999         117.977 
       0.576825          232.77           115.3 
       0.582926         229.931         112.717 
       0.589034         227.452         110.209 
       0.595184         225.075         107.756 
       0.601379         222.595         105.357 
       0.607522         218.378         103.047 
       0.613639         217.209         100.816 
       0.619772         212.398          98.645 
       0.625918         210.927          96.535 
       0.632068         208.103          94.487 
       0.638161         206.975         92.5181 
         0.6443          203.67         90.5932 
       0.650464         201.671          88.718 
       0.656582         199.893          86.911 
       0.662703         198.003         85.1551 
       0.668861          194.66         83.4385 
       0.675024         192.409         81.7681 
       0.681124          191.57           80.16 
       0.687237         188.641         78.5916 
       0.693381         185.895         77.0576 
       0.699536         184.618         75.5618 
       0.705665         183.868         74.1123 
       0.711789          180.73         72.7024 
       0.717957         180.088         71.3201 
        0.72409          177.72         69.9821 
       0.730186         175.297         68.6871 
       0.736317         173.834         67.4184 
       0.742472         172.892         66.1776 
       0.748622         171.336         64.9695 
        0.75476         169.904         63.7946 
       0.760888         167.544         62.6508 
       0.767043         167.006         61.5308 
       0.773185         165.186         60.4406 
       0.779291         162.378         59.3833 
       0.785407         161.794         58.3499 
       0.791564         160.365         57.3348 
       0.797719         158.066         56.3445 
       0.803834         157.335         55.3841 
       0.809972         155.847         54.4428 
       0.816124         155.619         53.5216 
       0.822261         153.602         52.6243 
       0.828378         152.193         51.7504 
       0.834502         151.937         50.8958 
       0.840667         149.575         50.0552 
       0.846816         148.271         49.2361 
       0.852925         147.544         48.4406 
       0.859047          145.83         47.6612 
       0.865192         144.832         46.8965 
       0.871341         143.479         46.1482 
       0.877463         142.357         45.4198 
       0.883569         141.532         44.7091 
       0.889708         140.367           44.01 
       0.895864         138.868         43.3242 
       0.902008         138.075         42.6546 
       0.908149          137.45         41.9997 
       0.914301          135.95         41.3575 
       0.920448         134.936         40.7295 
       0.926574          134.18         40.1168 
       0.932687         133.795         39.5181 
       0.938823         131.888         38.9296 
       0.944975         130.636         38.3518 
       0.951105         130.131         37.7879 
       0.957225         128.685         37.2364 
       0.963368          127.58         36.6941 
       0.969511          127.31         36.1626 
       0.975621         126.659         35.6446 
       0.981748         125.864         35.1355 
       0.987916         124.458         34.6332 
        0.99406         123.661         34.1426 
        1.00019          123.17         33.6626 
        1.00632         122.094         33.1923 
        1.01246         121.345         32.7304 
        1.01859          120.14         32.2781 
        1.02471         119.654         31.8349 
        1.03085          118.47         31.3986 
        1.03698         117.918         30.9715 
        1.04314         116.838         30.5505 
        1.04929         116.142         30.1384 
        1.05541         115.428         29.7356 
        1.06154          114.77         29.3393 
        1.06769         114.554         28.9496 
        1.07382         113.701         28.5683 
        1.07993          112.76         28.1947 
        1.08607         111.935         27.8264 
        1.09222         111.527         27.4642 
        1.09836         110.567          27.109 
        1.10449         109.832         26.7605 
        1.11063         109.126         26.4178 
        1.11677         108.732         26.0812 
         1.1229         107.527         25.7512 
        1.12903         106.825         25.4265 
        1.13518         106.964         25.1073 
        1.14131         105.925         24.7937 
        1.14745         105.193         24.4857 
        1.15359         104.548         24.1829 
        1.15973         104.216         23.8851 
        1.16584         103.228         23.5937 
        1.17197         102.743         23.3068 
        1.17811         102.099         23.0238 
        1.18424         101.519         22.7463 
        1.19038         101.033         22.4727 
        1.19652         100.418         22.2036 
        1.20267         99.6412          21.939 
        1.20881         99.0512         21.6788 
        1.21495         98.4398         21.4232 
        1.22108         97.9713         21.1718 
         1.2272         97.1049          20.925 
        1.23334         96.7715         20.6816 
        1.23949         95.9363         20.4416 
        1.24562         95.6513          20.206 
        1.25174         94.9082         19.9745 
        1.25789         94.5376          19.746 
        1.26402         94.0622         19.5215 
        1.27014          93.358          19.301 
        1.27628         93.0027         19.0833 
        1.28244         92.3219         18.8685 
        1.28858         92.0551         18.6574 
        1.29471         91.2983           18.45 
        1.30084         90.8506         18.2459 
        1.30697         90.3257         18.0447 
        1.31312         89.9237         17.8462 
        1.31925         89.3014         17.6513 
        1.32537         88.9769         17.4595 
        1.33151         88.1253         17.2699 
        1.33765         87.7219         17.0833 
        1.34378         87.2105         16.8998 
        1.34992         87.0185         16.7188 
        1.35606         86.4639         16.5402 
         1.3622         85.6883         16.3644 
        1.36833         85.5528         16.1917 
        1.37445         84.9465         16.0215 
        1.38059         84.4296         15.8533 
        1.38675         83.8777         15.6871 
        1.39288         83.4642         15.5239 
        1.39901          83.292         15.3632 
        1.40515         82.7212         15.2044 
         1.4113         82.1455         15.0479 
        1.41742         82.0711         14.8942 
        1.42355         81.3151         14.7423 
         1.4297         81.0005         14.5922 
        1.43585          80.362         14.4442 
        1.44198         80.0902         14.2988 
        1.44809          79.648         14.1557 
        1.45423         79.1829          14.014 
        1.46036         79.0029         13.8746 
        1.46649         78.4694          13.737 
        1.47263         77.9864         13.6011 
        1.47877         77.8103         13.4672 
        1.48491         77.2526         13.3349 
        1.49104         76.8566         13.2046 
        1.49718         76.3857          13.076 
        1.50333         76.0077         12.9489 
        1.50947          75.611         12.8237 
         1.5156         75.2689         12.7004 
        1.52172         74.8645         12.5787 
        1.52787         74.6916         12.4584 
          1.534         74.1451         12.3398 
        1.54013         73.6328         12.2228 
        1.54627         73.4091         12.1072 
        1.55241          72.942         11.9931 
        1.55855         72.6455         11.8805 
        1.56467         72.1621         11.7698 
         1.5708         71.9418         11.6601 
        1.57695         71.7171         11.5517 
        1.58308         71.0182          11.445 
        1.58922         70.9514         11.3395 
        1.59535         70.6854         11.2353 
         1.6015         70.0348         11.1324 
        1.60764          69.835         11.0308 
        1.61376         69.4429         10.9307 
        1.61989         69.0668         10.8318 
        1.62604         68.8638         10.7339 
        1.63218         68.5475         10.6373 
        1.63831           68.04         10.5421 
        1.64444         67.7472          10.448 
        1.65059         67.3105         10.3549 
        1.65673         67.0902          10.263 
        1.66285         66.7176         10.1725 
        1.66898         66.3963          10.083 
        1.67512         65.9722         9.99448 
        1.68127         65.6861         9.90692 
         1.6874         65.4379          9.8206 
        1.69353         65.1336         9.73536 
        1.69967         64.6942         9.65093 
        1.70581         64.5765         9.56754 
        1.71193         64.3615         9.48546 
        1.71806         63.7212         9.40416 
        1.72421         63.5854         9.32366 
        1.73035         63.2434         9.24419 
        1.73649           62.86         9.16567 
        1.74262         62.6891         9.08813 
        1.74876         62.3545         9.01143 
        1.75489         61.9678         8.93578 
        1.76101         61.7823         8.86102 
        1.76715         61.3552         8.78702 
        1.77329         61.1584         8.71377 
        1.77943          60.707         8.64133 
        1.78557          60.587         8.56983 
        1.79171         60.2251         8.49912 
        1.79785         59.9978          8.4292 
        1.80399          59.741         8.36008 
        1.81012         59.5076         8.29183 
        1.81625         58.9741         8.22438 
        1.82239         58.7811         8.15758 
        1.82853         58.4489         8.09156 
        1.83466         58.2597         8.02633 
        1.84078         57.9005         7.96189 
        1.84692         57.5504         7.89806 
        1.85306         57.3688         7.83485 
         1.8592         56.9666         7.77244 
        1.86533         56.8363         7.71074 
        1.87147          56.507         7.64964 
        1.87761         56.2903         7.58918 
        1.88375         56.0116         7.52944 
        1.88988         55.9008         7.47041 
        1.89601         55.4823         7.41198 
        1.90215         55.2382         7.35413 
        1.90829         55.0807         7.29693 
        1.91442         54.7334         7.24033 
        1.92056         54.3606         7.18438 
         1.9267         54.1711         7.12897 
        1.93284         53.9229         7.07411 
        1.93897         53.6307         7.01993 
        1.94509         53.3133         6.96643 
        1.95123         53.1923         6.91336 
        1.95737         52.9665         6.86081 
        1.96349         52.5986         6.80893 
        1.96964          52.545         6.75745 
        1.97578         52.1804         6.70647 
        1.98192         51.9536         6.65613 
        1.98805         51.8184          6.6063 
        1.99419         51.4274         6.55697 
        2.00033         51.2059         6.50813 
        2.00647         50.9931          6.4598 
         2.0126         50.6533         6.41204 
        2.01874         50.5139          6.3647 
        2.02488         50.3475         6.31779 
        2.03101         50.0334         6.27144 
        2.03714         49.7835         6.22561 
        2.04328         49.5697         6.18018 
        2.04941         49.2653         6.13524 
        2.05554         48.9704         6.09078 
        2.06167         48.8952         6.04671 
        2.06781         48.6874         6.00306 
        2.07396         48.3908         5.95978 
        2.08009         48.2297         5.91701 
        2.08622         47.9113         5.87471 
        2.09237         47.7095         5.83273 
        2.09851         47.5482         5.79116 
        2.10464         47.2921         5.75007 
        2.11077         47.1033         5.70942 
        2.11691         46.8365         5.66908 
        2.12305         46.6082         5.62913 
        2.12918         46.3599         5.58965 
        2.13531         46.1407         5.55055 
        2.14145         45.9481         5.51174 
         2.1476         45.7869         5.47325 
        2.15372            45.5         5.43532 
        2.15985         45.2983         5.39772 
        2.16599         45.1783         5.36036 
        2.17213         44.9956          5.3234 
        2.17827         44.7355         5.28679 
         2.1844         44.4933         5.25056 
        2.19054         44.2427         5.21466 
        2.19666         44.0775         5.17915 
         2.2028         43.9037         5.14393 
        2.20893         43.7661         5.10903 
        2.21508         43.5814         5.07441 
        2.22122         43.2985          5.0401 
        2.22736         43.1369         5.00618 
        2.23349         42.9907         4.97258 
        2.23962         42.6124         4.93928 
        2.24577         42.4668         4.90625 
         2.2519         42.2454         4.87357 
        2.25802         42.2013         4.84123 
        2.26417         41.9407         4.80911 
        2.27031         41.8005         4.77724 
        2.27644         41.4932         4.74576 
        2.28257          41.366         4.71456 
        2.28872         41.0782         4.68359 
        2.29486         40.9819          4.6529 
        2.30099          40.818         4.62255 
        2.30712         40.6272         4.59246 
        2.31326         40.4257         4.56258 
         2.3194         40.2038         4.53299 
        2.32553         40.0651         4.50371 
        2.33166         39.9014          4.4747 
         2.3378         39.6053         4.44591 
        2.34394         39.4013         4.41736 
        2.35007         39.2583         4.38911 
        2.35619         39.1669         4.36114 
        2.36233         39.0396         4.33334 
        2.36848         38.7206         4.30573 
        2.37462         38.6354         4.27842 
        2.38075         38.4523         4.25137 
        2.38689         38.3711         4.22453 
        2.39303         38.1267         4.19793 
        2.39916         37.9137         4.17158 
        2.40529         37.6908         4.14547 
        2.41143         37.6286         4.11956 
        2.41757         37.4802         4.09385 
         2.4237         37.3131         4.06842 
        2.42983         37.1215          4.0432 
        2.43598         36.8934         4.01813 
        2.44211         36.7462         3.99332 
        2.44823         36.6078         3.96877 
        2.45437         36.4914         3.94435 
        2.46052         36.1987         3.92013 
        2.46665         36.1302         3.89615 
        2.47279         35.9718         3.87238 
        2.47892         35.7662         3.84879 
        2.48507         35.6319         3.82538 
         2.4912          35.485          3.8022 
        2.49733         35.3118         3.77924 
        2.50347         35.0994         3.75642 
        2.50961          34.983         3.73378 
        2.51575         34.8755         3.71135 
        2.52188         34.6576         3.68913 
        2.52802         34.5392         3.66707 
        2.53416         34.4729         3.64518 
        2.54029         34.2561         3.62351 
        2.54641         34.1366         3.60202 
        2.55255         33.9382         3.58069 
        2.55869         33.8038         3.55949 
        2.56483          33.656         3.53849 
        2.57096         33.4705         3.51769 
        2.57709         33.3231         3.49705 
        2.58323          33.228         3.47656 
        2.58937         33.0504         3.45622 
        2.59551         32.8953         3.43606 
        2.60164         32.8015         3.41608 
        2.60778         32.6231         3.39623 
        2.61392         32.4267         3.37655 
        2.62006         32.3115         3.35703 
        2.62619         32.1586         3.33768 
        2.63232         32.0129         3.31849 
        2.63846         31.9384         3.29942 
        2.64459         31.7683         3.28053 
        2.65072         31.5675         3.26178 
        2.65686          31.427         3.24318 
          2.663         31.3449          3.2247 
        2.66915         31.2351         3.20636 
        2.67527         31.0738          3.1882 
        2.68141         30.9562         3.17018 
        2.68755         30.8819         3.15228 
        2.69368         30.6747         3.13453 
        2.69981         30.5245         3.11694 
        2.70595         30.3759         3.09944 
        2.71209          30.245         3.08208 
        2.71823         30.1319         3.06487 
        2.72436         30.0296         3.04781 
         2.7305         29.8684         3.03086 
        2.73663         29.7418         3.01404 
        2.74276         29.5856         2.99737 
         2.7489         29.5078         2.98081 
        2.75504         29.3637         2.96436 
        2.76118         29.2123         2.94802 
        2.76732         29.1073         2.93184 
        2.77345          28.998         2.91578 
        2.77959          28.798         2.89983 
        2.78572         28.7692         2.88401 
        2.79186         28.5747         2.86832 
        2.79798         28.4903         2.85275 
        2.80412         28.3734         2.83728 
        2.81027         28.2792          2.8219 
         2.8164         28.1011         2.80667 
        2.82253         28.0055         2.79155 
        2.82867         27.8614         2.77653 
        2.83481         27.7922         2.76163 
        2.84095         27.6187         2.74683 
        2.84708         27.5373         2.73216 
        2.85322         27.4077         2.71757 
        2.85935         27.2724          2.7031 
        2.86549         27.2127         2.68875 
        2.87162         27.0878         2.67449 
        2.87776         26.9574         2.66035 
        2.88389         26.8289         2.64629 
        2.89003         26.7569         2.63235 
        2.89617         26.5911          2.6185 
        2.90231         26.4809         2.60475 
        2.90844         26.3832          2.5911 
        2.91458         26.2705         2.57756 
        2.92071          26.148         2.56412 
        2.92684         26.0509         2.55077 
        2.93298         25.9526         2.53752 
         2.9391          25.863         2.52438 
        2.94524          25.712         2.51131 
        2.95138         25.6039         2.49833 
        2.95752         25.4721         2.48544 
        2.96367         25.4048         2.47263 
         2.9698         25.3413         2.45993 
        2.97594         25.2078         2.44732 
        2.98207          25.057         2.43479 
        2.98821         24.9544         2.42236 
        2.99434         24.8711         2.41002 
        3.00048          24.763         2.39776 
        3.00662         24.6864         2.38558 
        3.01275         24.5548          2.3735 
        3.01888         24.4484          2.3615 
        3.02503         24.3728         2.34957 
        3.03117          24.259         2.33772 
        3.03729          24.137         2.32599 
        3.04342         24.0502         2.31432 
        3.04957         23.9376         2.30271 
         3.0557         23.9209         2.29119 
        3.06183         23.7661         2.27978 
        3.06796          23.658         2.26843 
        3.07411         23.5635         2.25713 
        3.08025         23.4298         2.24593 
        3.08637         23.3426         2.23482 
         3.0925         23.2757         2.22378 
        3.09865         23.1869         2.21279 
         3.1048         23.0656         2.20187 
        3.11093         22.9687         2.19105 
        3.11706         22.8613         2.18031 
         3.1232         22.7932         2.16963 
        3.12933         22.6713         2.15902 
        3.13547          22.597         2.14848 
        3.14159         22.5078         2.13804 
        3.14773         22.4572         2.12764 
        3.15388         22.3145          2.1173 
        3.16001          22.195         2.10704 
        3.16614          22.133         2.09686 
        3.17228         22.0448         2.08674 
        3.17842         21.9603         2.07669 
        3.18455          21.885         2.06671 
        3.19068         21.7672         2.05679 
        3.19682         21.7037         2.04693 
        3.20297         21.6031         2.03713 
         3.2091         21.4964         2.02741 
        3.21524         21.3855         2.01775 
        3.22138         21.3635         2.00815 
         3.2275         21.2442         1.99863 
        3.23363         21.1374         1.98917 
        3.23977         21.0701         1.97975 
        3.24591         20.9768          1.9704 
        3.25205         20.9261         1.96111 
        3.25818         20.8052         1.95188 
        3.26432         20.7257         1.94271 
        3.27046         20.6279          1.9336 
         3.2766         20.5553         1.92455 
        3.28273         20.4753         1.91556 
        3.28887         20.3819         1.90663 
          3.295         20.2943         1.89775 
        3.30113         20.2246         1.88894 
        3.30727         20.1572         1.88017 
        3.31341         20.0743         1.87147 
        3.31954          19.984         1.86282 
        3.32568         19.9042         1.85422 
        3.33182         19.7917         1.84568 
        3.33795         19.7354         1.83719 
        3.34409         19.6406         1.82876 
        3.35022         19.6095         1.82037 
        3.35636         19.5047         1.81205 
         3.3625         19.4142         1.80377 
        3.36864         19.3535         1.79554 
        3.37477         19.2511         1.78737 
        3.38091         19.1753         1.77925 
        3.38704         19.1223         1.77119 
        3.39318         19.0393         1.76316 
        3.39931         18.9577         1.75519 
        3.40545         18.9161         1.74727 
        3.41158         18.8046          1.7394 
        3.41772         18.7351         1.73158 
        3.42385         18.6476         1.72381 
        3.42998         18.6071         1.71609 
        3.43612         18.5028         1.70841 
        3.44226          18.418         1.70078 
         3.4484         18.3646         1.69318 
        3.45453         18.3069         1.68565 
        3.46066         18.2214         1.67817 
        3.46681         18.1654         1.67071 
        3.47295         18.0727          1.6633 
        3.47908         18.0067         1.65595 
        3.48521         17.9414         1.64865 
        3.49135         17.8678         1.64138 
        3.49749         17.7857         1.63415 
        3.50362          17.709         1.62698 
        3.50976         17.6463         1.61984 
        3.51589         17.5644         1.61275 
        3.52203         17.5069          1.6057 
        3.52816         17.4459         1.59871 
        3.53429         17.3835         1.59174 
        3.54043         17.3042         1.58481 
        3.54657         17.2524         1.57793 
        3.55271         17.1687         1.57109 
        3.55884         17.1135          1.5643 
        3.56498         17.0443         1.55753 
        3.57112         16.9799         1.55081 
        3.57725         16.9068         1.54413 
        3.58338         16.8385          1.5375 
        3.58952         16.7821          1.5309 
        3.59566         16.6994         1.52433 
         3.6018         16.6515          1.5178 
        3.60793         16.5621         1.51132 
        3.61407         16.5138         1.50488 
        3.62021         16.4538         1.49847 
        3.62634         16.3851          1.4921 
        3.63247         16.3165         1.48577 
        3.63861          16.241         1.47948 
        3.64475         16.1843         1.47321 
        3.65089         16.1358         1.46699 
        3.65702         16.0735         1.46081 
        3.66316         15.9923         1.45465 
        3.66929         15.9326         1.44854 
        3.67543         15.8925         1.44246 
        3.68156         15.8345         1.43642 
        3.68769         15.7365         1.43041 
        3.69383         15.7223         1.42443 
        3.69997         15.6517         1.41849 
        3.70611         15.5737         1.41259 
        3.71224         15.5294         1.40671 
        3.71838         15.4642         1.40087 
        3.72451          15.401         1.39507 
        3.73065         15.3609          1.3893 
        3.73678         15.2917         1.38356 
        3.74292          15.231         1.37785 
        3.74906         15.1773         1.37217 
        3.75519         15.1182         1.36653 
        3.76133         15.0637         1.36092 
        3.76746         14.9903         1.35534 
         3.7736         14.9378          1.3498 
        3.77974         14.8913         1.34428 
        3.78588         14.8134         1.33879 
        3.79201         14.7793         1.33334 
        3.79814          14.702         1.32791 
        3.80428          14.678         1.32252 
        3.81042         14.6115         1.31715 
        3.81655         14.5395         1.31182 
        3.82268         14.4951         1.30652 
        3.82882         14.4424         1.30125 
        3.83496         14.3799           1.296 
        3.84109         14.3236         1.29078 
        3.84723         14.2744         1.28559 
        3.85337         14.2289         1.28043 
        3.85951         14.1686         1.27529 
        3.86565         14.1137         1.27019 
        3.87178          14.066         1.26512 
        3.87791         14.0173         1.26008 
        3.88405         13.9555         1.25506 
        3.89019         13.9215         1.25007 
        3.89632         13.8593          1.2451 
        3.90246         13.8024         1.24016 
         3.9086         13.7592         1.23525 
        3.91473          13.706         1.23037 
        3.92086         13.6513         1.22552 
        3.92699         13.5854         1.22069 
        3.93313         13.5468         1.21588 
        3.93927         13.4986         1.21111 
         3.9454         13.4529         1.20636 
        3.95154         13.4017         1.20163 
        3.95768         13.3549         1.19692 
        3.96382         13.2977         1.19225 
        3.96995         13.2367         1.18759 
        3.97609         13.1896         1.18297 
        3.98222         13.1381         1.17837 
        3.98836         13.1046         1.17379 
         3.9945         13.0485         1.16924 
        4.00063         13.0234         1.16472 
        4.00677         12.9628         1.16021 
        4.01291         12.9324         1.15573 
        4.01904          12.862         1.15128 
        4.02517         12.8096         1.14685 
        4.03131         12.7692         1.14244 
        4.03745         12.7409         1.13805 
        4.04358         12.6888         1.13369 
        4.04972         12.6315         1.12935 
        4.05585         12.5701         1.12503 
        4.06199         12.5316         1.12074 
        4.06812          12.476         1.11647 
        4.07426         12.4409         1.11222 
         4.0804         12.4086         1.10799 
        4.08654         12.3672         1.10378 
        4.09267         12.3234          1.0996 
         4.0988         12.2779         1.09545 
        4.10494         12.2345         1.09131 
        4.11108         12.1746         1.08719 
        4.11721         12.1363          1.0831 
        4.12334         12.0896         1.07902 
        4.12948          12.052         1.07497 
        4.13561         12.0069         1.07094 
        4.14176          11.964         1.06692 
        4.14789         11.9169         1.06293 
        4.15403          11.887         1.05896 
        4.16016         11.8175         1.05501 
         4.1663         11.7931         1.05108 
        4.17243         11.7387         1.04717 
        4.17857         11.7023         1.04328 
        4.18471         11.6786         1.03941 
        4.19084         11.6317         1.03556 
        4.19698         11.5794         1.03173 
        4.20312         11.5476         1.02791 
        4.20925         11.5085         1.02412 
        4.21538         11.4605         1.02035 
        4.22152         11.4274          1.0166 
        4.22766         11.3777         1.01286 
         4.2338         11.3431         1.00915 
        4.23993          11.295         1.00545 
        4.24607         11.2517         1.00177 
         4.2522          11.236        0.998111 
        4.25834         11.1799        0.994469 
        4.26447         11.1371        0.990848 
        4.27061         11.1051        0.987244 
        4.27674         11.0686        0.983657 
        4.28288         11.0327        0.980084 
        4.28902         10.9881        0.976533 
        4.29515          10.945        0.973001 
        4.30129         10.9066        0.969484 
        4.30743         10.8728        0.965983 
        4.31356         10.8258        0.962501 
        4.31969         10.7951         0.95904 
        4.32583         10.7603        0.955595 
        4.33197         10.7271         0.95216 
         4.3381         10.6941        0.948747 
        4.34424         10.6501        0.945352 
        4.35038         10.6093        0.941968 
        4.35652         10.5843        0.938603 
        4.36265         10.5305        0.935259 
        4.36878          10.493         0.93193 
        4.37492         10.4715        0.928614 
        4.38106         10.4317        0.925313 
        4.38719         10.3952        0.922035 
        4.39333         10.3595        0.918771 
        4.39946         10.3186        0.915521 
         4.4056         10.2889        0.912287 
        4.41173          10.253        0.909069 
        4.41786         10.2044         0.90587 
          4.424         10.1806        0.902683 
        4.43014           10.14        0.899507 
        4.43628         10.1125        0.896349 
        4.44241         10.0827        0.893209 
        4.44855         10.0419        0.890082 
        4.45469         10.0025        0.886968 
        4.46083         9.98499        0.883873 
        4.46696         9.94721        0.880795 
        4.47309         9.90971        0.877727 
        4.47923          9.8764        0.874674 
        4.48537           9.831        0.871638 
         4.4915         9.81903        0.868616 
        4.49764         9.78764        0.865606 
        4.50378         9.74344         0.86261 
        4.50991          9.7009        0.859634 
        4.51604           9.677         0.85667 
        4.52218         9.65977        0.853715 
        4.52832         9.62282        0.850778 
        4.53445         9.58873        0.847856 
        4.54059         9.55623        0.844946 
        4.54673         9.51873        0.842049 
        4.55286           9.487        0.839165 
          4.559         9.45352        0.836297 
        4.56513         9.42293        0.833443 
        4.57127         9.39229        0.830601 
        4.57741         9.36719        0.827771 
        4.58354         9.33162        0.824956 
        4.58968         9.31077        0.822154 
        4.59582         9.26659        0.819363 
        4.60195          9.2403        0.816588 
        4.60809          9.2137        0.813826 
        4.61422         9.17222        0.811076 
        4.62036         9.15383        0.808339 
        4.62649         9.11865        0.805613 
        4.63263         9.09998        0.802902 
        4.63876         9.05906        0.800202 
         4.6449         9.03418        0.797514 
        4.65104         9.00207        0.794839 
        4.65717         8.96906        0.792178 
        4.66331         8.93989        0.789528 
        4.66944         8.91332        0.786889 
        4.67558         8.88115        0.784266 
        4.68171         8.86213        0.781651 
        4.68785         8.83204        0.779047 
        4.69399         8.80666        0.776457 
        4.70012         8.78353        0.773882 
        4.70625         8.75474        0.771316 
        4.71239         8.72428         0.76876 
        4.71853         8.69013        0.766217 
        4.72467          8.6601        0.763684 
         4.7308         8.63166        0.761165 
        4.73694         8.60894        0.758656 
        4.74308         8.58676        0.756158 
        4.74922         8.54548        0.753671 
        4.75535         8.52797        0.751198 
        4.76148         8.50273        0.748736 
        4.76762         8.47306        0.746282 
        4.77376          8.4465        0.743839 
        4.77989         8.42634        0.741411 
        4.78602         8.39283        0.738992 
        4.79216         8.37848        0.736582 
         4.7983         8.34722        0.734184 
        4.80443         8.31826        0.731799 
        4.81056         8.28935        0.729423 
         4.8167         8.26938        0.727055 
        4.82284         8.23845        0.724698 
        4.82898          8.2121        0.722353 
        4.83511         8.18564         0.72002 
        4.84125         8.16643        0.717694 
        4.84739         8.13781         0.71538 
        4.85352         8.11773        0.713078 
        4.85965         8.08598        0.710784 
        4.86579         8.07035        0.708501 
        4.87193         8.03763        0.706227 
        4.87807         8.01515        0.703963 
         4.8842         7.99182         0.70171 
        4.89034         7.96012        0.699466 
        4.89647         7.94264        0.697232 
        4.90261          7.9183        0.695009 
        4.90874         7.90031        0.692796 
        4.91488           7.874        0.690592 
        4.92102          7.8483        0.688396 
        4.92715         7.82633         0.68621 
        4.93329         7.80299        0.684036 
        4.93942         7.77865        0.681869 
        4.94556         7.75506        0.679711 
         4.9517         7.72848        0.677563 
        4.95783         7.71201        0.675426 
        4.96397         7.68712        0.673297 
        4.97011         7.66966        0.671176 
        4.97624         7.64201        0.669066 
        4.98238         7.61964        0.666966 
        4.98851          7.5937        0.664874 
        4.99465         7.57331        0.662791 
        5.00078         7.54958        0.660717 
        5.00691         7.53288        0.658653 
        5.01305         7.51161        0.656597 
        5.01919         7.49147        0.654547 
        5.02533         7.47063        0.652508 
        5.03146          7.4441        0.650479 
         5.0376         7.43129        0.648458 
        5.04374         7.39549        0.646444 
        5.04987         7.37348        0.644439 
        5.05601         7.35901        0.642444 
        5.06215          7.3363        0.640456 
        5.06829          7.3138        0.638476 
        5.07442         7.29531        0.636507 
        5.08055         7.27401        0.634547 
        5.08668         7.25766        0.632593 
        5.09282         7.23619        0.630646 
        5.09896         7.21683         0.62871 
        5.10509         7.19284        0.626782 
        5.11123         7.17578        0.624861 
        5.11736         7.14977        0.622948 
         5.1235         7.13145        0.621043 
        5.12964         7.11191        0.619146 
        5.13577         7.09579        0.617256 
        5.14191         7.07793        0.615375 
        5.14804         7.05591        0.613504 
        5.15418         7.03887        0.611639 
        5.16032         7.01725        0.609781 
        5.16645         7.00322        0.607931 
        5.17259          6.9783        0.606089 
        5.17872         6.96142        0.604255 
        5.18486         6.94421        0.602427 
          5.191         6.92753        0.600607 
        5.19713           6.911        0.598797 
        5.20327         6.89203        0.596993 
        5.20941         6.86496        0.595196 
        5.21555         6.84885        0.593405 
        5.22168          6.8297        0.591624 
        5.22781         6.81545         0.58985 
        5.23395         6.79369        0.588084 
        5.24009         6.77663        0.586323 
        5.24622         6.75513         0.58457 
        5.25236          6.7484        0.582826 
         5.2585         6.72069        0.581086 
        5.26463         6.70809        0.579354 
        5.27077         6.69735        0.577631 
         5.2769         6.67819        0.575914 
        5.28304         6.65518        0.574204 
        5.28917         6.64202        0.572502 
         5.2953          6.6274        0.570807 
        5.30144          6.5966        0.569117 
        5.30757         6.58857        0.567435 
        5.31371         6.57386        0.565759 
        5.31985         6.55408        0.564089 
        5.32599         6.53783        0.562426 
        5.33213         6.51934         0.56077 
        5.33826         6.50839        0.559121 
         5.3444         6.49082        0.557479 
        5.35053         6.47148        0.555844 
        5.35667         6.45753        0.554215 
        5.36281         6.44226        0.552591 
        5.36894         6.42128        0.550976 
        5.37507         6.41137        0.549367 
        5.38121         6.39695        0.547764 
        5.38735         6.37573        0.546166 
        5.39348         6.36201        0.544577 
        5.39961         6.34921        0.542994 
        5.40575          6.3334        0.541416 
        5.41189         6.32044        0.539844 
        5.41803         6.30119        0.538278 
        5.42416         6.28949         0.53672 
         5.4303         6.27921        0.535167 
        5.43644         6.26094         0.53362 
        5.44257         6.24607         0.53208 
        5.44871         6.23301        0.530545 
        5.45484         6.21323        0.529017 
        5.46098         6.20482        0.527494 
        5.46712         6.18634        0.525977 
        5.47325         6.17572        0.524467 
        5.47938         6.16486        0.522965 
        5.48552         6.14991        0.521467 
        5.49165         6.13131        0.519974 
        5.49779         6.12665        0.518488 
        5.50393         6.10669        0.517006 
        5.51006         6.09565         0.51553 
         5.5162         6.07877        0.514061 
        5.52234         6.06469        0.512598 
        5.52847         6.05329         0.51114 
        5.53461         6.03646        0.509687 
        5.54075         6.02501        0.508241 
        5.54688         6.01432          0.5068 
        5.55302         6.00146        0.505365 
        5.55915         5.99374        0.503935 
        5.56529         5.96942        0.502511 
        5.57143         5.96148        0.501092 
        5.57756         5.94782        0.499679 
         5.5837          5.9383        0.498272 
        5.58983         5.92616        0.496871 
        5.59597          5.9131        0.495474 
         5.6021             5.9        0.494082 
        5.60824         5.88874        0.492696 
        5.61438         5.87908        0.491315 
        5.62051         5.86114         0.48994 
        5.62665          5.8556         0.48857 
        5.63278         5.83974        0.487206 
        5.63892         5.83139        0.485846 
        5.64505         5.82288        0.484492 
        5.65119         5.80701        0.483143 
        5.65733         5.79878        0.481799 
        5.66346         5.78572        0.480461 
         5.6696         5.77335        0.479127 
        5.67573         5.76531        0.477799 
        5.68187         5.74963        0.476475 
          5.688         5.74187        0.475157 
        5.69414         5.72773        0.473844 
        5.70028         5.72046        0.472535 
        5.70642         5.71044        0.471231 
        5.71255         5.69777        0.469932 
        5.71869         5.68532        0.468639 
        5.72482         5.68041        0.467351 
        5.73096         5.66728        0.466067 
        5.73709         5.66088        0.464789 
        5.74322         5.64659        0.463516 
        5.74936         5.63703        0.462246 
         5.7555         5.63027        0.460981 
        5.76164         5.61984        0.459721 
        5.76777         5.61138        0.458467 
        5.77391         5.59804        0.457216 
        5.78005           5.592         0.45597 
        5.78618         5.58193         0.45473 
        5.79231         5.57565        0.453495 
        5.79845         5.56825        0.452263 
        5.80459         5.55394        0.451035 
        5.81073         5.54125        0.449813 
        5.81686         5.54019        0.448596 
          5.823          5.5298        0.447382 
        5.82914         5.51525        0.446173 
        5.83527         5.51586         0.44497 
         5.8414         5.49947         0.44377 
        5.84754         5.49556        0.442574 
        5.85368         5.48714        0.441383 
        5.85981         5.47462        0.440197 
        5.86595         5.46855        0.439015 
        5.87208         5.46353        0.437838 
        5.87822           5.452        0.436665 
        5.88435          5.4517        0.435497 
        5.89049         5.44131        0.434332 
        5.89662         5.43464        0.433172 
        5.90276         5.42538        0.432015 
         5.9089         5.41298        0.430863 
        5.91503         5.40707        0.429716 
        5.92117         5.39955        0.428573 
        5.92731         5.39324        0.427433 
        5.93344         5.39315        0.426298 
        5.93958         5.38157        0.425168 
        5.94572         5.37747        0.424041 
        5.95186         5.37107        0.422917 
        5.95799         5.35747          0.4218 
        5.96412         5.35454        0.420686 
        5.97026         5.34609        0.419575 
         5.9764         5.33872        0.418469 
        5.98253         5.33494        0.417368 
        5.98866         5.32744         0.41627 
         5.9948          5.3219        0.415175 
        6.00094         5.32334        0.414085 
        6.00707         5.31278        0.412999 
        6.01321         5.30707        0.411916 
        6.01935         5.30306        0.410838 
        6.02548         5.29599        0.409763 
        6.03162         5.29484        0.408693 
        6.03775         5.28437        0.407627 
        6.04389         5.28207        0.406564 
        6.05003         5.27743        0.405504 
        6.05617         5.27163        0.404448 
         6.0623         5.26783        0.403396 
        6.06844           5.261        0.402349 
        6.07457         5.25807        0.401305 
         6.0807         5.25145        0.400265 
        6.08684         5.24877        0.399229 
        6.09298         5.24626        0.398196 
        6.09912         5.24206        0.397166 
        6.10525         5.23654        0.396141 
        6.11138         5.23048        0.395119 
        6.11752         5.22999        0.394101 
        6.12366         5.22216        0.393086 
        6.12979         5.22049        0.392076 
        6.13593         5.22062        0.391068 
        6.14207         5.21515        0.390064 
         6.1482         5.21004        0.389063 
        6.15434         5.20754        0.388067 
        6.16047         5.20483        0.387074 
        6.16661         5.19987        0.386084 
        6.17274         5.19985        0.385098 
        6.17887         5.19162        0.384116 
        6.18501         5.19124        0.383136 
        6.19115         5.19054         0.38216 
        6.19729         5.18968        0.381187 
        6.20342         5.18708        0.380218 
        6.20956         5.18202        0.379252 
         6.2157         5.17897        0.378289 
        6.22183         5.18443         0.37733 
        6.22797         5.17814        0.376374 
         6.2341         5.17232        0.375422 
        6.24024         5.17484        0.374473 
        6.24638         5.17199        0.373526 
        6.25251          5.1725        0.372584 
        6.25865         5.16438        0.371645 
        6.26478         5.16781        0.370709 
        6.27092         5.17033        0.369776 
        6.27705         5.16419        0.368847 
        6.28318         5.16366        0.367921 
