# k  (h/Mpc)    Pcb(k)  (Mpc/h)^3    Pcb_linear(k)  (Mpc/h)^3
     0.00783031         846.386         854.507 
       0.013688         1049.68         1051.83 
       0.019231         1060.61         1060.79 
      0.0249154         971.148         975.927 
      0.0312784         839.921         840.337 
      0.0375637         714.607         712.738 
      0.0433917         619.308          619.76 
      0.0492413         554.244         553.415 
      0.0555754         503.111         504.938 
      0.0619321         471.135         469.267 
       0.067871         436.808         438.176 
      0.0738098         402.373         403.801 
      0.0800417         361.204         363.272 
      0.0862327         320.896         321.485 
      0.0921407          284.58         284.398 
      0.0982031         252.298         252.617 
       0.104506         229.305         227.872 
       0.110769         212.093         210.984 
       0.116806         199.766         199.836 
       0.122832         191.656         191.062 
       0.129052         181.546         181.964 
       0.135211          170.92         171.366 
       0.141259         159.552         159.193 
       0.147318         147.079         146.079 
       0.153489         133.773         133.129 
       0.159709         122.651          121.75 
       0.165845         114.608         112.846 
       0.171974         107.162         106.265 
       0.178125         102.511         101.461 
       0.184229         98.8808         97.6774 
        0.19034         94.3485          94.069 
       0.196428         90.9565         90.0812 
       0.202534         86.9901         85.4775 
       0.208729         81.5037         80.3395 
       0.214876         76.0528         75.1601 
       0.220989         71.9338         70.3525 
       0.227147         67.2078         66.1696 
        0.23329         63.8642         62.7752 
       0.239377         61.3909         60.1033 
       0.245482         58.7288         57.9077 
       0.251667         57.2266         55.9159 
       0.257832         55.1251         53.9282 
       0.263955         53.0382         51.8169 
       0.270079         50.8084         49.5497 
        0.27624         48.8259         47.1874 
       0.282372         46.5469         44.8838 
        0.28843         44.2442         42.7717 
       0.294538         42.3558         40.8857 
       0.300721         41.0099         39.2431 
        0.30691         39.2794         37.8278 
       0.313033         38.0587         36.5809 
       0.319153         36.4634         35.4057 
       0.325316         35.8001           34.23 
        0.33145         34.4789         33.0344 
       0.337538           33.33         31.8239 
       0.343633         32.0214         30.6153 
       0.349808          30.963         29.4316 
       0.355968         29.8844         28.3275 
       0.362074         28.8366         27.3257 
       0.368217         27.9456          26.415 
       0.374374         27.0039         25.5829 
       0.380519          26.323         24.8098 
       0.386598         25.6201         24.0784 
       0.392688         24.9888         23.3586 
        0.39888         24.1987         22.6331 
       0.405048         23.5345         21.9175 
       0.411186         22.8743         21.2193 
       0.417313         22.0862         20.5486 
       0.423458          21.487         19.9109 
       0.429607         20.8365         19.3114 
       0.435692         20.2325         18.7571 
       0.441815         19.7633          18.233 
       0.447964         19.3781         17.7322 
       0.454126         18.7001         17.2489 
       0.460267         18.2899         16.7813 
       0.466387         17.7265         16.3251 
        0.47254         17.3793         15.8763 
       0.478662         17.0041         15.4427 
       0.484765         16.4885         15.0259 
       0.490885         16.0828          14.625 
       0.497035         15.8407         14.2401 
       0.503198         15.4016         13.8728 
       0.509342         15.0279         13.5233 
       0.515458         14.6642          13.189 
       0.521598         14.3663         12.8643 
       0.527764         14.0081         12.5478 
       0.533884         13.7625         12.2427 
           0.54         13.4377         11.9466 
       0.546137         13.1713         11.6579 
       0.552299         12.9081         11.3771 
       0.558452         12.5226         11.1064 
       0.564573         12.3329         10.8471 
       0.570708         12.0799         10.5969 
       0.576825         11.7685         10.3564 
       0.582926         11.5617         10.1244 
       0.589034         11.2385         9.89913 
       0.595184         11.0593         9.67881 
       0.601379         10.8175          9.4633 
       0.607522         10.6538         9.25586 
       0.613639         10.5002          9.0554 
       0.619772         10.2129         8.86043 
       0.625918         10.1012         8.67091 
       0.632068         9.93369         8.48695 
       0.638161         9.69162          8.3101 
         0.6443         9.49265          8.1372 
       0.650464          9.2948         7.96877 
       0.656582         9.20198         7.80647 
       0.662703         9.02705         7.64875 
       0.668861         8.86819         7.49456 
       0.675024         8.68344         7.34452 
       0.681124          8.5246         7.20008 
       0.687237         8.39759         7.05921 
       0.693381         8.26864         6.92142 
       0.699536         8.04564         6.78707 
       0.705665         7.94699         6.65687 
       0.711789         7.81541         6.53023 
       0.717957         7.67718         6.40607 
        0.72409         7.54522         6.28589 
       0.730186         7.43367         6.16957 
       0.736317         7.35458         6.05561 
       0.742472          7.2325         5.94416 
       0.748622         7.10158         5.83566 
        0.75476         6.95426         5.73013 
       0.760888         6.86316         5.62739 
       0.767043         6.77992         5.52678 
       0.773185         6.63816         5.42887 
       0.779291         6.57381         5.33389 
       0.785407         6.46368         5.24107 
       0.791564         6.36557         5.14989 
       0.797719         6.26124         5.06095 
       0.803834         6.20102         4.97468 
       0.809972         6.12173         4.89013 
       0.816124         5.99764         4.80739 
       0.822261         5.89695         4.72679 
       0.828378         5.82543          4.6483 
       0.834502         5.77229         4.57154 
       0.840667         5.65425         4.49603 
       0.846816         5.56373         4.42246 
       0.852925         5.51569           4.351 
       0.859047         5.43817           4.281 
       0.865192         5.37704         4.21231 
       0.871341         5.31244          4.1451 
       0.877463         5.23367         4.07967 
       0.883569         5.14235         4.01583 
       0.889708         5.06309         3.95305 
       0.895864         5.00982         3.89145 
       0.902008         4.94098          3.8313 
       0.908149         4.88804         3.77247 
       0.914301         4.80343         3.71479 
       0.920448         4.74135         3.65838 
       0.926574         4.67608         3.60335 
       0.932687         4.62825         3.54958 
       0.938823         4.57263         3.49671 
       0.944975         4.51084         3.44482 
       0.951105         4.46244         3.39416 
       0.957225         4.43567         3.34463 
       0.963368         4.36872         3.29591 
       0.969511         4.30819         3.24818 
       0.975621         4.24707         3.20165 
       0.981748         4.20655         3.15592 
       0.987916         4.15623          3.1108 
        0.99406         4.08701         3.06674 
        1.00019         4.04182         3.02363 
        1.00632         4.00643         2.98138 
        1.01246         3.96048         2.93989 
        1.01859         3.91144         2.89927 
        1.02471         3.86473         2.85946 
        1.03085          3.8222         2.82027 
        1.03698         3.77113         2.78191 
        1.04314         3.73865         2.74409 
        1.04929         3.69011         2.70708 
        1.05541         3.64833          2.6709 
        1.06154         3.61215          2.6353 
        1.06769         3.58457          2.6003 
        1.07382          3.5301         2.56605 
        1.07993         3.48468         2.53249 
        1.08607         3.46634         2.49941 
        1.09222         3.42192         2.46688 
        1.09836         3.39291         2.43497 
        1.10449         3.35436         2.40367 
        1.11063         3.31323         2.37289 
        1.11677         3.28254         2.34266 
         1.1229         3.24795         2.31301 
        1.12903         3.20848         2.28385 
        1.13518         3.18164         2.25517 
        1.14131           3.137         2.22701 
        1.14745          3.0932         2.19934 
        1.15359         3.07826         2.17215 
        1.15973         3.03602          2.1454 
        1.16584         3.01685         2.11922 
        1.17197         2.98475         2.09345 
        1.17811         2.95937         2.06803 
        1.18424         2.93473         2.04311 
        1.19038         2.90425         2.01853 
        1.19652         2.87411         1.99436 
        1.20267         2.84829         1.97059 
        1.20881         2.81655         1.94722 
        1.21495         2.79406         1.92426 
        1.22108         2.76689         1.90168 
         1.2272         2.74911         1.87952 
        1.23334         2.71243         1.85766 
        1.23949         2.68395         1.83609 
        1.24562         2.66876         1.81494 
        1.25174         2.63574         1.79414 
        1.25789         2.61583         1.77362 
        1.26402         2.58542         1.75345 
        1.27014          2.5619         1.73365 
        1.27628         2.54961         1.71409 
        1.28244         2.51486          1.6948 
        1.28858         2.49894         1.67584 
        1.29471         2.47182         1.65721 
        1.30084         2.44731         1.63888 
        1.30697         2.43733          1.6208 
        1.31312         2.39651         1.60297 
        1.31925         2.38653         1.58547 
        1.32537         2.36452         1.56824 
        1.33151          2.3487         1.55121 
        1.33765         2.31912         1.53445 
        1.34378         2.30011         1.51796 
        1.34992         2.29075         1.50171 
        1.35606         2.25731         1.48566 
         1.3622         2.24812         1.46988 
        1.36833         2.22668         1.45436 
        1.37445         2.20488         1.43908 
        1.38059         2.19168         1.42397 
        1.38675          2.1808         1.40904 
        1.39288         2.15346         1.39438 
        1.39901         2.13307         1.37995 
        1.40515         2.11766         1.36568 
         1.4113         2.10182         1.35162 
        1.41742         2.08545         1.33782 
        1.42355         2.07447         1.32418 
         1.4297         2.04871         1.31069 
        1.43585         2.03822          1.2974 
        1.44198         2.02583         1.28434 
        1.44809         2.00041         1.27149 
        1.45423         1.98595         1.25876 
        1.46036         1.96973         1.24624 
        1.46649         1.95428         1.23388 
        1.47263         1.93802         1.22168 
        1.47877         1.91974         1.20965 
        1.48491         1.90617         1.19776 
        1.49104         1.89499         1.18606 
        1.49718         1.88227         1.17451 
        1.50333         1.86483         1.16309 
        1.50947         1.85377         1.15185 
         1.5156          1.8377         1.14077 
        1.52172          1.8238         1.12984 
        1.52787           1.809         1.11903 
          1.534         1.79764         1.10838 
        1.54013         1.78199         1.09788 
        1.54627         1.76614         1.08749 
        1.55241         1.75271         1.07724 
        1.55855         1.74344         1.06713 
        1.56467         1.73182         1.05718 
         1.5708         1.71299         1.04733 
        1.57695         1.70531         1.03759 
        1.58308         1.69245           1.028 
        1.58922         1.68117         1.01853 
        1.59535         1.66881         1.00917 
         1.6015           1.657        0.999927 
        1.60764         1.64732          0.9908 
        1.61376         1.63502        0.981813 
        1.61989         1.62201         0.97293 
        1.62604         1.60882        0.964137 
        1.63218         1.60395        0.955459 
        1.63831         1.58617        0.946909 
        1.64444         1.57523         0.93846 
        1.65059         1.56834        0.930094 
        1.65673         1.55519         0.92184 
        1.66285         1.54362        0.913709 
        1.66898         1.53652        0.905674 
        1.67512         1.52125         0.89772 
        1.68127         1.51181        0.889855 
         1.6874         1.50612        0.882102 
        1.69353         1.48897        0.874445 
        1.69967         1.47969        0.866862 
        1.70581          1.4761        0.859372 
        1.71193         1.46237        0.851999 
        1.71806         1.45634        0.844697 
        1.72421         1.44478        0.837466 
        1.73035         1.43387        0.830328 
        1.73649         1.42582        0.823275 
        1.74262          1.4165         0.81631 
        1.74876         1.40826        0.809421 
        1.75489         1.39449        0.802626 
        1.76101         1.38718        0.795911 
        1.76715         1.37942        0.789264 
        1.77329         1.37145        0.782685 
        1.77943         1.35969        0.776178 
        1.78557         1.35129        0.769755 
        1.79171         1.34708        0.763404 
        1.79785         1.33498        0.757124 
        1.80399         1.32798        0.750916 
        1.81012         1.32178        0.744786 
        1.81625         1.31062        0.738727 
        1.82239         1.30269        0.732727 
        1.82853         1.29007        0.726797 
        1.83466         1.28652        0.720938 
        1.84078         1.27717         0.71515 
        1.84692         1.27207        0.709417 
        1.85306         1.26223        0.703739 
         1.8592         1.25601        0.698133 
        1.86533          1.2467        0.692591 
        1.87147         1.24101        0.687103 
        1.87761         1.23288        0.681672 
        1.88375         1.22219        0.676306 
        1.88988         1.21888        0.671004 
        1.89601         1.20969        0.665756 
        1.90215         1.20123         0.66056 
        1.90829         1.19324        0.655422 
        1.91442         1.18779        0.650338 
        1.92056         1.18134        0.645313 
         1.9267         1.17389        0.640335 
        1.93284         1.17004        0.635408 
        1.93897         1.16119        0.630541 
        1.94509         1.15376        0.625736 
        1.95123         1.14566        0.620969 
        1.95737         1.14019        0.616249 
        1.96349         1.13264        0.611589 
        1.96964         1.12775        0.606965 
        1.97578         1.12068        0.602386 
        1.98192         1.11566        0.597864 
        1.98805         1.10651        0.593388 
        1.99419         1.10328        0.588958 
        2.00033         1.09939        0.584571 
        2.00647         1.08865         0.58023 
         2.0126         1.08471         0.57594 
        2.01874         1.07755        0.571687 
        2.02488         1.07306        0.567474 
        2.03101         1.06376        0.563311 
        2.03714         1.05703        0.559194 
        2.04328         1.05531        0.555113 
        2.04941         1.04704        0.551077 
        2.05554          1.0422        0.547084 
        2.06167         1.03525        0.543125 
        2.06781         1.03081        0.539204 
        2.07396         1.02366        0.535317 
        2.08009         1.01934        0.531475 
        2.08622         1.01219        0.527676 
        2.09237         1.01015        0.523905 
        2.09851          1.0041        0.520172 
        2.10464        0.999736         0.51648 
        2.11077        0.992713         0.51283 
        2.11691        0.986292        0.509206 
        2.12305        0.982691        0.505617 
        2.12918        0.976787        0.502072 
        2.13531        0.972033         0.49856 
        2.14145        0.966066        0.495073 
         2.1476        0.960254        0.491616 
        2.15372        0.956679         0.48821 
        2.15985        0.950275        0.484832 
        2.16599         0.94553        0.481476 
        2.17213        0.940642        0.478156 
        2.17827        0.937746        0.474868 
         2.1844        0.932936        0.471614 
        2.19054        0.929372        0.468389 
        2.19666        0.922954        0.465199 
         2.2028        0.917933        0.462036 
        2.20893         0.91294        0.458901 
        2.21508        0.910579        0.455792 
        2.22122        0.901748         0.45271 
        2.22736        0.898183        0.449663 
        2.23349        0.897838        0.446646 
        2.23962        0.890169        0.443654 
        2.24577         0.88549        0.440687 
         2.2519        0.880468        0.437751 
        2.25802          0.8779        0.434847 
        2.26417        0.871421        0.431962 
        2.27031        0.868502          0.4291 
        2.27644        0.864214        0.426272 
        2.28257        0.860652         0.42347 
        2.28872        0.855443        0.420687 
        2.29486        0.851989        0.417931 
        2.30099        0.846586        0.415205 
        2.30712        0.843089        0.412502 
        2.31326         0.84033        0.409818 
         2.3194        0.836648         0.40716 
        2.32553        0.832668        0.404531 
        2.33166         0.82727        0.401925 
         2.3378        0.822807        0.399339 
        2.34394        0.818149        0.396775 
        2.35007         0.81476        0.394237 
        2.35619        0.812645        0.391724 
        2.36233        0.806371        0.389228 
        2.36848         0.80394        0.386747 
        2.37462        0.799453        0.384294 
        2.38075        0.797323        0.381865 
        2.38689         0.79267        0.379454 
        2.39303        0.789756        0.377065 
        2.39916        0.784112        0.374698 
        2.40529        0.782806        0.372353 
        2.41143        0.778426        0.370025 
        2.41757        0.774889        0.367717 
         2.4237        0.772112        0.365432 
        2.42983        0.768025        0.363167 
        2.43598        0.764677        0.360915 
        2.44211        0.761552        0.358686 
        2.44823        0.757549        0.356481 
        2.45437        0.754484        0.354288 
        2.46052        0.752469        0.352112 
        2.46665        0.748157        0.349958 
        2.47279        0.744477        0.347823 
        2.47892        0.740013        0.345705 
        2.48507        0.737665        0.343602 
         2.4912        0.734066         0.34152 
        2.49733        0.731453        0.339457 
        2.50347        0.728532        0.337407 
        2.50961        0.724932        0.335374 
        2.51575        0.722885         0.33336 
        2.52188        0.718031        0.331364 
        2.52802        0.715323        0.329382 
        2.53416        0.712272        0.327416 
        2.54029        0.708834        0.325469 
        2.54641        0.706316        0.323539 
        2.55255        0.703048        0.321623 
        2.55869        0.699127        0.319719 
        2.56483        0.697248        0.317833 
        2.57096        0.693836        0.315965 
        2.57709        0.691862        0.314111 
        2.58323        0.687955         0.31227 
        2.58937        0.684866        0.310443 
        2.59551        0.682219        0.308633 
        2.60164        0.679613        0.306838 
        2.60778        0.676521        0.305055 
        2.61392        0.673543        0.303287 
        2.62006        0.670496        0.301534 
        2.62619        0.668973        0.299796 
        2.63232        0.665394        0.298072 
        2.63846        0.663401        0.296359 
        2.64459        0.660595        0.294662 
        2.65072        0.657479        0.292979 
        2.65686        0.655704        0.291308 
          2.663        0.651919        0.289647 
        2.66915         0.65004           0.288 
        2.67527        0.647417         0.28637 
        2.68141         0.64447        0.284751 
        2.68755        0.642205        0.283142 
        2.69368        0.639204        0.281548 
        2.69981        0.637349        0.279969 
        2.70595        0.634646        0.278397 
        2.71209        0.632108        0.276837 
        2.71823        0.628703        0.275292 
        2.72436        0.626204        0.273759 
         2.7305        0.624969        0.272236 
        2.73663        0.621987        0.270726 
        2.74276        0.620085        0.269228 
         2.7489        0.617872        0.267741 
        2.75504        0.615727        0.266263 
        2.76118        0.612266        0.264796 
        2.76732        0.608913        0.263342 
        2.77345        0.608459          0.2619 
        2.77959        0.605769        0.260468 
        2.78572        0.603866        0.259047 
        2.79186        0.602302        0.257637 
        2.79798        0.599515        0.256239 
        2.80412        0.596722        0.254849 
        2.81027        0.595132        0.253468 
         2.8164        0.592176        0.252099 
        2.82253        0.589157        0.250741 
        2.82867        0.588178        0.249393 
        2.83481        0.585991        0.248054 
        2.84095         0.58349        0.246724 
        2.84708        0.582323        0.245407 
        2.85322         0.57921        0.244097 
        2.85935        0.578437        0.242797 
        2.86549          0.5759        0.241508 
        2.87162        0.572728        0.240227 
        2.87776        0.571542        0.238957 
        2.88389           0.569        0.237694 
        2.89003        0.567429        0.236442 
        2.89617        0.565376        0.235198 
        2.90231        0.562824        0.233963 
        2.90844        0.561617        0.232737 
        2.91458        0.559164         0.23152 
        2.92071        0.557561        0.230314 
        2.92684        0.555643        0.229114 
        2.93298        0.553223        0.227924 
         2.9391        0.551704        0.226744 
        2.94524        0.550098         0.22557 
        2.95138        0.548294        0.224404 
        2.95752        0.546166        0.223246 
        2.96367        0.543965        0.222095 
         2.9698        0.543135        0.220955 
        2.97594        0.541099        0.219822 
        2.98207        0.538926        0.218697 
        2.98821         0.53786        0.217581 
        2.99434        0.535164        0.216472 
        3.00048        0.533859        0.215371 
        3.00662         0.53179        0.214277 
        3.01275        0.530824        0.213192 
        3.01888        0.529448        0.212114 
        3.02503         0.52687        0.211042 
        3.03117        0.525529        0.209978 
        3.03729        0.523932        0.208924 
        3.04342        0.521819        0.207876 
        3.04957        0.521128        0.206833 
         3.0557        0.518776        0.205799 
        3.06183        0.517137        0.204774 
        3.06796        0.516638        0.203754 
        3.07411        0.514181        0.202739 
        3.08025        0.513284        0.201733 
        3.08637        0.511341        0.200736 
         3.0925        0.510512        0.199743 
        3.09865        0.508847        0.198756 
         3.1048        0.506396        0.197776 
        3.11093         0.50512        0.196804 
        3.11706        0.504067        0.195839 
         3.1232         0.50274         0.19488 
        3.12933        0.501117        0.193926 
        3.13547         0.49934         0.19298 
        3.14159        0.497651        0.192042 
        3.14773        0.496641        0.191108 
        3.15388        0.495259        0.190179 
        3.16001        0.494822        0.189258 
        3.16614        0.492969        0.188344 
        3.17228        0.491911        0.187434 
        3.17842          0.4909        0.186531 
        3.18455        0.488822        0.185635 
        3.19068        0.487467        0.184745 
        3.19682        0.486688        0.183859 
        3.20297        0.485906        0.182979 
         3.2091        0.484424        0.182105 
        3.21524        0.483127        0.181237 
        3.22138        0.481645        0.180375 
         3.2275        0.480243         0.17952 
        3.23363        0.479584         0.17867 
        3.23977        0.478375        0.177825 
        3.24591        0.478125        0.176985 
        3.25205        0.476199         0.17615 
        3.25818        0.474074        0.175321 
        3.26432        0.473807        0.174498 
        3.27046        0.472782        0.173679 
         3.2766        0.472375        0.172866 
        3.28273        0.470284        0.172059 
        3.28887        0.470221        0.171256 
          3.295        0.468204        0.170459 
        3.30113        0.467485        0.169667 
        3.30727        0.466442         0.16888 
        3.31341        0.465316        0.168098 
        3.31954        0.464216        0.167322 
        3.32568        0.463154        0.166549 
        3.33182        0.463134        0.165782 
        3.33795        0.461495         0.16502 
        3.34409        0.461628        0.164262 
        3.35022        0.460491        0.163509 
        3.35636        0.459065        0.162761 
         3.3625        0.458512        0.162017 
        3.36864        0.457225        0.161279 
        3.37477        0.456522        0.160544 
        3.38091        0.456215        0.159815 
        3.38704        0.455553        0.159091 
        3.39318        0.454325         0.15837 
        3.39931        0.453957        0.157654 
        3.40545        0.453201        0.156943 
        3.41158        0.452007        0.156236 
        3.41772        0.451237        0.155533 
        3.42385        0.450426        0.154836 
        3.42998        0.449879        0.154142 
        3.43612        0.449493        0.153452 
        3.44226        0.449312        0.152767 
         3.4484        0.448606        0.152084 
        3.45453        0.447891        0.151408 
        3.46066        0.446615        0.150736 
        3.46681        0.445925        0.150066 
        3.47295        0.446106          0.1494 
        3.47908        0.445843        0.148741 
        3.48521        0.444622        0.148084 
        3.49135        0.444634        0.147431 
        3.49749        0.443462        0.146782 
        3.50362        0.443168        0.146138 
        3.50976        0.442965        0.145497 
        3.51589        0.442459         0.14486 
        3.52203        0.441547        0.144227 
        3.52816        0.442105        0.143598 
        3.53429        0.440693        0.142973 
        3.54043        0.440749         0.14235 
        3.54657        0.440459        0.141732 
        3.55271        0.440106        0.141118 
        3.55884        0.439935        0.140508 
        3.56498        0.439648          0.1399 
        3.57112        0.439042        0.139296 
        3.57725        0.438926        0.138696 
        3.58338        0.438451        0.138101 
        3.58952        0.438574        0.137508 
        3.59566        0.438092        0.136918 
         3.6018         0.43746        0.136332 
        3.60793        0.438053        0.135749 
        3.61407        0.437395        0.135171 
        3.62021        0.437873        0.134595 
        3.62634        0.437163        0.134023 
        3.63247        0.437206        0.133454 
        3.63861        0.436758        0.132889 
        3.64475        0.436901        0.132326 
        3.65089        0.437329        0.131767 
        3.65702         0.43695        0.131212 
        3.66316        0.437208        0.130659 
        3.66929         0.43643         0.13011 
        3.67543        0.437108        0.129564 
        3.68156        0.436438        0.129022 
        3.68769        0.435779        0.128482 
        3.69383        0.437074        0.127945 
        3.69997        0.437019        0.127411 
        3.70611        0.437366        0.126881 
        3.71224        0.436771        0.126353 
        3.71838        0.437325        0.125828 
        3.72451        0.437769        0.125307 
        3.73065        0.437211        0.124789 
        3.73678        0.438781        0.124274 
        3.74292        0.437614        0.123761 
        3.74906        0.438239        0.123251 
        3.75519        0.438385        0.122744 
        3.76133        0.438821         0.12224 
        3.76746        0.439714        0.121739 
         3.7736        0.439705        0.121241 
        3.77974        0.439279        0.120745 
        3.78588        0.439767        0.120252 
        3.79201         0.43995        0.119762 
        3.79814        0.440771        0.119275 
        3.80428        0.441284        0.118791 
        3.81042        0.441523        0.118309 
        3.81655        0.441627         0.11783 
        3.82268        0.442197        0.117354 
        3.82882        0.443054         0.11688 
        3.83496        0.443344        0.116409 
        3.84109        0.443924         0.11594 
        3.84723        0.444112        0.115474 
        3.85337        0.445159         0.11501 
        3.85951        0.445309        0.114549 
        3.86565        0.446008        0.114091 
        3.87178        0.447241        0.113635 
        3.87791        0.447118        0.113182 
        3.88405         0.44832        0.112731 
        3.89019        0.449025        0.112283 
        3.89632        0.448541        0.111837 
        3.90246        0.449939        0.111394 
         3.9086        0.450573        0.110952 
        3.91473        0.451752        0.110514 
        3.92086        0.452478        0.110078 
        3.92699        0.453154        0.109645 
        3.93313        0.453665        0.109213 
        3.93927        0.454748        0.108784 
         3.9454        0.455997        0.108357 
        3.95154         0.45635        0.107932 
        3.95768        0.457252         0.10751 
        3.96382        0.458337        0.107089 
        3.96995        0.459808        0.106672 
        3.97609        0.459671        0.106256 
        3.98222        0.461099        0.105843 
        3.98836        0.462388        0.105432 
         3.9945        0.462981        0.105023 
        4.00063         0.46413        0.104617 
        4.00677        0.465353        0.104212 
        4.01291        0.466961        0.103809 
        4.01904        0.467753        0.103409 
        4.02517        0.468602        0.103012 
        4.03131        0.470832        0.102615 
        4.03745        0.471503        0.102221 
        4.04358        0.472703         0.10183 
        4.04972        0.474371         0.10144 
        4.05585        0.474601        0.101052 
        4.06199        0.476544        0.100667 
        4.06812        0.477282        0.100283 
        4.07426        0.479156       0.0999014 
         4.0804        0.480763       0.0995215 
        4.08654        0.481437       0.0991436 
        4.09267        0.483846       0.0987683 
         4.0988        0.484651        0.098395 
        4.10494        0.486969       0.0980233 
        4.11108        0.487586       0.0976532 
        4.11721         0.48956       0.0972855 
        4.12334        0.490516       0.0969197 
        4.12948        0.492172       0.0965557 
        4.13561        0.494613       0.0961933 
        4.14176        0.495848       0.0958326 
        4.14789        0.497805        0.095474 
        4.15403        0.499194       0.0951175 
        4.16016        0.501379       0.0947626 
         4.1663        0.502726       0.0944096 
        4.17243        0.504592       0.0940586 
        4.17857        0.505407       0.0937091 
        4.18471        0.508094       0.0933614 
        4.19084         0.50814       0.0930155 
        4.19698        0.511926       0.0926715 
        4.20312        0.513018        0.092329 
        4.20925        0.515145       0.0919885 
        4.21538         0.51652       0.0916499 
        4.22152        0.519713       0.0913125 
        4.22766        0.521935       0.0909769 
         4.2338        0.523268       0.0906433 
        4.23993        0.525655       0.0903112 
        4.24607        0.526339       0.0899808 
         4.2522        0.529294        0.089652 
        4.25834        0.531714       0.0893248 
        4.26447        0.533785       0.0889996 
        4.27061        0.535419       0.0886759 
        4.27674        0.537966       0.0883536 
        4.28288        0.539888       0.0880328 
        4.28902        0.542862       0.0877138 
        4.29515        0.544608       0.0873965 
        4.30129        0.547594       0.0870806 
        4.30743        0.550268       0.0867661 
        4.31356        0.552771       0.0864534 
        4.31969        0.553686       0.0861426 
        4.32583        0.556455       0.0858331 
        4.33197        0.558685       0.0855246 
         4.3381        0.561538        0.085218 
        4.34424        0.563436        0.084913 
        4.35038        0.567253       0.0846091 
        4.35652        0.568042       0.0843069 
        4.36265        0.572433       0.0840065 
        4.36878        0.574725       0.0837075 
        4.37492        0.577044       0.0834096 
        4.38106        0.578935       0.0831132 
        4.38719        0.582282       0.0828186 
        4.39333        0.586182       0.0825255 
        4.39946        0.587702       0.0822336 
         4.4056        0.589736       0.0819431 
        4.41173        0.593689        0.081654 
        4.41786        0.595378       0.0813667 
          4.424        0.599439       0.0810804 
        4.43014        0.602967       0.0807952 
        4.43628        0.605112       0.0805115 
        4.44241        0.608296       0.0802294 
        4.44855          0.6115       0.0799486 
        4.45469        0.615292       0.0796689 
        4.46083        0.618305       0.0793909 
        4.46696        0.621232       0.0791144 
        4.47309        0.623024       0.0788389 
        4.47923        0.626208       0.0785646 
        4.48537        0.629535        0.078292 
         4.4915        0.632761       0.0780205 
        4.49764        0.635447       0.0777501 
        4.50378        0.639456        0.077481 
        4.50991        0.641435       0.0772137 
        4.51604        0.644583       0.0769475 
        4.52218        0.650004       0.0766821 
        4.52832        0.652424       0.0764183 
        4.53445        0.656324       0.0761558 
        4.54059        0.659683       0.0758945 
        4.54673         0.66191       0.0756342 
        4.55286        0.667384       0.0753752 
          4.559        0.670936       0.0751175 
        4.56513        0.673574       0.0748612 
        4.57127        0.675821        0.074606 
        4.57741        0.681588       0.0743517 
        4.58354        0.684181       0.0740989 
        4.58968        0.688589       0.0738472 
        4.59582        0.691032       0.0735965 
        4.60195        0.693908       0.0733473 
        4.60809        0.699608       0.0730992 
        4.61422        0.702773       0.0728522 
        4.62036         0.70638       0.0726063 
        4.62649        0.711962       0.0723615 
        4.63263        0.715691        0.072118 
        4.63876        0.718103       0.0718755 
         4.6449        0.720863        0.071634 
        4.65104        0.725306       0.0713937 
        4.65717        0.728917       0.0711548 
        4.66331        0.733106       0.0709167 
        4.66944        0.736077       0.0706797 
        4.67558        0.741503        0.070444 
        4.68171        0.745782       0.0702092 
        4.68785        0.750019       0.0699753 
        4.69399         0.75366       0.0697427 
        4.70012        0.758092       0.0695114 
        4.70625        0.761157       0.0692809 
        4.71239        0.766869       0.0690513 
        4.71853        0.770541       0.0688228 
        4.72467        0.775198       0.0685954 
         4.7308         0.78006       0.0683691 
        4.73694        0.780764       0.0681438 
        4.74308        0.787354       0.0679194 
        4.74922        0.791355        0.067696 
        4.75535        0.797397       0.0674738 
        4.76148         0.80074       0.0672527 
        4.76762        0.805038       0.0670322 
        4.77376        0.808695       0.0668129 
        4.77989        0.812117       0.0665948 
        4.78602        0.816938       0.0663775 
        4.79216         0.82113        0.066161 
         4.7983        0.827309       0.0659456 
        4.80443        0.832007       0.0657314 
        4.81056        0.833848       0.0655179 
         4.8167        0.839816       0.0653053 
        4.82284        0.844021       0.0650935 
        4.82898        0.850156        0.064883 
        4.83511        0.853968       0.0646734 
        4.84125        0.858256       0.0644645 
        4.84739        0.863755       0.0642566 
        4.85352        0.869399       0.0640498 
        4.85965        0.871914       0.0638438 
        4.86579        0.878612       0.0636387 
        4.87193        0.881038       0.0634344 
        4.87807        0.886809       0.0632311 
         4.8842        0.890976       0.0630287 
        4.89034        0.893999       0.0628272 
        4.89647        0.902571       0.0626265 
        4.90261         0.90453       0.0624268 
        4.90874        0.911106       0.0622281 
        4.91488        0.915118       0.0620301 
        4.92102        0.919615       0.0618328 
        4.92715        0.923602       0.0616365 
        4.93329        0.929596       0.0614412 
        4.93942         0.93345       0.0612466 
        4.94556        0.939526       0.0610528 
         4.9517        0.944643       0.0608599 
        4.95783        0.949697       0.0606678 
        4.96397        0.955455       0.0604766 
        4.97011        0.959087       0.0602862 
        4.97624        0.962861       0.0600966 
        4.98238        0.968918        0.059908 
        4.98851        0.972477       0.0597201 
        4.99465        0.980043        0.059533 
        5.00078        0.981933       0.0593467 
        5.00691        0.990257       0.0591613 
        5.01305         0.99515       0.0589766 
        5.01919        0.998214       0.0587925 
        5.02533         1.00317       0.0586093 
        5.03146         1.00677       0.0584271 
         5.0376         1.01267       0.0582455 
        5.04374          1.0183       0.0580647 
        5.04987         1.02346       0.0578846 
        5.05601         1.02722       0.0577054 
        5.06215         1.03493       0.0575268 
        5.06829         1.03806        0.057349 
        5.07442         1.04246       0.0571721 
        5.08055         1.05031        0.056996 
        5.08668         1.05248       0.0568205 
        5.09282         1.05991       0.0566457 
        5.09896          1.0654       0.0564717 
        5.10509         1.07156       0.0562986 
        5.11123         1.07266        0.056126 
        5.11736         1.07824       0.0559542 
         5.1235         1.08355       0.0557831 
        5.12964          1.0873       0.0556127 
        5.13577         1.09507        0.055443 
        5.14191         1.09743        0.055274 
        5.14804         1.10408       0.0551059 
        5.15418         1.10895       0.0549384 
        5.16032         1.11264       0.0547715 
        5.16645         1.11998       0.0546053 
        5.17259         1.12385       0.0544399 
        5.17872          1.1287       0.0542752 
        5.18486         1.13471        0.054111 
          5.191         1.14036       0.0539475 
        5.19713         1.14297       0.0537849 
        5.20327         1.14901       0.0536229 
        5.20941         1.15321       0.0534614 
        5.21555          1.1586       0.0533006 
        5.22168         1.16453       0.0531406 
        5.22781         1.17134       0.0529813 
        5.23395         1.17536       0.0528226 
        5.24009         1.17865       0.0526645 
        5.24622         1.18262       0.0525071 
        5.25236         1.18409       0.0523504 
         5.2585         1.19084       0.0521941 
        5.26463         1.19676       0.0520386 
        5.27077         1.20349       0.0518837 
         5.2769         1.20752       0.0517296 
        5.28304         1.21201        0.051576 
        5.28917         1.21469        0.051423 
         5.2953          1.2224       0.0512708 
        5.30144         1.22543       0.0511191 
        5.30757         1.23052       0.0509679 
        5.31371         1.23487       0.0508174 
        5.31985         1.23863       0.0506674 
        5.32599         1.24559        0.050518 
        5.33213          1.2512       0.0503693 
        5.33826         1.25702       0.0502212 
         5.3444         1.26048       0.0500737 
        5.35053         1.26381       0.0499268 
        5.35667         1.26707       0.0497805 
        5.36281         1.27547       0.0496347 
        5.36894         1.27752       0.0494895 
        5.37507         1.28049       0.0493451 
        5.38121         1.29039        0.049201 
        5.38735         1.29018       0.0490576 
        5.39348         1.29669       0.0489148 
        5.39961         1.30149       0.0487726 
        5.40575         1.30312       0.0486309 
        5.41189         1.30678       0.0484896 
        5.41803         1.31394        0.048349 
        5.42416         1.31601        0.048209 
         5.4303          1.3249       0.0480695 
        5.43644         1.32914       0.0479306 
        5.44257         1.32745       0.0477923 
        5.44871         1.33339       0.0476544 
        5.45484         1.34091       0.0475172 
        5.46098         1.34651       0.0473804 
        5.46712         1.34848       0.0472442 
        5.47325         1.35039       0.0471085 
        5.47938         1.35427       0.0469735 
        5.48552         1.36167        0.046839 
        5.49165         1.36662       0.0467049 
        5.49779          1.3695       0.0465714 
        5.50393         1.37371       0.0464383 
        5.51006          1.3765       0.0463058 
         5.5162         1.38158       0.0461738 
        5.52234         1.38666       0.0460424 
        5.52847          1.3908       0.0459114 
        5.53461         1.39382       0.0457809 
        5.54075          1.3995        0.045651 
        5.54688         1.40355       0.0455216 
        5.55302         1.40679       0.0453927 
        5.55915         1.41025       0.0452643 
        5.56529          1.4142       0.0451364 
        5.57143         1.41639       0.0450089 
        5.57756         1.42118        0.044882 
         5.5837         1.42549       0.0447556 
        5.58983         1.42494       0.0446297 
        5.59597         1.43048       0.0445043 
         5.6021         1.43684       0.0443793 
        5.60824         1.43975       0.0442548 
        5.61438         1.44432       0.0441308 
        5.62051         1.44808       0.0440072 
        5.62665          1.4513       0.0438842 
        5.63278         1.45352       0.0437616 
        5.63892         1.45679       0.0436395 
        5.64505         1.46057       0.0435179 
        5.65119         1.46699       0.0433967 
        5.65733         1.46779        0.043276 
        5.66346         1.47364       0.0431558 
         5.6696         1.47348        0.043036 
        5.67573         1.48063       0.0429166 
        5.68187         1.48372       0.0427978 
          5.688         1.48466       0.0426794 
        5.69414         1.48917       0.0425614 
        5.70028         1.49193       0.0424438 
        5.70642         1.49673       0.0423267 
        5.71255         1.49977       0.0422101 
        5.71869         1.50103        0.042094 
        5.72482         1.50545       0.0419782 
        5.73096         1.50941       0.0418629 
        5.73709         1.51338       0.0417481 
        5.74322         1.51824       0.0416338 
        5.74936         1.51784       0.0415197 
         5.7555         1.52142        0.041406 
        5.76164         1.52349       0.0412929 
        5.76777         1.52969       0.0411803 
        5.77391         1.53145       0.0410679 
        5.78005         1.53623        0.040956 
        5.78618         1.53867       0.0408446 
        5.79231         1.54025       0.0407337 
        5.79845         1.54477        0.040623 
        5.80459         1.54596       0.0405127 
        5.81073         1.54822       0.0404029 
        5.81686         1.55348       0.0402936 
          5.823         1.55324       0.0401846 
        5.82914         1.55896        0.040076 
        5.83527         1.56218       0.0399679 
         5.8414         1.56638       0.0398602 
        5.84754         1.56514       0.0397528 
        5.85368          1.5692       0.0396458 
        5.85981         1.57162       0.0395392 
        5.86595          1.5787       0.0394331 
        5.87208          1.5788       0.0393273 
        5.87822         1.58485        0.039222 
        5.88435         1.58397        0.039117 
        5.89049         1.58876       0.0390124 
        5.89662         1.59014       0.0389082 
        5.90276         1.59318       0.0388043 
         5.9089         1.59723       0.0387008 
        5.91503         1.59746       0.0385978 
        5.92117         1.60292       0.0384951 
        5.92731         1.60528       0.0383927 
        5.93344         1.60595       0.0382908 
        5.93958         1.61099       0.0381893 
        5.94572         1.61355        0.038088 
        5.95186         1.61831       0.0379871 
        5.95799         1.61777       0.0378868 
        5.96412         1.62043       0.0377867 
        5.97026         1.62557       0.0376869 
         5.9764         1.62519       0.0375876 
        5.98253         1.62555       0.0374887 
        5.98866         1.63253         0.03739 
         5.9948         1.63283       0.0372917 
        6.00094           1.637       0.0371938 
        6.00707          1.6379       0.0370962 
        6.01321         1.63967        0.036999 
        6.01935         1.64568       0.0369021 
        6.02548         1.64891       0.0368056 
        6.03162         1.65077       0.0367095 
        6.03775         1.65039       0.0366137 
        6.04389         1.65739       0.0365182 
        6.05003         1.65981        0.036423 
        6.05617         1.66258       0.0363282 
         6.0623         1.66331       0.0362337 
        6.06844         1.66814       0.0361396 
        6.07457          1.6724       0.0360459 
         6.0807         1.67223       0.0359525 
        6.08684         1.67824       0.0358594 
        6.09298          1.6792       0.0357666 
        6.09912         1.68191       0.0356741 
        6.10525         1.68514        0.035582 
        6.11138           1.685       0.0354903 
        6.11752         1.69015       0.0353988 
        6.12366         1.69099       0.0353076 
        6.12979         1.69721       0.0352169 
        6.13593         1.69998       0.0351264 
        6.14207         1.70157       0.0350362 
         6.1482         1.70433       0.0349463 
        6.15434         1.70988       0.0348568 
        6.16047         1.71173       0.0347676 
        6.16661         1.71422       0.0346787 
        6.17274         1.71697       0.0345901 
        6.17887         1.72166       0.0345019 
        6.18501           1.722       0.0344139 
        6.19115         1.72652       0.0343262 
        6.19729         1.72976       0.0342388 
        6.20342         1.73205       0.0341518 
        6.20956         1.73739        0.034065 
         6.2157         1.73634       0.0339785 
        6.22183         1.74388       0.0338924 
        6.22797         1.74267       0.0338066 
         6.2341         1.74997        0.033721 
        6.24024          1.7516       0.0336357 
        6.24638         1.75715       0.0335507 
        6.25251          1.7589       0.0334661 
        6.25865         1.76031       0.0333818 
        6.26478          1.7633       0.0332977 
        6.27092         1.76638       0.0332139 
        6.27705         1.77036       0.0331304 
        6.28318         1.75405       0.0330473 
