# k  (h/Mpc)    Pcb(k)  (Mpc/h)^3    Pcb_linear(k)  (Mpc/h)^3
     0.00783031         1436.75          1451.1 
       0.013688         1784.44         1786.05 
       0.019231         1801.55         1801.12 
      0.0249154          1646.9          1656.9 
      0.0312784          1425.2         1426.61 
      0.0375637         1213.34         1209.94 
      0.0433917         1050.23         1052.08 
      0.0492413         940.571         939.448 
      0.0555754         852.521         857.148 
      0.0619321         800.297         796.588 
       0.067871         740.504         743.804 
      0.0738098         682.067          685.45 
      0.0800417         611.825          616.65 
      0.0862327         544.077         545.715 
      0.0921407         483.063          482.76 
      0.0982031         427.994         428.812 
       0.104506         389.943         386.807 
       0.110769         360.615          358.14 
       0.116806         339.308         339.214 
       0.122832         325.773         324.322 
       0.129052         308.068         308.878 
       0.135211         290.113         290.887 
       0.141259         271.251         270.224 
       0.147318         250.333         247.964 
       0.153489           227.6         225.982 
       0.159709         209.044         206.666 
       0.165845         195.764         191.552 
       0.171974         182.897         180.381 
       0.178125         175.034         172.225 
       0.184229         168.882         165.803 
        0.19034         160.646         159.678 
       0.196428         155.287         152.909 
       0.202534         148.805         145.094 
       0.208729         139.426         136.373 
       0.214876         130.085         127.581 
       0.220989          123.41          119.42 
       0.227147         115.246          112.32 
        0.23329         109.628         106.558 
       0.239377         105.602         102.022 
       0.245482         100.667         98.2955 
       0.251667         98.3631         94.9146 
       0.257832         94.8458         91.5405 
       0.263955         91.2244         87.9567 
       0.270079          87.458         84.1083 
        0.27624         84.3242         80.0983 
       0.282372         80.4689         76.1881 
        0.28843         76.5524         72.6029 
       0.294538         73.3033         69.4015 
       0.300721         71.1954         66.6133 
        0.30691         68.1225         64.2108 
       0.313033         66.0547         62.0944 
       0.319153         63.1746         60.0995 
       0.325316         62.1415         58.1037 
        0.33145          59.808         56.0743 
       0.337538          58.006         54.0195 
       0.343633         55.7712          51.968 
       0.349808         53.9722         49.9587 
       0.355968         52.1993         48.0845 
       0.362074         50.4102          46.384 
       0.368217         48.8811         44.8382 
       0.374374         47.3144         43.4258 
       0.380519         46.1363         42.1134 
       0.386598         44.9044         40.8719 
       0.392688         43.8793         39.6501 
        0.39888         42.5287         38.4185 
       0.405048         41.4244         37.2039 
       0.411186         40.3326         36.0187 
       0.417313         38.9509         34.8801 
       0.423458          37.913         33.7978 
       0.429607         36.8286         32.7802 
       0.435692         35.7131         31.8393 
       0.441815         35.0147         30.9496 
       0.447964         34.3839         30.0994 
       0.454126          33.085         29.2792 
       0.460267          32.452         28.4853 
       0.466387          31.464          27.711 
        0.47254         30.9291         26.9492 
       0.478662         30.3254         26.2132 
       0.484765         29.4026         25.5057 
       0.490885         28.7036         24.8252 
       0.497035         28.3081         24.1718 
       0.503198         27.5431         23.5484 
       0.509342         26.8464         22.9551 
       0.515458         26.2508         22.3876 
       0.521598         25.7678         21.8365 
       0.527764         25.1803         21.2993 
       0.533884         24.7426         20.7814 
           0.54         24.1856         20.2787 
       0.546137         23.7536         19.7887 
       0.552299         23.3299         19.3121 
       0.558452         22.6076         18.8526 
       0.564573         22.2888         18.4123 
       0.570708         21.8804         17.9876 
       0.576825         21.3193         17.5794 
       0.582926         20.9339         17.1857 
       0.589034         20.3702         16.8033 
       0.595184         20.0859         16.4293 
       0.601379         19.6736         16.0635 
       0.607522         19.3561         15.7113 
       0.613639         19.1204         15.3711 
       0.619772         18.6082         15.0401 
       0.625918         18.4772         14.7184 
       0.632068         18.1671         14.4062 
       0.638161         17.7453          14.106 
         0.6443         17.3843         13.8125 
       0.650464         17.0541         13.5266 
       0.656582         16.9277         13.2511 
       0.662703         16.6076         12.9834 
       0.668861          16.295         12.7216 
       0.675024         15.9845         12.4669 
       0.681124         15.7085         12.2218 
       0.687237         15.4606         11.9826 
       0.693381         15.2797         11.7488 
       0.699536         14.8682         11.5207 
       0.705665         14.7504         11.2997 
       0.711789         14.4731         11.0847 
       0.717957         14.2491          10.874 
        0.72409         14.0172           10.67 
       0.730186         13.8278         10.4725 
       0.736317         13.6734         10.2791 
       0.742472         13.4481         10.0899 
       0.748622         13.2562         9.90573 
        0.75476         12.9927         9.72659 
       0.760888         12.8275          9.5522 
       0.767043         12.6703         9.38143 
       0.773185         12.4195         9.21522 
       0.779291         12.3334         9.05401 
       0.785407         12.1493         8.89645 
       0.791564         11.9479         8.74168 
       0.797719         11.7171         8.59069 
       0.803834         11.6614         8.44427 
       0.809972         11.5438         8.30075 
       0.816124         11.2885         8.16029 
       0.822261         11.1386         8.02348 
       0.828378          11.006         7.89025 
       0.834502         10.9114         7.75995 
       0.840667         10.7247         7.63178 
       0.846816          10.538         7.50689 
       0.852925         10.4431         7.38561 
       0.859047         10.3147         7.26677 
       0.865192         10.2218         7.15018 
       0.871341         10.1154          7.0361 
       0.877463         9.94437         6.92503 
       0.883569         9.79506         6.81667 
       0.889708         9.63824         6.71009 
       0.895864         9.56115         6.60553 
       0.902008         9.46613         6.50344 
       0.908149         9.36157         6.40358 
       0.914301         9.24255         6.30567 
       0.920448           9.097         6.20992 
       0.926574         8.99308          6.1165 
       0.932687         8.90514         6.02522 
       0.938823           8.785         5.93549 
       0.944975         8.67333          5.8474 
       0.951105         8.59235         5.76142 
       0.957225         8.54204         5.67733 
       0.963368         8.42891         5.59465 
       0.969511         8.33534         5.51362 
       0.975621          8.2343         5.43464 
       0.981748         8.14391         5.35701 
       0.987916         8.07327         5.28043 
        0.99406         7.94387         5.20563 
        1.00019         7.82937         5.13245 
        1.00632         7.80876         5.06075 
        1.01246         7.71605         4.99032 
        1.01859         7.60486         4.92135 
        1.02471         7.54574         4.85379 
        1.03085         7.46556         4.78727 
        1.03698         7.36162         4.72214 
        1.04314         7.31214         4.65796 
        1.04929         7.21727         4.59513 
        1.05541         7.13439         4.53372 
        1.06154         7.07866         4.47328 
        1.06769         7.04248         4.41387 
        1.07382         6.92856         4.35573 
        1.07993         6.86243         4.29878 
        1.08607         6.81657         4.24261 
        1.09222         6.74616          4.1874 
        1.09836         6.67382         4.13324 
        1.10449          6.6095         4.08011 
        1.11063         6.54324         4.02785 
        1.11677          6.5003         3.97654 
         1.1229         6.44284         3.92621 
        1.12903         6.36469         3.87672 
        1.13518         6.29611         3.82804 
        1.14131         6.22996         3.78023 
        1.14745         6.16363         3.73327 
        1.15359          6.1285          3.6871 
        1.15973          6.0658          3.6417 
        1.16584         5.99039         3.59727 
        1.17197         5.94456         3.55353 
        1.17811           5.913         3.51038 
        1.18424         5.85841         3.46807 
        1.19038         5.82356         3.42635 
        1.19652         5.75786         3.38533 
        1.20267         5.69542         3.34498 
        1.20881         5.66827         3.30531 
        1.21495         5.61557         3.26634 
        1.22108         5.55411         3.22801 
         1.2272         5.52205         3.19038 
        1.23334         5.45218         3.15328 
        1.23949         5.40423         3.11667 
        1.24562         5.37795         3.08076 
        1.25174         5.32082         3.04547 
        1.25789         5.28441         3.01062 
        1.26402         5.24505         2.97639 
        1.27014         5.19764         2.94277 
        1.27628         5.15074         2.90958 
        1.28244         5.09216         2.87684 
        1.28858         5.08032         2.84465 
        1.29471         5.02037         2.81302 
        1.30084         4.97303         2.78191 
        1.30697         4.97292         2.75122 
        1.31312         4.88108         2.72096 
        1.31925         4.85734         2.69125 
        1.32537         4.81741         2.66201 
        1.33151         4.79959          2.6331 
        1.33765         4.73802         2.60465 
        1.34378         4.70693         2.57667 
        1.34992         4.68335         2.54908 
        1.35606         4.62601         2.52184 
         1.3622         4.60722         2.49505 
        1.36833         4.56841         2.46871 
        1.37445         4.53479         2.44276 
        1.38059         4.51811         2.41711 
        1.38675         4.48177         2.39177 
        1.39288         4.44518          2.3669 
        1.39901         4.39553         2.34239 
        1.40515         4.37012         2.31817 
         1.4113         4.34157         2.29431 
        1.41742         4.31165         2.27087 
        1.42355         4.27359         2.24773 
         1.4297         4.24205         2.22483 
        1.43585         4.22442         2.20226 
        1.44198         4.20206          2.1801 
        1.44809         4.15707         2.15828 
        1.45423         4.12499         2.13668 
        1.46036         4.09178         2.11542 
        1.46649         4.06516         2.09444 
        1.47263         4.03362         2.07373 
        1.47877         4.00295         2.05331 
        1.48491         3.97834         2.03314 
        1.49104         3.95589         2.01327 
        1.49718         3.92861         1.99366 
        1.50333         3.90561         1.97428 
        1.50947         3.87354          1.9552 
         1.5156         3.84815          1.9364 
        1.52172         3.82498         1.91785 
        1.52787         3.80215          1.8995 
          1.534         3.76911         1.88142 
        1.54013         3.75248         1.86359 
        1.54627         3.71659         1.84596 
        1.55241         3.69199         1.82855 
        1.55855         3.67746          1.8114 
        1.56467         3.65207         1.79451 
         1.5708         3.62622         1.77779 
        1.57695          3.5962         1.76126 
        1.58308         3.57032         1.74498 
        1.58922         3.56084          1.7289 
        1.59535         3.53676         1.71302 
         1.6015         3.50949         1.69732 
        1.60764         3.48765         1.68183 
        1.61376         3.46897         1.66658 
        1.61989         3.44592          1.6515 
        1.62604         3.42069         1.63657 
        1.63218         3.41254         1.62184 
        1.63831         3.38315         1.60733 
        1.64444         3.36255         1.59299 
        1.65059         3.33527         1.57879 
        1.65673         3.32574         1.56478 
        1.66285         3.29544         1.55097 
        1.66898         3.27991         1.53734 
        1.67512         3.25524         1.52383 
        1.68127         3.23764         1.51048 
         1.6874         3.22791         1.49732 
        1.69353         3.19198         1.48433 
        1.69967         3.18033         1.47145 
        1.70581         3.16701         1.45874 
        1.71193         3.14472         1.44622 
        1.71806         3.13061         1.43383 
        1.72421         3.11007         1.42156 
        1.73035         3.09527         1.40944 
        1.73649         3.07291         1.39747 
        1.74262         3.05348         1.38564 
        1.74876         3.04476         1.37395 
        1.75489         3.02263         1.36242 
        1.76101         2.99904         1.35102 
        1.76715         2.98935         1.33973 
        1.77329         2.97584         1.32857 
        1.77943         2.94529         1.31752 
        1.78557         2.93735         1.30662 
        1.79171         2.92291         1.29584 
        1.79785         2.90239         1.28518 
        1.80399           2.887         1.27464 
        1.81012         2.87459         1.26424 
        1.81625         2.85662         1.25395 
        1.82239         2.83935         1.24377 
        1.82853         2.81999          1.2337 
        1.83466         2.81403         1.22375 
        1.84078         2.79724         1.21393 
        1.84692         2.78569          1.2042 
        1.85306         2.76174         1.19456 
         1.8592         2.74571         1.18504 
        1.86533         2.73327         1.17564 
        1.87147         2.72409         1.16632 
        1.87761         2.70574          1.1571 
        1.88375         2.69016         1.14799 
        1.88988         2.67641         1.13899 
        1.89601         2.66249         1.13009 
        1.90215         2.64633         1.12127 
        1.90829         2.62957         1.11254 
        1.91442         2.62302         1.10392 
        1.92056         2.60449         1.09538 
         1.9267          2.5937         1.08694 
        1.93284         2.58361         1.07857 
        1.93897         2.56977         1.07031 
        1.94509         2.55153         1.06215 
        1.95123         2.53794         1.05406 
        1.95737         2.52339         1.04605 
        1.96349         2.51614         1.03814 
        1.96964         2.50772         1.03029 
        1.97578         2.48694         1.02252 
        1.98192         2.47833         1.01484 
        1.98805          2.4669         1.00725 
        1.99419         2.45491        0.999725 
        2.00033         2.44691        0.992278 
        2.00647         2.42967         0.98491 
         2.0126         2.42176        0.977628 
        2.01874         2.40161         0.97041 
        2.02488          2.3962        0.963258 
        2.03101         2.37678        0.956192 
        2.03714         2.36885        0.949203 
        2.04328         2.35864        0.942276 
        2.04941         2.34095        0.935425 
        2.05554         2.33606        0.928646 
        2.06167         2.32565        0.921926 
        2.06781         2.31583        0.915272 
        2.07396         2.30536        0.908674 
        2.08009         2.29283        0.902152 
        2.08622         2.27942        0.895702 
        2.09237         2.27106        0.889302 
        2.09851         2.25968        0.882965 
        2.10464         2.25394        0.876699 
        2.11077         2.23933        0.870502 
        2.11691         2.22911        0.864351 
        2.12305         2.22117        0.858259 
        2.12918          2.2128         0.85224 
        2.13531         2.20097        0.846279 
        2.14145         2.18995        0.840361 
         2.1476         2.17658        0.834493 
        2.15372         2.16777         0.82871 
        2.15985          2.1588        0.822977 
        2.16599         2.15078        0.817281 
        2.17213         2.13545        0.811645 
        2.17827         2.13013        0.806064 
         2.1844         2.12098         0.80054 
        2.19054         2.11337        0.795067 
        2.19666         2.10121        0.789652 
         2.2028         2.09129        0.784283 
        2.20893         2.08359        0.778961 
        2.21508         2.07386        0.773683 
        2.22122         2.06217        0.768452 
        2.22736         2.05394         0.76328 
        2.23349         2.04825        0.758158 
        2.23962         2.03567        0.753079 
        2.24577         2.02985        0.748043 
         2.2519         2.01935         0.74306 
        2.25802         2.01344        0.738131 
        2.26417         2.00514        0.733233 
        2.27031         1.99464        0.728374 
        2.27644         1.98735        0.723574 
        2.28257         1.97621        0.718818 
        2.28872         1.97078        0.714095 
        2.29486         1.95997        0.709416 
        2.30099         1.95126        0.704789 
        2.30712         1.94147          0.7002 
        2.31326         1.93698        0.695645 
         2.3194         1.92819        0.691134 
        2.32553         1.92092         0.68667 
        2.33166         1.91212        0.682247 
         2.3378         1.90425        0.677857 
        2.34394         1.89553        0.673505 
        2.35007         1.88744        0.669197 
        2.35619         1.88324        0.664932 
        2.36233         1.87267        0.660694 
        2.36848         1.86496        0.656484 
        2.37462          1.8593         0.65232 
        2.38075         1.84969        0.648196 
        2.38689         1.84476        0.644104 
        2.39303         1.83518        0.640048 
        2.39916         1.82849        0.636031 
        2.40529         1.82122        0.632049 
        2.41143         1.81228        0.628099 
        2.41757         1.80581         0.62418 
         2.4237         1.80146        0.620302 
        2.42983         1.78816        0.616457 
        2.43598         1.78825        0.612635 
        2.44211         1.77728        0.608851 
        2.44823         1.77222        0.605108 
        2.45437         1.76421        0.601386 
        2.46052         1.75895        0.597692 
        2.46665         1.75141        0.594036 
        2.47279          1.7432        0.590412 
        2.47892         1.73756        0.586816 
        2.48507         1.73172        0.583246 
         2.4912         1.72053        0.579713 
        2.49733         1.71965        0.576211 
        2.50347         1.71234        0.572731 
        2.50961         1.70558        0.569281 
        2.51575          1.6995        0.565861 
        2.52188         1.69139        0.562473 
        2.52802         1.68728        0.559109 
        2.53416         1.67948        0.555771 
        2.54029         1.67068        0.552467 
        2.54641         1.66788        0.549191 
        2.55255          1.6625        0.545938 
        2.55869         1.65184        0.542707 
        2.56483         1.64947        0.539505 
        2.57096         1.64129        0.536334 
        2.57709         1.63648        0.533187 
        2.58323         1.62898        0.530062 
        2.58937         1.62356        0.526961 
        2.59551         1.61916        0.523888 
        2.60164         1.61277        0.520841 
        2.60778         1.60739        0.517815 
        2.61392         1.59752        0.514814 
        2.62006         1.59639        0.511838 
        2.62619         1.59086        0.508888 
        2.63232         1.58347        0.505962 
        2.63846         1.57826        0.503054 
        2.64459         1.57395        0.500174 
        2.65072         1.56917        0.497316 
        2.65686         1.56464         0.49448 
          2.663         1.55712        0.491661 
        2.66915         1.55151        0.488865 
        2.67527          1.5458        0.486097 
        2.68141         1.54201        0.483349 
        2.68755         1.53631         0.48062 
        2.69368          1.5303        0.477914 
        2.69981         1.52538        0.475232 
        2.70595         1.51787        0.472565 
        2.71209         1.51645        0.469917 
        2.71823         1.50872        0.467294 
        2.72436         1.50159        0.464691 
         2.7305         1.50013        0.462107 
        2.73663         1.49317        0.459543 
        2.74276         1.48826        0.457001 
         2.7489         1.48634        0.454476 
        2.75504         1.47975        0.451968 
        2.76118         1.47515        0.449478 
        2.76732          1.4693         0.44701 
        2.77345         1.46559        0.444561 
        2.77959          1.4604        0.442131 
        2.78572         1.45584        0.439719 
        2.79186         1.45166        0.437325 
        2.79798         1.44532        0.434953 
        2.80412         1.44293        0.432593 
        2.81027         1.43847        0.430248 
         2.8164         1.43217        0.427926 
        2.82253         1.42721         0.42562 
        2.82867         1.42504        0.423331 
        2.83481         1.41951        0.421058 
        2.84095         1.41527        0.418802 
        2.84708         1.41114        0.416565 
        2.85322         1.40471        0.414342 
        2.85935          1.4032        0.412136 
        2.86549         1.39938        0.409947 
        2.87162         1.39629        0.407774 
        2.87776         1.38757        0.405617 
        2.88389         1.38477        0.403474 
        2.89003         1.38141        0.401348 
        2.89617           1.376        0.399236 
        2.90231         1.37229         0.39714 
        2.90844         1.36817        0.395059 
        2.91458         1.36311        0.392994 
        2.92071         1.36142        0.390946 
        2.92684         1.35644         0.38891 
        2.93298         1.35214        0.386889 
         2.9391         1.34794        0.384886 
        2.94524         1.34394        0.382894 
        2.95138         1.34056        0.380915 
        2.95752         1.33486        0.378948 
        2.96367         1.33426        0.376995 
         2.9698         1.32956         0.37506 
        2.97594         1.32402        0.373136 
        2.98207         1.32205        0.371227 
        2.98821         1.31845        0.369332 
        2.99434         1.31369         0.36745 
        3.00048         1.31125        0.365581 
        3.00662         1.30626        0.363723 
        3.01275         1.30347        0.361882 
        3.01888         1.29992        0.360053 
        3.02503         1.29573        0.358233 
        3.03117         1.29135        0.356427 
        3.03729         1.28692        0.354638 
        3.04342         1.28582        0.352859 
        3.04957         1.28225        0.351088 
         3.0557         1.27778        0.349333 
        3.06183         1.27673        0.347592 
        3.06796          1.2747        0.345862 
        3.07411         1.27083        0.344139 
        3.08025         1.26618        0.342431 
        3.08637         1.26328        0.340738 
         3.0925         1.26253        0.339054 
        3.09865         1.25674        0.337378 
         3.1048         1.25325        0.335714 
        3.11093         1.24916        0.334065 
        3.11706         1.24844        0.332426 
         3.1232         1.24476        0.330798 
        3.12933         1.24153         0.32918 
        3.13547         1.23883        0.327574 
        3.14159         1.23585        0.325981 
        3.14773         1.23428        0.324395 
        3.15388         1.23048        0.322819 
        3.16001         1.22553        0.321256 
        3.16614         1.22256        0.319704 
        3.17228          1.2205         0.31816 
        3.17842         1.21795        0.316627 
        3.18455         1.21662        0.315106 
        3.19068         1.21137        0.313594 
        3.19682          1.2083        0.312091 
        3.20297         1.20814        0.310597 
         3.2091         1.20677        0.309114 
        3.21524         1.20117        0.307641 
        3.22138         1.19933        0.306177 
         3.2275         1.19666        0.304726 
        3.23363         1.19587        0.303283 
        3.23977         1.19229        0.301848 
        3.24591         1.18938        0.300423 
        3.25205           1.188        0.299005 
        3.25818         1.18289        0.297598 
        3.26432         1.18287        0.296201 
        3.27046         1.18049        0.294811 
         3.2766         1.17993        0.293431 
        3.28273          1.1754        0.292061 
        3.28887         1.17503        0.290699 
          3.295         1.17222        0.289346 
        3.30113         1.16773        0.288001 
        3.30727         1.16726        0.286665 
        3.31341         1.16286        0.285338 
        3.31954         1.16253         0.28402 
        3.32568         1.16034        0.282708 
        3.33182         1.15801        0.281406 
        3.33795         1.15545        0.280113 
        3.34409         1.15453        0.278826 
        3.35022         1.15185        0.277548 
        3.35636         1.14973        0.276279 
         3.3625         1.14625        0.275016 
        3.36864          1.1461        0.273762 
        3.37477         1.14365        0.272516 
        3.38091         1.14308        0.271278 
        3.38704         1.14041        0.270048 
        3.39318         1.13832        0.268825 
        3.39931         1.13756         0.26761 
        3.40545         1.13607        0.266403 
        3.41158         1.13462        0.265203 
        3.41772         1.13218         0.26401 
        3.42385         1.13091        0.262825 
        3.42998         1.12958        0.261648 
        3.43612         1.12746        0.260478 
        3.44226          1.1266        0.259314 
         3.4484         1.12382        0.258155 
        3.45453          1.1223        0.257007 
        3.46066         1.12107        0.255866 
        3.46681         1.12103        0.254729 
        3.47295         1.11678        0.253599 
        3.47908          1.1169        0.252479 
        3.48521         1.11503        0.251366 
        3.49135         1.11443        0.250257 
        3.49749         1.11238        0.249155 
        3.50362         1.11175        0.248061 
        3.50976         1.11045        0.246974 
        3.51589         1.10794        0.245892 
        3.52203         1.10927        0.244818 
        3.52816         1.10594        0.243751 
        3.53429         1.10476        0.242689 
        3.54043         1.10358        0.241632 
        3.54657         1.10335        0.240582 
        3.55271         1.10229         0.23954 
        3.55884         1.10206        0.238504 
        3.56498         1.09874        0.237473 
        3.57112         1.10031        0.236448 
        3.57725         1.09864         0.23543 
        3.58338         1.09783        0.234419 
        3.58952         1.09709        0.233412 
        3.59566         1.09601         0.23241 
         3.6018          1.0936        0.231416 
        3.60793         1.09431        0.230428 
        3.61407         1.09284        0.229445 
        3.62021         1.09235        0.228468 
        3.62634         1.09068        0.227497 
        3.63247         1.09092        0.226532 
        3.63861         1.08972        0.225572 
        3.64475         1.09008        0.224617 
        3.65089         1.08938        0.223668 
        3.65702         1.08709        0.222726 
        3.66316         1.08776        0.221787 
        3.66929         1.08762        0.220855 
        3.67543         1.08686        0.219929 
        3.68156         1.08632        0.219007 
        3.68769         1.08511        0.218091 
        3.69383         1.08611         0.21718 
        3.69997         1.08385        0.216274 
        3.70611         1.08539        0.215373 
        3.71224         1.08331        0.214478 
        3.71838         1.08476        0.213587 
        3.72451         1.08444        0.212702 
        3.73065          1.0834        0.211823 
        3.73678         1.08394        0.210948 
        3.74292         1.08128        0.210077 
        3.74906           1.084        0.209212 
        3.75519         1.08322        0.208352 
        3.76133         1.08303        0.207496 
        3.76746         1.08076        0.206646 
         3.7736         1.08154          0.2058 
        3.77974         1.08177        0.204959 
        3.78588         1.08283        0.204122 
        3.79201         1.08072         0.20329 
        3.79814          1.0822        0.202464 
        3.80428          1.0816        0.201641 
        3.81042         1.08221        0.200823 
        3.81655         1.08319         0.20001 
        3.82268         1.08384        0.199202 
        3.82882         1.08334        0.198398 
        3.83496          1.0837        0.197598 
        3.84109         1.08247        0.196802 
        3.84723         1.08365        0.196011 
        3.85337         1.08309        0.195224 
        3.85951         1.08541        0.194441 
        3.86565          1.0858        0.193663 
        3.87178          1.0856         0.19289 
        3.87791         1.08609        0.192121 
        3.88405         1.08671        0.191356 
        3.89019         1.08816        0.190594 
        3.89632         1.08792        0.189838 
        3.90246         1.08758        0.189085 
         3.9086         1.08799        0.188336 
        3.91473         1.08819        0.187592 
        3.92086          1.0896        0.186852 
        3.92699         1.09042        0.186116 
        3.93313         1.08986        0.185383 
        3.93927          1.0909        0.184655 
         3.9454         1.09279         0.18393 
        3.95154         1.09186        0.183209 
        3.95768         1.09499        0.182492 
        3.96382         1.09223        0.181779 
        3.96995          1.0959         0.18107 
        3.97609         1.09512        0.180364 
        3.98222         1.09609        0.179663 
        3.98836         1.09863        0.178965 
         3.9945         1.09954        0.178271 
        4.00063         1.09976        0.177581 
        4.00677         1.10055        0.176894 
        4.01291         1.10217        0.176211 
        4.01904         1.10339        0.175532 
        4.02517         1.10352        0.174857 
        4.03131         1.10482        0.174184 
        4.03745         1.10685        0.173515 
        4.04358         1.10638         0.17285 
        4.04972         1.10827        0.172189 
        4.05585         1.11018        0.171531 
        4.06199         1.11162        0.170876 
        4.06812         1.11107        0.170225 
        4.07426         1.11345        0.169577 
         4.0804         1.11521        0.168933 
        4.08654          1.1167        0.168291 
        4.09267         1.11751        0.167654 
         4.0988         1.11838         0.16702 
        4.10494         1.12227        0.166389 
        4.11108         1.12013        0.165761 
        4.11721         1.12254        0.165137 
        4.12334         1.12352        0.164516 
        4.12948         1.12722        0.163898 
        4.13561         1.12565        0.163283 
        4.14176         1.13001        0.162671 
        4.14789         1.13045        0.162062 
        4.15403         1.13235        0.161457 
        4.16016         1.13359        0.160855 
         4.1663         1.13693        0.160255 
        4.17243         1.13727         0.15966 
        4.17857         1.13828        0.159066 
        4.18471         1.13875        0.158476 
        4.19084         1.14214        0.157889 
        4.19698         1.14155        0.157305 
        4.20312         1.14406        0.156724 
        4.20925         1.14719        0.156146 
        4.21538         1.14816        0.155571 
        4.22152          1.1488        0.154998 
        4.22766         1.15352        0.154429 
         4.2338         1.15589        0.153862 
        4.23993         1.15577        0.153299 
        4.24607         1.15819        0.152738 
         4.2522         1.16147         0.15218 
        4.25834         1.16225        0.151624 
        4.26447         1.16446        0.151072 
        4.27061         1.16617        0.150523 
        4.27674         1.16645        0.149976 
        4.28288         1.17052        0.149431 
        4.28902         1.17479         0.14889 
        4.29515         1.17469        0.148351 
        4.30129         1.17475        0.147815 
        4.30743         1.17812        0.147281 
        4.31356         1.18228         0.14675 
        4.31969         1.18126        0.146223 
        4.32583         1.18549        0.145697 
        4.33197         1.18531        0.145174 
         4.3381         1.18914        0.144653 
        4.34424         1.19163        0.144135 
        4.35038         1.19246         0.14362 
        4.35652         1.19488        0.143107 
        4.36265         1.19895        0.142597 
        4.36878         1.19978        0.142089 
        4.37492         1.20269        0.141584 
        4.38106         1.20373         0.14108 
        4.38719         1.20764         0.14058 
        4.39333         1.20876        0.140083 
        4.39946         1.21203        0.139587 
         4.4056         1.21433        0.139094 
        4.41173         1.21701        0.138604 
        4.41786          1.2193        0.138116 
          4.424         1.21951         0.13763 
        4.43014         1.22421        0.137146 
        4.43628         1.22578        0.136664 
        4.44241         1.22776        0.136185 
        4.44855         1.23059        0.135709 
        4.45469         1.23389        0.135234 
        4.46083         1.23505        0.134762 
        4.46696         1.23879        0.134293 
        4.47309         1.23943        0.133825 
        4.47923         1.24374        0.133359 
        4.48537          1.2446        0.132897 
         4.4915         1.24786        0.132436 
        4.49764         1.24814        0.131977 
        4.50378         1.25389         0.13152 
        4.50991         1.25331        0.131066 
        4.51604         1.25695        0.130614 
        4.52218         1.26019        0.130164 
        4.52832         1.26426        0.129716 
        4.53445         1.26509        0.129271 
        4.54059         1.26729        0.128827 
        4.54673         1.27055        0.128385 
        4.55286         1.27483        0.127945 
          4.559          1.2756        0.127508 
        4.56513          1.2769        0.127073 
        4.57127         1.28148         0.12664 
        4.57741         1.28624        0.126208 
        4.58354         1.28603        0.125779 
        4.58968          1.2884        0.125352 
        4.59582         1.29346        0.124926 
        4.60195         1.29482        0.124503 
        4.60809         1.29662        0.124082 
        4.61422         1.29898        0.123663 
        4.62036         1.30142        0.123245 
        4.62649         1.30576         0.12283 
        4.63263         1.30763        0.122416 
        4.63876         1.30722        0.122005 
         4.6449         1.31141        0.121595 
        4.65104         1.31511        0.121187 
        4.65717         1.31764        0.120782 
        4.66331         1.32051        0.120377 
        4.66944         1.32128        0.119975 
        4.67558         1.32678        0.119575 
        4.68171         1.32626        0.119176 
        4.68785         1.33228        0.118779 
        4.69399         1.33373        0.118385 
        4.70012         1.33754        0.117992 
        4.70625         1.33622        0.117601 
        4.71239         1.34123        0.117211 
        4.71853         1.34538        0.116823 
        4.72467         1.34612        0.116437 
         4.7308         1.34954        0.116053 
        4.73694           1.351         0.11567 
        4.74308         1.35312         0.11529 
        4.74922         1.35728         0.11491 
        4.75535         1.36019        0.114533 
        4.76148         1.36363        0.114158 
        4.76762          1.3626        0.113784 
        4.77376         1.36757        0.113411 
        4.77989          1.3693        0.113041 
        4.78602         1.37425        0.112672 
        4.79216         1.37604        0.112305 
         4.7983         1.37862        0.111939 
        4.80443         1.38068        0.111576 
        4.81056         1.38475        0.111213 
         4.8167         1.38349        0.110852 
        4.82284         1.38928        0.110493 
        4.82898         1.39109        0.110135 
        4.83511         1.39359         0.10978 
        4.84125          1.3943        0.109425 
        4.84739         1.39808        0.109072 
        4.85352         1.40315        0.108721 
        4.85965         1.40159        0.108372 
        4.86579         1.40619        0.108023 
        4.87193         1.40877        0.107677 
        4.87807         1.41157        0.107332 
         4.8842          1.4136        0.106988 
        4.89034          1.4148        0.106646 
        4.89647         1.42132        0.106305 
        4.90261         1.42104        0.105966 
        4.90874         1.42502        0.105629 
        4.91488         1.42625        0.105293 
        4.92102         1.42737        0.104958 
        4.92715         1.43253        0.104625 
        4.93329         1.43288        0.104293 
        4.93942         1.43493        0.103963 
        4.94556         1.43828        0.103634 
         4.9517         1.43825        0.103306 
        4.95783         1.44427         0.10298 
        4.96397         1.44425        0.102656 
        4.97011         1.44718        0.102333 
        4.97624          1.4486        0.102011 
        4.98238         1.45217        0.101691 
        4.98851         1.45361        0.101372 
        4.99465         1.45664        0.101054 
        5.00078         1.45984        0.100738 
        5.00691         1.46196        0.100423 
        5.01305         1.46457         0.10011 
        5.01919         1.46482       0.0997972 
        5.02533         1.46941       0.0994863 
        5.03146         1.46949       0.0991769 
         5.0376          1.4753       0.0988688 
        5.04374         1.47682       0.0985617 
        5.04987         1.47575       0.0982561 
        5.05601         1.48035       0.0979519 
        5.06215         1.48392       0.0976488 
        5.06829         1.48362       0.0973469 
        5.07442         1.48681       0.0970467 
        5.08055         1.49017       0.0967478 
        5.08668         1.49118       0.0964499 
        5.09282         1.49239       0.0961531 
        5.09896         1.49458       0.0958579 
        5.10509         1.49825       0.0955639 
        5.11123         1.49844        0.095271 
        5.11736         1.50188       0.0949794 
         5.1235          1.5028       0.0946888 
        5.12964         1.50744       0.0943997 
        5.13577         1.50912       0.0941116 
        5.14191         1.50945       0.0938248 
        5.14804         1.51098       0.0935395 
        5.15418          1.5111       0.0932551 
        5.16032         1.51611       0.0929718 
        5.16645         1.51818       0.0926897 
        5.17259         1.52006       0.0924089 
        5.17872         1.51904       0.0921293 
        5.18486         1.52253       0.0918506 
          5.191         1.52542       0.0915732 
        5.19713         1.52812       0.0912971 
        5.20327         1.52803       0.0910221 
        5.20941         1.53014        0.090748 
        5.21555         1.53281        0.090475 
        5.22168         1.53455       0.0902035 
        5.22781         1.53416       0.0899331 
        5.23395         1.53799       0.0896637 
        5.24009         1.54022       0.0893952 
        5.24622         1.54227        0.089128 
        5.25236         1.54196        0.088862 
         5.2585         1.54516       0.0885968 
        5.26463         1.54785       0.0883328 
        5.27077         1.54783       0.0880699 
         5.2769         1.55079       0.0878082 
        5.28304         1.55189       0.0875475 
        5.28917         1.55384       0.0872879 
         5.2953         1.55416       0.0870295 
        5.30144         1.55859        0.086772 
        5.30757         1.55907       0.0865154 
        5.31371         1.55912       0.0862598 
        5.31985         1.56255       0.0860053 
        5.32599         1.56311       0.0857517 
        5.33213         1.56721       0.0854992 
        5.33826         1.56799       0.0852479 
         5.3444         1.56892       0.0849975 
        5.35053         1.56988       0.0847482 
        5.35667          1.5706       0.0844998 
        5.36281         1.57421       0.0842523 
        5.36894         1.57579       0.0840059 
        5.37507         1.57675       0.0837607 
        5.38121         1.57764       0.0835162 
        5.38735         1.58194       0.0832727 
        5.39348         1.58097       0.0830304 
        5.39961         1.58254        0.082789 
        5.40575         1.58317       0.0825483 
        5.41189         1.58646       0.0823087 
        5.41803         1.58757         0.08207 
        5.42416            1.59       0.0818324 
         5.4303         1.59007       0.0815955 
        5.43644         1.59145       0.0813597 
        5.44257         1.59323        0.081125 
        5.44871         1.59365       0.0808909 
        5.45484         1.59448       0.0806579 
        5.46098         1.59707       0.0804258 
        5.46712         1.60018       0.0801945 
        5.47325         1.59988       0.0799643 
        5.47938         1.60093       0.0797351 
        5.48552          1.6027       0.0795068 
        5.49165          1.6029       0.0792792 
        5.49779         1.60639       0.0790526 
        5.50393         1.60604       0.0788267 
        5.51006         1.60947       0.0786016 
         5.5162          1.6115       0.0783777 
        5.52234         1.60901       0.0781545 
        5.52847         1.61178       0.0779322 
        5.53461         1.61438       0.0777107 
        5.54075         1.61631       0.0774902 
        5.54688         1.61694       0.0772706 
        5.55302         1.61879       0.0770517 
        5.55915         1.61801       0.0768338 
        5.56529         1.62185       0.0766167 
        5.57143         1.62164       0.0764003 
        5.57756         1.62346       0.0761848 
         5.5837         1.62332       0.0759703 
        5.58983         1.62493       0.0757566 
        5.59597         1.62696       0.0755437 
         5.6021         1.62975       0.0753315 
        5.60824         1.63149       0.0751201 
        5.61438         1.62996       0.0749097 
        5.62051         1.63441          0.0747 
        5.62665         1.63505       0.0744911 
        5.63278         1.63568       0.0742831 
        5.63892          1.6346       0.0740758 
        5.64505         1.63804       0.0738694 
        5.65119         1.63878       0.0736637 
        5.65733          1.6398       0.0734588 
        5.66346         1.64132       0.0732547 
         5.6696         1.64318       0.0730513 
        5.67573         1.64436       0.0728488 
        5.68187          1.6446        0.072647 
          5.688         1.64679       0.0724461 
        5.69414         1.64682       0.0722458 
        5.70028         1.65069       0.0720462 
        5.70642         1.65127       0.0718474 
        5.71255          1.6535       0.0716495 
        5.71869         1.65301       0.0714523 
        5.72482         1.65453       0.0712559 
        5.73096         1.65614       0.0710602 
        5.73709         1.65678       0.0708653 
        5.74322         1.65876       0.0706711 
        5.74936         1.65996       0.0704775 
         5.7555         1.66076       0.0702846 
        5.76164         1.66316       0.0700926 
        5.76777         1.66276       0.0699013 
        5.77391           1.668       0.0697106 
        5.78005         1.66801       0.0695206 
        5.78618          1.6677       0.0693315 
        5.79231         1.66848       0.0691433 
        5.79845         1.67119       0.0689554 
        5.80459         1.67399       0.0687681 
        5.81073         1.67221       0.0685819 
        5.81686          1.6754       0.0683963 
          5.823         1.67648       0.0682112 
        5.82914          1.6794       0.0680269 
        5.83527         1.67916       0.0678434 
         5.8414         1.68265       0.0676606 
        5.84754         1.68279       0.0674782 
        5.85368         1.68363       0.0672966 
        5.85981         1.68529       0.0671158 
        5.86595         1.68722       0.0669356 
        5.87208         1.68882       0.0667561 
        5.87822         1.68934       0.0665773 
        5.88435          1.6903       0.0663991 
        5.89049         1.69434       0.0662215 
        5.89662         1.69487       0.0660446 
        5.90276         1.69576       0.0658683 
         5.9089         1.69755       0.0656926 
        5.91503         1.69802       0.0655178 
        5.92117         1.70088       0.0653434 
        5.92731         1.70327       0.0651697 
        5.93344         1.70453       0.0649966 
        5.93958         1.70688       0.0648243 
        5.94572         1.70696       0.0646525 
        5.95186         1.71141       0.0644812 
        5.95799         1.71187       0.0643108 
        5.96412         1.71368        0.064141 
        5.97026         1.71584       0.0639716 
         5.9764         1.71588        0.063803 
        5.98253           1.717       0.0636351 
        5.98866          1.7212       0.0634677 
         5.9948         1.72404       0.0633007 
        6.00094         1.72545       0.0631345 
        6.00707         1.72597       0.0629689 
        6.01321         1.72868       0.0628039 
        6.01935         1.72911       0.0626394 
        6.02548         1.73247       0.0624756 
        6.03162         1.73512       0.0623124 
        6.03775         1.73764       0.0621498 
        6.04389         1.73746       0.0619878 
        6.05003         1.73963       0.0618262 
        6.05617          1.7415       0.0616652 
         6.0623         1.74417       0.0615049 
        6.06844         1.74815       0.0613451 
        6.07457         1.74818        0.061186 
         6.0807          1.7513       0.0610275 
        6.08684         1.75316       0.0608695 
        6.09298         1.75668        0.060712 
        6.09912         1.75833        0.060555 
        6.10525         1.76152       0.0603987 
        6.11138         1.76282       0.0602429 
        6.11752          1.7631       0.0600876 
        6.12366          1.7685       0.0599329 
        6.12979         1.77183       0.0597788 
        6.13593         1.77202       0.0596253 
        6.14207         1.77537       0.0594721 
         6.1482         1.77813       0.0593196 
        6.15434         1.78166       0.0591676 
        6.16047         1.78325       0.0590163 
        6.16661         1.78602       0.0588653 
        6.17274         1.78861       0.0587149 
        6.17887         1.78965       0.0585652 
        6.18501         1.79506       0.0584158 
        6.19115         1.79758        0.058267 
        6.19729         1.79802       0.0581186 
        6.20342         1.80263       0.0579709 
        6.20956         1.80583       0.0578236 
         6.2157         1.80687       0.0576768 
        6.22183         1.81026       0.0575305 
        6.22797         1.81173       0.0573849 
         6.2341          1.8166       0.0572397 
        6.24024          1.8224       0.0570949 
        6.24638          1.8236       0.0569506 
        6.25251         1.82607        0.056807 
        6.25865         1.82887       0.0566638 
        6.26478         1.83134       0.0565211 
        6.27092         1.83516       0.0563789 
        6.27705         1.84053       0.0562372 
        6.28318         1.83976        0.056096 
