# k  (h/Mpc)    P(k)  (Mpc/h)^3    P_linear(k)  (Mpc/h)^3
     0.00783031          9827.4          9978.4 
       0.013688         12317.4         12259.5 
       0.019231         12353.8         12347.9 
      0.0249154         11155.3         11349.6 
      0.0312784         9684.57          9766.5 
      0.0375637         8284.21         8280.31 
      0.0433917         7102.79         7198.27 
      0.0492413         6394.38         6426.43 
      0.0555754         5723.76         5862.56 
      0.0619321         5460.94         5447.74 
       0.067871         4977.67         5086.33 
      0.0738098         4586.17         4686.98 
      0.0800417         4091.52         4216.29 
      0.0862327         3666.54          3731.1 
      0.0921407         3295.08         3300.55 
      0.0982031          2916.2         2931.62 
       0.104506         2704.79         2644.38 
       0.110769         2499.91         2448.34 
       0.116806         2350.86         2318.91 
       0.122832          2253.3         2217.06 
       0.129052         2104.59         2111.46 
       0.135211         1990.12         1988.45 
       0.141259         1884.39         1847.18 
       0.147318         1754.56         1694.99 
       0.153489         1595.89         1544.72 
       0.159709         1492.43         1412.67 
       0.165845         1419.62         1309.35 
       0.171974         1334.77         1232.98 
       0.178125         1274.25         1177.23 
       0.184229         1226.57         1133.32 
        0.19034         1153.11         1091.45 
       0.196428         1130.47         1045.18 
       0.202534            1089         991.755 
       0.208729          1029.7         932.138 
       0.214876         972.737         872.041 
       0.220989         935.676         816.256 
       0.227147         886.553         767.724 
        0.23329         849.413          728.34 
       0.239377         830.978         697.337 
       0.245482         777.267         671.861 
       0.251667         771.096         648.751 
       0.257832         743.155         625.686 
       0.263955         717.876         601.189 
       0.270079         690.775         574.885 
        0.27624         680.787         547.475 
       0.282372         651.717         520.747 
        0.28843         635.596         496.242 
       0.294538         604.051         474.361 
       0.300721         600.117         455.303 
        0.30691         572.886          438.88 
       0.313033         561.538         424.413 
       0.319153         544.598         410.779 
       0.325316         528.759         397.137 
        0.33145          513.36         383.264 
       0.337538         506.163         369.221 
       0.343633         489.927         355.198 
       0.349808         473.267         341.464 
       0.355968         468.606         328.654 
       0.362074          459.51         317.031 
       0.368217         446.776         306.466 
       0.374374         428.723         296.811 
       0.380519         425.384         287.842 
       0.386598         414.684         279.355 
       0.392688         411.676         271.005 
        0.39888         399.897         262.587 
       0.405048         391.381         254.284 
       0.411186         384.025         246.184 
       0.417313         376.779         238.402 
       0.423458         369.707         231.004 
       0.429607         362.395         224.048 
       0.435692         353.301         217.618 
       0.441815         350.478         211.537 
       0.447964         343.365         205.726 
       0.454126         332.743          200.12 
       0.460267         328.088         194.693 
       0.466387         324.279         189.401 
        0.47254         317.406         184.194 
       0.478662         316.381         179.163 
       0.484765         306.147         174.328 
       0.490885         302.684         169.677 
       0.497035         297.698         165.211 
       0.503198         291.915          160.95 
       0.509342         289.412         156.895 
       0.515458         285.774         153.016 
       0.521598         280.097          149.25 
       0.527764          275.61         145.577 
       0.533884         272.908         142.038 
           0.54         268.929         138.602 
       0.546137         267.631         135.253 
       0.552299         262.055         131.995 
       0.558452         259.818         128.854 
       0.564573         255.767         125.845 
       0.570708         250.928         122.943 
       0.576825         247.308         120.152 
       0.582926          244.56         117.461 
       0.589034         242.027         114.848 
       0.595184         239.535         112.291 
       0.601379         236.847         109.791 
       0.607522         232.524         107.384 
       0.613639         231.265         105.059 
       0.619772         226.092         102.797 
       0.625918         224.724         100.598 
       0.632068         221.584         98.4636 
       0.638161         220.486         96.4119 
         0.6443         216.894         94.4059 
       0.650464         214.785         92.4518 
       0.656582         213.044         90.5688 
       0.662703         211.247         88.7389 
       0.668861         207.579           86.95 
       0.675024         205.181         85.2093 
       0.681124         204.311         83.5336 
       0.687237         201.359         81.8992 
       0.693381         198.383         80.3006 
       0.699536          196.98         78.7419 
       0.705665          195.97         77.2313 
       0.711789         192.998         75.7621 
       0.717957         192.237         74.3216 
        0.72409         189.799         72.9273 
       0.730186         187.335         71.5778 
       0.736317         185.613         70.2557 
       0.742472         184.655         68.9626 
       0.748622          183.01         67.7038 
        0.75476         181.498         66.4794 
       0.760888         179.003         65.2875 
       0.767043         178.573         64.1203 
       0.773185         176.587         62.9843 
       0.779291         173.468         61.8824 
       0.785407         172.937         60.8055 
       0.791564         171.386         59.7477 
       0.797719         169.002         58.7157 
       0.803834         168.199         57.7149 
       0.809972         166.752          56.734 
       0.816124         166.538          55.774 
       0.822261         164.312         54.8389 
       0.828378         162.824         53.9283 
       0.834502         162.601         53.0378 
       0.840667         160.044         52.1617 
       0.846816         158.709         51.3081 
       0.852925         158.007         50.4792 
       0.859047         156.221         49.6669 
       0.865192         155.044         48.8701 
       0.871341         153.618         48.0903 
       0.877463         152.467         47.3312 
       0.883569         151.661         46.5906 
       0.889708         150.346         45.8621 
       0.895864         148.662         45.1475 
       0.902008         147.913         44.4497 
       0.908149         147.282         43.7672 
       0.914301         145.631          43.098 
       0.920448         144.528         42.4435 
       0.926574         143.754         41.8051 
       0.932687         143.374         41.1812 
       0.938823         141.392         40.5679 
       0.944975         140.046         39.9658 
       0.951105         139.531         39.3781 
       0.957225         138.015         38.8034 
       0.963368         136.693         38.2383 
       0.969511         136.407         37.6844 
       0.975621         135.657         37.1446 
       0.981748         134.961         36.6141 
       0.987916         133.426         36.0906 
        0.99406         132.526         35.5794 
        1.00019         132.144         35.0792 
        1.00632         130.907         34.5892 
        1.01246          130.14         34.1078 
        1.01859         129.017         33.6364 
        1.02471         128.256         33.1746 
        1.03085         126.987           32.72 
        1.03698         126.451         32.2749 
        1.04314           125.3         31.8362 
        1.04929         124.538         31.4068 
        1.05541          123.87          30.987 
        1.06154         123.103          30.574 
        1.06769         122.942         30.1679 
        1.07382          121.94         29.7705 
        1.07993         120.911         29.3813 
        1.08607         120.069         28.9974 
        1.09222         119.651           28.62 
        1.09836         118.601         28.2498 
        1.10449         117.736         27.8867 
        1.11063         116.972         27.5295 
        1.11677         116.617         27.1788 
         1.1229         115.347         26.8348 
        1.12903          114.67         26.4966 
        1.13518         114.718         26.1639 
        1.14131         113.561         25.8371 
        1.14745         112.904         25.5161 
        1.15359         112.154         25.2006 
        1.15973          111.82         24.8903 
        1.16584         110.689         24.5866 
        1.17197         110.198         24.2876 
        1.17811          109.54         23.9927 
        1.18424         108.957         23.7036 
        1.19038         108.491         23.4184 
        1.19652         107.759          23.138 
        1.20267         106.983         22.8623 
        1.20881         106.278         22.5911 
        1.21495         105.674         22.3247 
        1.22108         105.179         22.0627 
         1.2272         104.229         21.8056 
        1.23334         103.854          21.552 
        1.23949         102.925         21.3018 
        1.24562         102.619         21.0563 
        1.25174         101.765         20.8151 
        1.25789         101.397          20.577 
        1.26402         100.854          20.343 
        1.27014         100.187         20.1132 
        1.27628         99.7488         19.8864 
        1.28244         99.0972         19.6626 
        1.28858         98.8143         19.4426 
        1.29471         97.8795         19.2264 
        1.30084         97.4777         19.0138 
        1.30697         96.8826          18.804 
        1.31312         96.5025         18.5972 
        1.31925         95.7379         18.3941 
        1.32537         95.3984         18.1943 
        1.33151         94.4988         17.9967 
        1.33765         94.1101         17.8022 
        1.34378         93.5596          17.611 
        1.34992         93.3609         17.4224 
        1.35606         92.7336         17.2362 
         1.3622         91.9281         17.0531 
        1.36833         91.7394         16.8731 
        1.37445         91.0904         16.6958 
        1.38059         90.5937         16.5205 
        1.38675         89.9565         16.3472 
        1.39288         89.5648         16.1772 
        1.39901         89.3176         16.0097 
        1.40515         88.6884         15.8442 
         1.4113         88.0551         15.6811 
        1.41742         87.9768         15.5209 
        1.42355         87.1987         15.3627 
         1.4297         86.8363         15.2062 
        1.43585         86.1571          15.052 
        1.44198         85.8748         14.9005 
        1.44809         85.3589         14.7514 
        1.45423         84.8569         14.6038 
        1.46036         84.6822         14.4585 
        1.46649         84.0961         14.3151 
        1.47263         83.5968         14.1735 
        1.47877         83.4177          14.034 
        1.48491         82.7209         13.8961 
        1.49104         82.3902         13.7603 
        1.49718         81.8709         13.6263 
        1.50333         81.4517         13.4938 
        1.50947          81.035         13.3634 
         1.5156         80.6371         13.2349 
        1.52172         80.1779         13.1081 
        1.52787         79.9926         12.9827 
          1.534         79.4028         12.8591 
        1.54013         78.8614         12.7372 
        1.54627         78.6212         12.6167 
        1.55241         78.1331         12.4978 
        1.55855         77.8505         12.3805 
        1.56467         77.3516         12.2651 
         1.5708         77.0094         12.1508 
        1.57695          76.832         12.0379 
        1.58308          76.028         11.9266 
        1.58922         75.9761         11.8166 
        1.59535         75.6586         11.7081 
         1.6015         75.0177         11.6008 
        1.60764         74.7522          11.495 
        1.61376         74.3963         11.3907 
        1.61989         73.9577         11.2876 
        1.62604          73.736         11.1856 
        1.63218         73.3612         11.0849 
        1.63831         72.7742         10.9857 
        1.64444          72.509         10.8877 
        1.65059         72.0498         10.7907 
        1.65673         71.7323         10.6949 
        1.66285         71.3996         10.6006 
        1.66898          71.011         10.5074 
        1.67512         70.5817         10.4151 
        1.68127         70.2974         10.3238 
         1.6874         69.9952         10.2339 
        1.69353         69.6639          10.145 
        1.69967         69.1631         10.0571 
        1.70581         69.0532         9.97017 
        1.71193         68.8337         9.88463 
        1.71806         68.1667         9.79991 
        1.72421          67.963         9.71602 
        1.73035         67.6124         9.63321 
        1.73649         67.2557         9.55138 
        1.74262          67.018         9.47058 
        1.74876         66.6719         9.39065 
        1.75489         66.2144         9.31182 
        1.76101         66.0401         9.23391 
        1.76715         65.5929          9.1568 
        1.77329          65.378         9.08047 
        1.77943         64.8821         9.00498 
        1.78557          64.757         8.93047 
        1.79171         64.3454         8.85678 
        1.79785         64.0922         8.78392 
        1.80399         63.8399         8.71189 
        1.81012         63.5848         8.64078 
        1.81625         63.0362         8.57048 
        1.82239         62.8061         8.50087 
        1.82853         62.5034         8.43207 
        1.83466         62.2547          8.3641 
        1.84078         61.9169         8.29695 
        1.84692         61.4811         8.23043 
        1.85306         61.2803         8.16456 
         1.8592         60.8582         8.09952 
        1.86533         60.7022         8.03523 
        1.87147         60.3271         7.97155 
        1.87761         60.0916         7.90855 
        1.88375         59.7962          7.8463 
        1.88988         59.6477         7.78478 
        1.89601          59.235          7.7239 
        1.90215          58.959         7.66361 
        1.90829          58.793           7.604 
        1.91442         58.4164         7.54502 
        1.92056         58.0022         7.48672 
         1.9267         57.8503         7.42897 
        1.93284          57.519          7.3718 
        1.93897          57.204         7.31534 
        1.94509         56.8986          7.2596 
        1.95123         56.7294         7.20429 
        1.95737         56.5215         7.14953 
        1.96349         56.0965         7.09547 
        1.96964          56.015         7.04182 
        1.97578         55.6789          6.9887 
        1.98192         55.4034         6.93623 
        1.98805         55.2833          6.8843 
        1.99419         54.8455         6.83291 
        2.00033         54.6062         6.78201 
        2.00647          54.396         6.73164 
         2.0126         53.9861         6.68188 
        2.01874         53.8307         6.63254 
        2.02488         53.6636         6.58366 
        2.03101         53.3532         6.53536 
        2.03714         53.0667          6.4876 
        2.04328         52.8672         6.44025 
        2.04941         52.5289         6.39343 
        2.05554         52.2216          6.3471 
        2.06167         52.0849         6.30117 
        2.06781         51.8854         6.25568 
        2.07396          51.557         6.21059 
        2.08009         51.3957         6.16601 
        2.08622         51.0806         6.12193 
        2.09237         50.8221         6.07819 
        2.09851         50.6827         6.03487 
        2.10464         50.3789         5.99205 
        2.11077         50.1336         5.94969 
        2.11691         49.8943         5.90765 
        2.12305         49.6792         5.86601 
        2.12918         49.4041         5.82488 
        2.13531         49.1614         5.78414 
        2.14145         48.9299         5.74369 
         2.1476          48.775         5.70358 
        2.15372         48.4741         5.66406 
        2.15985         48.2344         5.62487 
        2.16599         48.0602         5.58594 
        2.17213         47.8755         5.54742 
        2.17827         47.6274         5.50927 
         2.1844         47.3562         5.47152 
        2.19054         47.0819         5.43411 
        2.19666         46.9044          5.3971 
         2.2028          46.755          5.3604 
        2.20893          46.586         5.32403 
        2.21508         46.3667         5.28796 
        2.22122         46.0886          5.2522 
        2.22736          45.923         5.21686 
        2.23349         45.7522         5.18184 
        2.23962          45.353         5.14714 
        2.24577         45.1769         5.11271 
         2.2519         44.9371         5.07866 
        2.25802         44.8896         5.04497 
        2.26417         44.6129         5.01149 
        2.27031         44.4468         4.97828 
        2.27644         44.1658         4.94547 
        2.28257         43.9852         4.91296 
        2.28872         43.6868         4.88069 
        2.29486          43.575         4.84871 
        2.30099          43.422         4.81708 
        2.30712         43.2004         4.78572 
        2.31326         42.9541         4.75459 
         2.3194          42.726         4.72375 
        2.32553         42.5643         4.69324 
        2.33166         42.4003         4.66301 
         2.3378         42.0918         4.63301 
        2.34394         41.8821         4.60326 
        2.35007         41.6895         4.57381 
        2.35619         41.5895         4.54466 
        2.36233         41.4791          4.5157 
        2.36848         41.1414         4.48693 
        2.37462         41.0134         4.45846 
        2.38075         40.8269         4.43028 
        2.38689         40.7266         4.40231 
        2.39303         40.4833         4.37459 
        2.39916         40.2705         4.34714 
        2.40529         40.0557         4.31992 
        2.41143         39.9454         4.29292 
        2.41757         39.7576         4.26613 
         2.4237         39.6307         4.23963 
        2.42983         39.4078         4.21335 
        2.43598         39.1633         4.18723 
        2.44211         39.0135         4.16137 
        2.44823         38.8456         4.13578 
        2.45437         38.7181         4.11034 
        2.46052         38.4015          4.0851 
        2.46665         38.3086         4.06011 
        2.47279         38.1726         4.03534 
        2.47892         37.9571         4.01076 
        2.48507         37.7947         3.98636 
         2.4912         37.6562         3.96221 
        2.49733         37.4395         3.93828 
        2.50347         37.2341          3.9145 
        2.50961          37.102         3.89091 
        2.51575         36.9841         3.86754 
        2.52188         36.7396         3.84438 
        2.52802         36.6237         3.82139 
        2.53416         36.5351         3.79858 
        2.54029         36.3255         3.77599 
        2.54641         36.1602          3.7536 
        2.55255         35.9592         3.73137 
        2.55869         35.8266         3.70928 
        2.56483         35.6616          3.6874 
        2.57096           35.46         3.66573 
        2.57709         35.3179         3.64422 
        2.58323         35.2134         3.62286 
        2.58937         35.0016         3.60166 
        2.59551          34.845         3.58066 
        2.60164          34.743         3.55984 
        2.60778         34.5514         3.53916 
        2.61392         34.3372         3.51864 
        2.62006         34.2057          3.4983 
        2.62619         34.0548         3.47814 
        2.63232         33.8796         3.45814 
        2.63846         33.7952         3.43827 
        2.64459         33.6426         3.41858 
        2.65072         33.4314         3.39905 
        2.65686         33.2472         3.37967 
          2.663         33.1661          3.3604 
        2.66915         33.0579         3.34129 
        2.67527         32.8826         3.32237 
        2.68141         32.7478         3.30359 
        2.68755          32.677         3.28493 
        2.69368         32.4462         3.26644 
        2.69981         32.3116         3.24811 
        2.70595         32.1344         3.22988 
        2.71209         32.0065         3.21178 
        2.71823         31.8633         3.19385 
        2.72436         31.7563         3.17607 
         2.7305         31.5997          3.1584 
        2.73663         31.4379         3.14088 
        2.74276         31.2964         3.12351 
         2.7489         31.1954         3.10625 
        2.75504         31.0367         3.08911 
        2.76118          30.876         3.07208 
        2.76732         30.7696         3.05522 
        2.77345         30.6511         3.03848 
        2.77959         30.4203         3.02187 
        2.78572         30.3994         3.00538 
        2.79186          30.204         2.98903 
        2.79798         30.1071         2.97281 
        2.80412         29.9718         2.95668 
        2.81027         29.8665         2.94065 
         2.8164         29.6806         2.92478 
        2.82253         29.5624         2.90903 
        2.82867         29.4185         2.89338 
        2.83481         29.3579         2.87784 
        2.84095         29.1404         2.86242 
        2.84708         29.0874         2.84713 
        2.85322         28.9363         2.83194 
        2.85935         28.7898         2.81686 
        2.86549         28.6996          2.8019 
        2.87162          28.603         2.78705 
        2.87776         28.4492          2.7723 
        2.88389          28.314         2.75766 
        2.89003         28.2361         2.74313 
        2.89617          28.068          2.7287 
        2.90231         27.9352         2.71437 
        2.90844         27.8387         2.70015 
        2.91458         27.7133         2.68603 
        2.92071         27.5676         2.67203 
        2.92684         27.4903         2.65811 
        2.93298         27.3677         2.64431 
         2.9391         27.2535         2.63061 
        2.94524         27.1275           2.617 
        2.95138         27.0002         2.60347 
        2.95752         26.8571         2.59003 
        2.96367         26.7934         2.57668 
         2.9698          26.705         2.56346 
        2.97594          26.576         2.55031 
        2.98207         26.4186         2.53726 
        2.98821         26.3093          2.5243 
        2.99434         26.2286         2.51144 
        3.00048         26.0849         2.49867 
        3.00662         26.0126         2.48597 
        3.01275         25.8841         2.47339 
        3.01888         25.7673         2.46088 
        3.02503         25.6744         2.44845 
        3.03117         25.5625          2.4361 
        3.03729         25.4237         2.42387 
        3.04342         25.3345         2.41172 
        3.04957         25.2055         2.39961 
         3.0557         25.1956         2.38762 
        3.06183         25.0233         2.37572 
        3.06796         24.9155         2.36389 
        3.07411         24.8224         2.35212 
        3.08025         24.6699         2.34045 
        3.08637         24.5849         2.32887 
         3.0925         24.5062         2.31736 
        3.09865         24.4078         2.30591 
         3.1048         24.2712         2.29453 
        3.11093         24.1944         2.28326 
        3.11706         24.0472         2.27206 
         3.1232          23.987         2.26093 
        3.12933         23.8616         2.24988 
        3.13547         23.7813          2.2389 
        3.14159         23.6858         2.22801 
        3.14773         23.6303         2.21717 
        3.15388         23.4872          2.2064 
        3.16001         23.3574         2.19572 
        3.16614          23.284         2.18511 
        3.17228         23.1879         2.17456 
        3.17842         23.0978         2.16408 
        3.18455         22.9982         2.15368 
        3.19068         22.9008         2.14335 
        3.19682         22.8329         2.13307 
        3.20297         22.7316         2.12286 
         3.2091         22.5982         2.11273 
        3.21524          22.504         2.10266 
        3.22138         22.4484         2.09266 
         3.2275         22.3329         2.08274 
        3.23363         22.2287         2.07288 
        3.23977         22.1487         2.06307 
        3.24591         22.0527         2.05333 
        3.25205         21.9856         2.04364 
        3.25818         21.8826         2.03402 
        3.26432         21.7774         2.02447 
        3.27046         21.6944         2.01497 
         3.2766         21.6024         2.00554 
        3.28273         21.5125         1.99617 
        3.28887         21.4128         1.98686 
          3.295         21.3332         1.97762 
        3.30113         21.2589         1.96843 
        3.30727         21.1761          1.9593 
        3.31341         21.1035         1.95023 
        3.31954         20.9963         1.94122 
        3.32568          20.911         1.93225 
        3.33182         20.7955         1.92335 
        3.33795         20.7305         1.91451 
        3.34409         20.6297         1.90572 
        3.35022         20.5863         1.89698 
        3.35636         20.4764         1.88831 
         3.3625         20.3756         1.87968 
        3.36864         20.3104         1.87111 
        3.37477         20.2226         1.86259 
        3.38091         20.1358         1.85413 
        3.38704           20.07         1.84572 
        3.39318         19.9892         1.83737 
        3.39931         19.8973         1.82906 
        3.40545           19.84         1.82081 
        3.41158         19.7316          1.8126 
        3.41772         19.6541         1.80445 
        3.42385         19.5759         1.79636 
        3.42998         19.5237         1.78831 
        3.43612          19.406         1.78031 
        3.44226         19.3294         1.77235 
         3.4484         19.2739         1.76444 
        3.45453         19.2046         1.75659 
        3.46066         19.1207         1.74879 
        3.46681         19.0633         1.74102 
        3.47295         18.9531          1.7333 
        3.47908         18.8891         1.72564 
        3.48521         18.8142         1.71803 
        3.49135         18.7376         1.71045 
        3.49749         18.6499         1.70293 
        3.50362          18.569         1.69545 
        3.50976         18.5049         1.68801 
        3.51589          18.414         1.68062 
        3.52203         18.3441         1.67328 
        3.52816         18.2856         1.66599 
        3.53429         18.2197         1.65873 
        3.54043         18.1422         1.65151 
        3.54657         18.0792         1.64433 
        3.55271         17.9846         1.63721 
        3.55884         17.9402         1.63013 
        3.56498         17.8629         1.62308 
        3.57112         17.7847         1.61607 
        3.57725         17.7011         1.60911 
        3.58338          17.646          1.6022 
        3.58952         17.5761         1.59532 
        3.59566         17.5021         1.58848 
         3.6018         17.4513         1.58168 
        3.60793         17.3535         1.57493 
        3.61407         17.3068         1.56821 
        3.62021         17.2296         1.56153 
        3.62634         17.1764          1.5549 
        3.63247         17.0925          1.5483 
        3.63861         17.0041         1.54174 
        3.64475         16.9475         1.53521 
        3.65089         16.8989         1.52872 
        3.65702         16.8176         1.52228 
        3.66316         16.7406         1.51587 
        3.66929         16.6798          1.5095 
        3.67543         16.6339         1.50317 
        3.68156         16.5742         1.49687 
        3.68769         16.4679         1.49061 
        3.69383         16.4553         1.48438 
        3.69997         16.3717         1.47819 
        3.70611         16.3107         1.47203 
        3.71224         16.2478         1.46591 
        3.71838         16.1804         1.45982 
        3.72451         16.1179         1.45378 
        3.73065         16.0701         1.44777 
        3.73678         16.0007         1.44179 
        3.74292         15.9343         1.43583 
        3.74906         15.8671         1.42992 
        3.75519         15.8251         1.42404 
        3.76133         15.7524         1.41819 
        3.76746         15.6775         1.41238 
         3.7736         15.6205          1.4066 
        3.77974         15.5825         1.40085 
        3.78588         15.4958         1.39513 
        3.79201         15.4463         1.38945 
        3.79814         15.3667          1.3838 
        3.80428          15.352         1.37818 
        3.81042         15.2734         1.37258 
        3.81655         15.2056         1.36703 
        3.82268         15.1475          1.3615 
        3.82882         15.0947         1.35601 
        3.83496         15.0377         1.35054 
        3.84109          14.964          1.3451 
        3.84723         14.9237          1.3397 
        3.85337         14.8758         1.33432 
        3.85951          14.807         1.32896 
        3.86565         14.7444         1.32365 
        3.87178         14.7039         1.31836 
        3.87791         14.6392         1.31311 
        3.88405         14.5807         1.30788 
        3.89019         14.5402         1.30267 
        3.89632         14.4777          1.2975 
        3.90246         14.4328         1.29236 
         3.9086         14.3761         1.28724 
        3.91473          14.313         1.28215 
        3.92086         14.2626          1.2771 
        3.92699         14.1922         1.27206 
        3.93313         14.1446         1.26705 
        3.93927         14.0984         1.26208 
         3.9454          14.046         1.25712 
        3.95154         13.9814          1.2522 
        3.95768         13.9458         1.24729 
        3.96382          13.887         1.24242 
        3.96995         13.8165         1.23757 
        3.97609         13.7627         1.23275 
        3.98222         13.7169         1.22796 
        3.98836         13.6777         1.22319 
         3.9945         13.6266         1.21845 
        4.00063          13.592         1.21373 
        4.00677         13.5284         1.20904 
        4.01291         13.4917         1.20437 
        4.01904         13.4227         1.19973 
        4.02517         13.3665         1.19511 
        4.03131          13.324         1.19052 
        4.03745         13.2951         1.18594 
        4.04358         13.2347          1.1814 
        4.04972         13.1773         1.17688 
        4.05585         13.1216         1.17238 
        4.06199         13.0778          1.1679 
        4.06812         13.0125         1.16346 
        4.07426         12.9774         1.15903 
         4.0804         12.9463         1.15462 
        4.08654         12.8979         1.15024 
        4.09267         12.8505         1.14588 
         4.0988          12.802         1.14155 
        4.10494         12.7522         1.13724 
        4.11108         12.6986         1.13295 
        4.11721         12.6641         1.12868 
        4.12334         12.6109         1.12443 
        4.12948         12.5662         1.12021 
        4.13561         12.5188         1.11601 
        4.14176         12.4711         1.11182 
        4.14789         12.4206         1.10766 
        4.15403         12.3966         1.10353 
        4.16016         12.3197         1.09941 
         4.1663         12.2913         1.09531 
        4.17243         12.2404         1.09124 
        4.17857         12.2035         1.08719 
        4.18471         12.1698         1.08315 
        4.19084         12.1138         1.07914 
        4.19698         12.0658         1.07515 
        4.20312          12.029         1.07117 
        4.20925         11.9964         1.06722 
        4.21538         11.9456          1.0633 
        4.22152         11.9046         1.05938 
        4.22766         11.8563         1.05549 
         4.2338         11.8224         1.05162 
        4.23993          11.771         1.04777 
        4.24607         11.7174         1.04393 
         4.2522         11.7085         1.04012 
        4.25834         11.6424         1.03632 
        4.26447         11.6035         1.03255 
        4.27061         11.5619         1.02879 
        4.27674         11.5359         1.02505 
        4.28288         11.4846         1.02133 
        4.28902          11.441         1.01763 
        4.29515          11.396         1.01395 
        4.30129         11.3653         1.01029 
        4.30743         11.3252         1.00664 
        4.31356         11.2753         1.00301 
        4.31969         11.2427        0.999402 
        4.32583         11.2088        0.995811 
        4.33197         11.1684        0.992232 
         4.3381         11.1294        0.988675 
        4.34424           11.09        0.985137 
        4.35038         11.0471        0.981611 
        4.35652         11.0176        0.978105 
        4.36265         10.9637         0.97462 
        4.36878         10.9276        0.971151 
        4.37492         10.9033        0.967695 
        4.38106         10.8614        0.964256 
        4.38719          10.821        0.960839 
        4.39333         10.7769        0.957438 
        4.39946         10.7389        0.954052 
         4.4056         10.7077        0.950681 
        4.41173         10.6685        0.947328 
        4.41786         10.6222        0.943994 
          4.424         10.5978        0.940673 
        4.43014         10.5555        0.937364 
        4.43628         10.5183        0.934072 
        4.44241         10.4925          0.9308 
        4.44855         10.4462        0.927541 
        4.45469         10.4076        0.924296 
        4.46083         10.3871        0.921072 
        4.46696         10.3531        0.917864 
        4.47309         10.2998        0.914667 
        4.47923         10.2722        0.911485 
        4.48537         10.2233        0.908322 
         4.4915         10.2117        0.905172 
        4.49764         10.1834        0.902036 
        4.50378         10.1363        0.898914 
        4.50991         10.0912        0.895812 
        4.51604          10.063        0.892724 
        4.52218         10.0433        0.889645 
        4.52832         10.0079        0.886584 
        4.53445         9.97548        0.883539 
        4.54059         9.93416        0.880507 
        4.54673         9.90214        0.877487 
        4.55286          9.8624        0.874482 
          4.559          9.8372        0.871493 
        4.56513         9.79699        0.868519 
        4.57127          9.7682        0.865558 
        4.57741         9.74064        0.862609 
        4.58354         9.69724        0.859675 
        4.58968         9.67363        0.856755 
        4.59582         9.63498        0.853847 
        4.60195         9.60522        0.850955 
        4.60809         9.58219        0.848077 
        4.61422          9.5375        0.845211 
        4.62036         9.51422        0.842359 
        4.62649         9.48312        0.839519 
        4.63263         9.45647        0.836693 
        4.63876         9.41434         0.83388 
         4.6449         9.38949        0.831078 
        4.65104         9.35832        0.828291 
        4.65717         9.32375        0.825518 
        4.66331         9.29052        0.822756 
        4.66944          9.2561        0.820007 
        4.67558         9.23738        0.817273 
        4.68171         9.20552        0.814548 
        4.68785         9.17782        0.811834 
        4.69399         9.15296        0.809135 
        4.70012         9.11898        0.806452 
        4.70625         9.09073        0.803778 
        4.71239         9.06524        0.801114 
        4.71853         9.02795        0.798464 
        4.72467         8.99779        0.795825 
         4.7308         8.97007        0.793199 
        4.73694          8.9418        0.790585 
        4.74308          8.9099        0.787982 
        4.74922         8.88092         0.78539 
        4.75535         8.85745        0.782813 
        4.76148         8.83407        0.780248 
        4.76762         8.80634         0.77769 
        4.77376         8.77582        0.775145 
        4.77989         8.74526        0.772615 
        4.78602         8.71697        0.770094 
        4.79216         8.70136        0.767582 
         4.7983         8.66351        0.765083 
        4.80443         8.63668        0.762598 
        4.81056         8.60996        0.760122 
         4.8167         8.58888        0.757654 
        4.82284         8.55172        0.755198 
        4.82898         8.52831        0.752755 
        4.83511         8.50102        0.750323 
        4.84125         8.47986        0.747899 
        4.84739         8.44847        0.745488 
        4.85352         8.42462        0.743089 
        4.85965         8.39522        0.740699 
        4.86579         8.37713        0.738319 
        4.87193         8.34343        0.735949 
        4.87807         8.31742         0.73359 
         4.8842         8.29772        0.731243 
        4.89034         8.26681        0.728904 
        4.89647         8.24695        0.726576 
        4.90261         8.21744        0.724259 
        4.90874         8.19929        0.721953 
        4.91488         8.17143        0.719657 
        4.92102         8.14323        0.717368 
        4.92715         8.11881        0.715091 
        4.93329         8.10041        0.712825 
        4.93942          8.0761        0.710566 
        4.94556         8.05108        0.708318 
         4.9517         8.02145         0.70608 
        4.95783         7.99609        0.703852 
        4.96397          7.9763        0.701634 
        4.97011         7.96278        0.699424 
        4.97624         7.92681        0.697225 
        4.98238            7.91        0.695037 
        4.98851         7.87807        0.692857 
        4.99465         7.85991        0.690686 
        5.00078         7.83202        0.688525 
        5.00691         7.81482        0.686374 
        5.01305         7.79303        0.684231 
        5.01919         7.76589        0.682095 
        5.02533          7.7482         0.67997 
        5.03146         7.71928        0.677856 
         5.0376         7.70997        0.675749 
        5.04374         7.67291        0.673651 
        5.04987         7.64951        0.671562 
        5.05601         7.63259        0.669483 
        5.06215         7.60775        0.667411 
        5.06829         7.57961        0.665348 
        5.07442         7.56267        0.663296 
        5.08055         7.54562        0.661253 
        5.08668         7.52611        0.659217 
        5.09282         7.50278        0.657188 
        5.09896          7.4844         0.65517 
        5.10509         7.46067        0.653161 
        5.11123         7.43792         0.65116 
        5.11736         7.41258        0.649166 
         5.1235         7.39516        0.647181 
        5.12964         7.37574        0.645204 
        5.13577         7.35881        0.643235 
        5.14191         7.33732        0.641275 
        5.14804         7.31587        0.639325 
        5.15418         7.29616        0.637381 
        5.16032         7.27185        0.635445 
        5.16645          7.2577        0.633517 
        5.17259         7.23497        0.631598 
        5.17872         7.21679        0.629687 
        5.18486         7.19962        0.627782 
          5.191         7.17698        0.625885 
        5.19713         7.16375        0.623999 
        5.20327         7.14071        0.622119 
        5.20941         7.11982        0.620246 
        5.21555         7.09731         0.61838 
        5.22168          7.0809        0.616524 
        5.22781         7.06546        0.614676 
        5.23395         7.03777        0.612834 
        5.24009         7.01865           0.611 
        5.24622         7.00311        0.609173 
        5.25236         6.99181        0.607355 
         5.2585         6.96855        0.605542 
        5.26463         6.94847        0.603738 
        5.27077         6.93923        0.601942 
         5.2769         6.91721        0.600153 
        5.28304         6.89297        0.598371 
        5.28917         6.87849        0.596597 
         5.2953         6.86697        0.594831 
        5.30144         6.83927         0.59307 
        5.30757         6.82551        0.591317 
        5.31371         6.80711         0.58957 
        5.31985          6.7874         0.58783 
        5.32599         6.77244        0.586097 
        5.33213         6.75271        0.584371 
        5.33826         6.74682        0.582653 
         5.3444         6.72342        0.580943 
        5.35053         6.70915        0.579238 
        5.35667         6.68718         0.57754 
        5.36281          6.6716        0.575849 
        5.36894         6.65037        0.574165 
        5.37507         6.63721        0.572489 
        5.38121         6.62222        0.570818 
        5.38735          6.5989        0.569153 
        5.39348         6.58491        0.567497 
        5.39961          6.5759        0.565848 
        5.40575         6.55592        0.564203 
        5.41189         6.54135        0.562565 
        5.41803         6.51883        0.560933 
        5.42416         6.51189        0.559309 
         5.4303          6.4981        0.557691 
        5.43644         6.48083        0.556079 
        5.44257         6.46404        0.554474 
        5.44871         6.45138        0.552875 
        5.45484         6.42838        0.551282 
        5.46098         6.41973        0.549696 
        5.46712         6.40217        0.548115 
        5.47325         6.39119        0.546541 
        5.47938         6.37907        0.544975 
        5.48552         6.36277        0.543414 
        5.49165         6.34256        0.541859 
        5.49779         6.33724         0.54031 
        5.50393         6.31526        0.538766 
        5.51006         6.30875        0.537228 
         5.5162         6.28937        0.535697 
        5.52234         6.27669        0.534172 
        5.52847         6.25998        0.532652 
        5.53461         6.25006        0.531139 
        5.54075          6.2339        0.529632 
        5.54688         6.22062        0.528131 
        5.55302         6.20684        0.526635 
        5.55915         6.20032        0.525145 
        5.56529         6.17971        0.523661 
        5.57143         6.16884        0.522183 
        5.57756         6.15412         0.52071 
         5.5837         6.14115        0.519243 
        5.58983          6.1283        0.517783 
        5.59597         6.11642        0.516328 
         5.6021         6.10207        0.514877 
        5.60824         6.09188        0.513433 
        5.61438         6.07617        0.511994 
        5.62051         6.06094        0.510561 
        5.62665         6.05387        0.509133 
        5.63278         6.03944        0.507711 
        5.63892         6.02891        0.506295 
        5.64505         6.02218        0.504884 
        5.65119         6.00751        0.503478 
        5.65733         5.99344        0.502078 
        5.66346         5.98177        0.500683 
         5.6696         5.96853        0.499293 
        5.67573         5.95792        0.497908 
        5.68187         5.94577        0.496529 
          5.688         5.93645        0.495156 
        5.69414         5.92192        0.493787 
        5.70028         5.91205        0.492423 
        5.70642         5.90259        0.491064 
        5.71255         5.89179        0.489711 
        5.71869         5.87668        0.488364 
        5.72482         5.86907        0.487021 
        5.73096         5.85515        0.485684 
        5.73709         5.84668        0.484352 
        5.74322         5.83535        0.483025 
        5.74936         5.82697        0.481701 
         5.7555         5.81593        0.480383 
        5.76164         5.80921         0.47907 
        5.76777           5.798        0.477763 
        5.77391         5.78413         0.47646 
        5.78005         5.77643        0.475161 
        5.78618         5.76879        0.473869 
        5.79231         5.75782        0.472582 
        5.79845         5.75283        0.471298 
        5.80459         5.73608        0.470018 
        5.81073         5.72501        0.468745 
        5.81686         5.72372        0.467477 
          5.823         5.71301        0.466212 
        5.82914         5.69875        0.464952 
        5.83527         5.69582        0.463698 
         5.8414         5.68154        0.462448 
        5.84754         5.67652        0.461202 
        5.85368         5.66746        0.459961 
        5.85981         5.65564        0.458724 
        5.86595         5.64746        0.457493 
        5.87208         5.64229        0.456266 
        5.87822         5.63117        0.455044 
        5.88435          5.6254        0.453827 
        5.89049         5.61608        0.452613 
        5.89662         5.61272        0.451403 
        5.90276         5.60077        0.450198 
         5.9089         5.59066        0.448998 
        5.91503          5.5846        0.447803 
        5.92117         5.57547        0.446611 
        5.92731         5.57344        0.445423 
        5.93344         5.56565        0.444241 
        5.93958         5.55501        0.443063 
        5.94572         5.55157        0.441888 
        5.95186         5.54542        0.440718 
        5.95799         5.53333        0.439553 
        5.96412         5.52899        0.438392 
        5.97026         5.52084        0.437235 
         5.9764         5.51108        0.436082 
        5.98253         5.50782        0.434935 
        5.98866         5.50027         0.43379 
         5.9948         5.49681         0.43265 
        6.00094          5.4891        0.431514 
        6.00707         5.48123        0.430382 
        6.01321         5.47743        0.429253 
        6.01935         5.47125         0.42813 
        6.02548         5.46661         0.42701 
        6.03162         5.46145        0.425895 
        6.03775         5.45022        0.424783 
        6.04389         5.44807        0.423676 
        6.05003         5.44224        0.422571 
        6.05617         5.43419        0.421471 
         6.0623         5.43488        0.420375 
        6.06844         5.42763        0.419283 
        6.07457         5.42156        0.418196 
         6.0807           5.423        0.417112 
        6.08684         5.41352        0.416033 
        6.09298         5.41014        0.414956 
        6.09912         5.40662        0.413883 
        6.10525         5.40003        0.412815 
        6.11138         5.39374         0.41175 
        6.11752         5.39125        0.410688 
        6.12366         5.38408        0.409631 
        6.12979         5.38576        0.408578 
        6.13593         5.38847        0.407528 
        6.14207         5.37777        0.406482 
         6.1482         5.36996        0.405439 
        6.15434         5.37261        0.404401 
        6.16047         5.36671        0.403366 
        6.16661         5.36068        0.402335 
        6.17274           5.363        0.401307 
        6.17887         5.35464        0.400283 
        6.18501         5.35438        0.399262 
        6.19115         5.34829        0.398245 
        6.19729         5.34828        0.397231 
        6.20342         5.34885        0.396221 
        6.20956         5.33992        0.395215 
         6.2157         5.33985        0.394211 
        6.22183         5.33948        0.393211 
        6.22797         5.33472        0.392216 
         6.2341         5.33348        0.391224 
        6.24024          5.3342        0.390234 
        6.24638         5.32881        0.389248 
        6.25251         5.33009        0.388266 
        6.25865         5.32617        0.387288 
        6.26478         5.32758        0.386312 
        6.27092         5.32517         0.38534 
        6.27705         5.32281        0.384372 
        6.28318         5.32303        0.383407 
