# k  (h/Mpc)    Pcb(k)  (Mpc/h)^3    Pcb_linear(k)  (Mpc/h)^3
     0.00783031         7524.37         7617.89 
       0.013688         9418.29         9372.08 
       0.019231         9461.81         9447.07 
      0.0249154         8567.63         8687.63 
      0.0312784         7434.78         7478.37 
      0.0375637         6353.58         6341.79 
      0.0433917         5458.99         5513.93 
      0.0492413         4909.26         4923.28 
      0.0555754         4407.06         4491.72 
      0.0619321         4191.45         4174.19 
       0.067871         3832.82         3897.49 
      0.0738098         3530.79         3591.63 
      0.0800417         3153.55         3231.06 
      0.0862327         2821.19         2859.34 
      0.0921407         2527.87         2529.45 
      0.0982031          2236.5         2246.76 
       0.104506         2066.98         2026.65 
       0.110769         1910.45         1876.44 
       0.116806         1795.05         1777.27 
       0.122832         1722.72         1699.23 
       0.129052         1612.97         1618.31 
       0.135211         1523.84         1524.04 
       0.141259         1438.98         1415.78 
       0.147318         1336.95         1299.14 
       0.153489         1215.39         1183.97 
       0.159709         1132.32         1082.77 
       0.165845         1073.27         1003.58 
       0.171974         1006.74         945.049 
       0.178125         962.173         902.319 
       0.184229         927.285         868.671 
        0.19034         871.515         836.579 
       0.196428         853.336         801.113 
       0.202534         822.221          760.17 
       0.208729         775.281         714.476 
       0.214876         729.111         668.413 
       0.220989         700.063         625.657 
       0.227147         660.308         588.457 
        0.23329         631.954          558.27 
       0.239377         616.491         534.507 
       0.245482         577.259         514.981 
       0.251667         571.441         497.267 
       0.257832         551.775          479.59 
       0.263955         532.205         460.814 
       0.270079         511.728         440.651 
        0.27624         502.641         419.642 
       0.282372         481.182         399.156 
        0.28843         465.632         380.373 
       0.294538         443.559         363.601 
       0.300721         439.231         348.993 
        0.30691         418.974         336.406 
       0.313033         409.951         325.317 
       0.319153          395.39         314.866 
       0.325316         384.931          304.41 
        0.33145         372.679         293.777 
       0.337538          367.25         283.012 
       0.343633          354.75         272.264 
       0.349808         343.002         261.737 
       0.355968         338.111         251.918 
       0.362074         329.962         243.009 
       0.368217         320.961          234.91 
       0.374374         309.295          227.51 
       0.380519         305.115         220.635 
       0.386598         297.384          214.13 
       0.392688         294.016         207.729 
        0.39888         286.033         201.277 
       0.405048          279.43         194.913 
       0.411186         273.465         188.704 
       0.417313         268.093         182.739 
       0.423458         262.723         177.069 
       0.429607         256.872         171.737 
       0.435692         249.589         166.808 
       0.441815         247.691         162.147 
       0.447964         243.025         157.693 
       0.454126         233.508         153.395 
       0.460267         230.776         149.236 
       0.466387         227.901         145.179 
        0.47254         222.916         141.188 
       0.478662         221.525         137.332 
       0.484765         214.739         133.626 
       0.490885         211.733         130.061 
       0.497035         208.718         126.637 
       0.503198         203.514         123.371 
       0.509342         201.043         120.263 
       0.515458         198.268          117.29 
       0.521598         195.062         114.403 
       0.527764         192.131         111.588 
       0.533884          189.41         108.875 
           0.54         186.413         106.241 
       0.546137          185.15         103.674 
       0.552299         181.664         101.177 
       0.558452         178.964         98.7695 
       0.564573         175.976          96.463 
       0.570708         172.954         94.2381 
       0.576825         170.801         92.0994 
       0.582926         168.058         90.0365 
       0.589034         165.856         88.0331 
       0.595184         164.002         86.0738 
       0.601379          162.22         84.1572 
       0.607522         158.696         82.3124 
       0.613639         158.029         80.5297 
       0.619772         154.591         78.7958 
       0.625918         153.058         77.1104 
       0.632068          151.31         75.4745 
       0.638161         150.063         73.9018 
         0.6443         147.922         72.3642 
       0.650464         146.366         70.8663 
       0.656582         144.585          69.423 
       0.662703         142.568         68.0203 
       0.668861         140.569         66.6491 
       0.675024         138.989         65.3148 
       0.681124         138.041         64.0304 
       0.687237         135.588         62.7776 
       0.693381         133.811         61.5522 
       0.699536         132.773         60.3574 
       0.705665         132.872         59.1995 
       0.711789         129.665         58.0734 
       0.717957         129.214         56.9692 
        0.72409         127.345         55.9004 
       0.730186         125.321          54.866 
       0.736317         124.776         53.8526 
       0.742472         123.812         52.8614 
       0.748622         122.631         51.8965 
        0.75476         121.472          50.958 
       0.760888         119.757         50.0444 
       0.767043          118.98         49.1497 
       0.773185         117.686         48.2789 
       0.779291         116.212         47.4343 
       0.785407         115.492         46.6088 
       0.791564         114.366          45.798 
       0.797719         112.648          45.007 
       0.803834          112.16         44.2398 
       0.809972         110.626          43.488 
       0.816124         110.292         42.7521 
       0.822261          109.16         42.0353 
       0.828378         108.153         41.3373 
       0.834502         107.529         40.6547 
       0.840667         106.186         39.9832 
       0.846816         105.062         39.3289 
       0.852925         104.296         38.6935 
       0.859047         103.015         38.0709 
       0.865192          102.53         37.4601 
       0.871341         101.633         36.8624 
       0.877463         100.468         36.2805 
       0.883569         99.8103         35.7128 
       0.889708         99.1273         35.1544 
       0.895864         98.2692         34.6066 
       0.902008         97.4702         34.0717 
       0.908149          96.907         33.5486 
       0.914301         95.8831         33.0356 
       0.920448         95.2443          32.534 
       0.926574          94.521         32.0446 
       0.932687         94.2069         31.5664 
       0.938823         92.7395         31.0963 
       0.944975         92.0694         30.6347 
       0.951105         91.4713         30.1843 
       0.957225         90.3834         29.7437 
       0.963368         90.0037         29.3105 
       0.969511         89.6282          28.886 
       0.975621         89.1563         28.4723 
       0.981748          88.308         28.0656 
       0.987916         87.5083         27.6643 
        0.99406         86.9641         27.2725 
        1.00019         86.1953         26.8891 
        1.00632         85.7487         26.5134 
        1.01246          85.032         26.1445 
        1.01859         83.9196         25.7831 
        1.02471         84.1121         25.4292 
        1.03085         83.1977         25.0807 
        1.03698         82.6549         24.7395 
        1.04314          81.859         24.4032 
        1.04929         81.4088          24.074 
        1.05541         80.7205         23.7523 
        1.06154         80.4793         23.4357 
        1.06769          79.963         23.1244 
        1.07382         79.6006         22.8198 
        1.07993         79.0522         22.5214 
        1.08607         78.3669         22.2272 
        1.09222         77.9791         21.9379 
        1.09836         77.3948         21.6542 
        1.10449         76.9366         21.3758 
        1.11063         76.3675         21.1021 
        1.11677         75.9454         20.8332 
         1.1229          75.267         20.5696 
        1.12903         74.4612         20.3103 
        1.13518         74.7369         20.0552 
        1.14131         74.1625         19.8048 
        1.14745         73.3029         19.5587 
        1.15359         73.0824         19.3169 
        1.15973         72.5803          19.079 
        1.16584          72.086         18.8462 
        1.17197         71.6636         18.6171 
        1.17811         71.2941          18.391 
        1.18424         70.6724         18.1694 
        1.19038         70.2819         17.9508 
        1.19652         70.0337         17.7359 
        1.20267         69.4234         17.5245 
        1.20881         69.1032         17.3166 
        1.21495         68.5411         17.1125 
        1.22108         68.2043         16.9116 
         1.2272         67.6049         16.7145 
        1.23334         67.3531         16.5201 
        1.23949         67.0874         16.3284 
        1.24562         66.6655         16.1402 
        1.25174         66.3223         15.9553 
        1.25789         65.9934         15.7727 
        1.26402         65.5452         15.5934 
        1.27014         64.9095         15.4173 
        1.27628         64.7605         15.2434 
        1.28244         64.2286         15.0718 
        1.28858          63.971         14.9032 
        1.29471         63.7304         14.7375 
        1.30084         63.3112         14.5745 
        1.30697         62.8856         14.4138 
        1.31312          62.497         14.2552 
        1.31925         62.3391         14.0995 
        1.32537         62.0069         13.9464 
        1.33151         61.3967         13.7949 
        1.33765         61.1916         13.6458 
        1.34378         60.8125         13.4992 
        1.34992         60.4787         13.3547 
        1.35606         60.1502          13.212 
         1.3622         59.7015         13.0716 
        1.36833         59.5189         12.9336 
        1.37445         59.2529         12.7977 
        1.38059         58.7887         12.6633 
        1.38675         58.4826         12.5306 
        1.39288         58.1694         12.4002 
        1.39901         57.9852         12.2718 
        1.40515         57.6407          12.145 
         1.4113         57.3749           12.02 
        1.41742         57.1141         11.8972 
        1.42355         56.6719         11.7759 
         1.4297         56.4328          11.656 
        1.43585         56.1043         11.5377 
        1.44198         55.8566         11.4216 
        1.44809         55.6057         11.3073 
        1.45423         55.3479         11.1942 
        1.46036         55.0784         11.0828 
        1.46649         54.7436         10.9729 
        1.47263         54.3981         10.8644 
        1.47877         54.2481         10.7574 
        1.48491         54.0732         10.6517 
        1.49104          53.619         10.5476 
        1.49718         53.1778         10.4449 
        1.50333         53.0747         10.3433 
        1.50947         52.8246         10.2434 
         1.5156         52.5103         10.1449 
        1.52172         52.3307         10.0477 
        1.52787         52.1962         9.95154 
          1.534          51.838          9.8568 
        1.54013         51.5391         9.76339 
        1.54627         51.3547         9.67102 
        1.55241          50.992         9.57984 
        1.55855         50.7168         9.48997 
        1.56467         50.3249          9.4015 
         1.5708         50.3596         9.31392 
        1.57695         50.0612         9.22732 
        1.58308         49.7809         9.14202 
        1.58922         49.7503         9.05775 
        1.59535         49.4651         8.97458 
         1.6015         49.0132         8.89234 
        1.60764         48.8708         8.81117 
        1.61376         48.6303         8.73125 
        1.61989         48.2777         8.65225 
        1.62604         48.2023         8.57406 
        1.63218         48.0393         8.49689 
        1.63831         47.7536         8.42085 
        1.64444         47.4992         8.34571 
        1.65059          47.153         8.27131 
        1.65673         46.9858         8.19791 
        1.66285         46.7595          8.1256 
        1.66898         46.5182         8.05415 
        1.67512          46.286         7.98342 
        1.68127         46.0189         7.91347 
         1.6874         45.9305         7.84452 
        1.69353         45.6216         7.77643 
        1.69967         45.4224         7.70899 
        1.70581         45.3633         7.64238 
        1.71193         45.0848         7.57681 
        1.71806         44.7122         7.51188 
        1.72421         44.5954         7.44757 
        1.73035         44.3472          7.3841 
        1.73649         44.0251         7.32137 
        1.74262         43.9914         7.25943 
        1.74876           43.86         7.19817 
        1.75489         43.5528         7.13774 
        1.76101         43.3849         7.07802 
        1.76715         43.1549         7.01891 
        1.77329         42.9495          6.9604 
        1.77943          42.794         6.90254 
        1.78557         42.6095         6.84542 
        1.79171         42.3361         6.78894 
        1.79785         42.1512         6.73309 
        1.80399         42.0304         6.67788 
        1.81012         41.8469         6.62337 
        1.81625         41.4892         6.56949 
        1.82239         41.4006         6.51613 
        1.82853         41.0836         6.46339 
        1.83466         41.0275         6.41129 
        1.84078         40.6908         6.35982 
        1.84692         40.5783         6.30883 
        1.85306         40.3852         6.25834 
         1.8592         40.1801         6.20848 
        1.86533         40.0196          6.1592 
        1.87147         39.8896         6.11039 
        1.87761         39.7468          6.0621 
        1.88375         39.5088         6.01438 
        1.88988          39.462         5.96723 
        1.89601         39.1663         5.92056 
        1.90215         39.0224         5.87435 
        1.90829         38.9329         5.82866 
        1.91442         38.6804         5.78345 
        1.92056         38.5369         5.73876 
         1.9267         38.2391         5.69449 
        1.93284         38.0887         5.65067 
        1.93897         38.0005         5.60739 
        1.94509         37.7493         5.56466 
        1.95123         37.6655         5.52227 
        1.95737         37.4173         5.48029 
        1.96349         37.2717         5.43885 
        1.96964         37.1216         5.39773 
        1.97578         36.9681         5.35701 
        1.98192         36.7741          5.3168 
        1.98805         36.6435         5.27699 
        1.99419         36.3921         5.23759 
        2.00033         36.2615         5.19858 
        2.00647         36.1156         5.15997 
         2.0126         35.9556         5.12183 
        2.01874         35.8297         5.08401 
        2.02488         35.7249         5.04654 
        2.03101         35.4708         5.00952 
        2.03714         35.3282          4.9729 
        2.04328         35.1471         4.93661 
        2.04941         35.0179         4.90072 
        2.05554         34.8144         4.86521 
        2.06167          34.742            4.83 
        2.06781         34.5505         4.79514 
        2.07396         34.3913         4.76057 
        2.08009         34.2845          4.7264 
        2.08622         34.0897         4.69261 
        2.09237         33.9261         4.65908 
        2.09851         33.7568         4.62588 
        2.10464         33.6889         4.59305 
        2.11077         33.5001         4.56059 
        2.11691         33.3691         4.52836 
        2.12305         33.2039         4.49644 
        2.12918         33.1547         4.46491 
        2.13531         32.9331         4.43368 
        2.14145         32.8713         4.40268 
         2.1476          32.636         4.37194 
        2.15372         32.4715         4.34164 
        2.15985         32.3692          4.3116 
        2.16599         32.3302         4.28176 
        2.17213          32.202         4.25223 
        2.17827          31.914         4.22299 
         2.1844         31.8024         4.19406 
        2.19054         31.6578         4.16538 
        2.19666          31.552         4.13701 
         2.2028         31.4229         4.10888 
        2.20893          31.326           4.081 
        2.21508         31.1751         4.05335 
        2.22122         30.9708         4.02594 
        2.22736         30.9073         3.99885 
        2.23349         30.7726         3.97201 
        2.23962          30.603         3.94541 
        2.24577         30.4562         3.91902 
         2.2519          30.364         3.89292 
        2.25802         30.2252         3.86709 
        2.26417         30.1258         3.84143 
        2.27031         30.0311         3.81598 
        2.27644         29.8155         3.79083 
        2.28257         29.7218         3.76591 
        2.28872         29.5769         3.74117 
        2.29486         29.5224         3.71665 
        2.30099         29.3781         3.69241 
        2.30712         29.2652         3.66837 
        2.31326         29.1831         3.64451 
         2.3194         29.0298         3.62087 
        2.32553         28.8575         3.59748 
        2.33166         28.7375         3.57431 
         2.3378         28.6229         3.55131 
        2.34394         28.4673         3.52851 
        2.35007         28.3651         3.50594 
        2.35619         28.3126          3.4836 
        2.36233         28.2201         3.46139 
        2.36848         28.0034         3.43934 
        2.37462         27.9304         3.41752 
        2.38075         27.8142         3.39592 
        2.38689         27.7452         3.37448 
        2.39303         27.5711         3.35323 
        2.39916         27.4207         3.33219 
        2.40529         27.2916         3.31133 
        2.41143         27.2208         3.29063 
        2.41757         27.1255          3.2701 
         2.4237         26.9797         3.24978 
        2.42983         26.8884         3.22964 
        2.43598         26.7699         3.20961 
        2.44211         26.6542         3.18979 
        2.44823         26.5079         3.17018 
        2.45437         26.4533         3.15068 
        2.46052         26.3221         3.13133 
        2.46665         26.2533         3.11217 
        2.47279         26.1281         3.09319 
        2.47892          25.988         3.07434 
        2.48507         25.8952         3.05564 
         2.4912         25.8221         3.03713 
        2.49733         25.6889         3.01879 
        2.50347         25.5872         3.00056 
        2.50961         25.5041         2.98248 
        2.51575         25.4063         2.96456 
        2.52188         25.2622         2.94681 
        2.52802         25.2222         2.92919 
        2.53416         25.0928          2.9117 
        2.54029          24.925         2.89439 
        2.54641         24.8896         2.87723 
        2.55255         24.7847         2.86019 
        2.55869         24.6558         2.84326 
        2.56483         24.5767         2.82648 
        2.57096          24.486         2.80987 
        2.57709         24.3552         2.79338 
        2.58323         24.2179         2.77701 
        2.58937         24.1389         2.76076 
        2.59551          24.067         2.74467 
        2.60164          23.972          2.7287 
        2.60778          23.873         2.71285 
        2.61392         23.7793         2.69713 
        2.62006          23.677         2.68153 
        2.62619         23.5892         2.66608 
        2.63232         23.4586         2.65075 
        2.63846         23.3904         2.63552 
        2.64459         23.3206         2.62043 
        2.65072         23.2204         2.60546 
        2.65686         23.1317          2.5906 
          2.663         23.0274         2.57583 
        2.66915         22.9013         2.56118 
        2.67527         22.8244         2.54668 
        2.68141         22.7736         2.53228 
        2.68755         22.6326         2.51798 
        2.69368          22.539          2.5038 
        2.69981         22.4308         2.48976 
        2.70595         22.3815         2.47578 
        2.71209         22.2677         2.46191 
        2.71823          22.181         2.44817 
        2.72436         22.1288         2.43453 
         2.7305         22.0081         2.42099 
        2.73663          21.933         2.40756 
        2.74276         21.7858         2.39424 
         2.7489         21.7864         2.38101 
        2.75504         21.6753         2.36787 
        2.76118         21.5818         2.35483 
        2.76732         21.5052          2.3419 
        2.77345         21.4006         2.32907 
        2.77959         21.3194         2.31634 
        2.78572         21.2495          2.3037 
        2.79186         21.1533         2.29116 
        2.79798         21.0707         2.27873 
        2.80412         20.9946         2.26637 
        2.81027         20.8971         2.25408 
         2.8164         20.8263         2.24192 
        2.82253         20.7727         2.22984 
        2.82867         20.6455         2.21784 
        2.83481         20.5699         2.20594 
        2.84095         20.4807         2.19412 
        2.84708          20.439          2.1824 
        2.85322         20.2978         2.17075 
        2.85935         20.2752         2.15919 
        2.86549         20.2101         2.14772 
        2.87162         20.1037         2.13634 
        2.87776         20.0508         2.12504 
        2.88389         19.9276         2.11381 
        2.89003         19.8261         2.10267 
        2.89617         19.7814         2.09161 
        2.90231         19.7239         2.08063 
        2.90844         19.6399         2.06973 
        2.91458         19.5468         2.05891 
        2.92071         19.4681         2.04818 
        2.92684         19.3961         2.03751 
        2.93298         19.3153         2.02692 
         2.9391         19.2632         2.01643 
        2.94524          19.167         2.00599 
        2.95138         19.1021         1.99563 
        2.95752         19.0408         1.98532 
        2.96367         18.9437         1.97509 
         2.9698         18.8882         1.96495 
        2.97594         18.8229         1.95487 
        2.98207         18.7608         1.94487 
        2.98821         18.6591         1.93494 
        2.99434         18.5775         1.92508 
        3.00048         18.5443         1.91529 
        3.00662         18.4745         1.90556 
        3.01275         18.3659         1.89591 
        3.01888         18.3127         1.88633 
        3.02503         18.2323         1.87679 
        3.03117         18.1562         1.86733 
        3.03729         18.1093         1.85796 
        3.04342         18.0294         1.84864 
        3.04957         17.9696         1.83936 
         3.0557         17.8943         1.83017 
        3.06183         17.8307         1.82105 
        3.06796         17.7679         1.81198 
        3.07411         17.6904         1.80295 
        3.08025          17.613         1.79401 
        3.08637         17.5446         1.78514 
         3.0925         17.4455         1.77631 
        3.09865         17.4008         1.76753 
         3.1048          17.331         1.75882 
        3.11093         17.2756         1.75017 
        3.11706          17.221         1.74159 
         3.1232         17.1415         1.73306 
        3.12933         17.0821         1.72458 
        3.13547         17.0243         1.71617 
        3.14159         16.9572         1.70782 
        3.14773         16.8959         1.69952 
        3.15388         16.8244         1.69126 
        3.16001         16.7461         1.68307 
        3.16614         16.6844         1.67494 
        3.17228         16.6463         1.66685 
        3.17842         16.5785         1.65882 
        3.18455         16.5154         1.65085 
        3.19068         16.4506         1.64293 
        3.19682          16.394         1.63505 
        3.20297         16.3258         1.62723 
         3.2091          16.284         1.61946 
        3.21524         16.2251         1.61174 
        3.22138         16.1375         1.60407 
         3.2275         16.0879         1.59647 
        3.23363         16.0314         1.58891 
        3.23977         15.9758         1.58139 
        3.24591         15.9231         1.57392 
        3.25205         15.8205          1.5665 
        3.25818         15.7606         1.55913 
        3.26432         15.7296          1.5518 
        3.27046         15.6533         1.54453 
         3.2766         15.5982          1.5373 
        3.28273          15.554         1.53011 
        3.28887         15.4828         1.52298 
          3.295         15.4351         1.51589 
        3.30113         15.3788         1.50885 
        3.30727         15.3382         1.50185 
        3.31341         15.2676          1.4949 
        3.31954         15.1869         1.48799 
        3.32568         15.1376         1.48112 
        3.33182         15.1012         1.47429 
        3.33795         15.0273         1.46752 
        3.34409         14.9872         1.46078 
        3.35022          14.922         1.45408 
        3.35636         14.8758         1.44743 
         3.3625         14.8104         1.44082 
        3.36864         14.7637         1.43425 
        3.37477         14.7094         1.42772 
        3.38091         14.6573         1.42124 
        3.38704         14.5967         1.41479 
        3.39318         14.5429         1.40838 
        3.39931         14.4924         1.40202 
        3.40545          14.428         1.39569 
        3.41158         14.3791          1.3894 
        3.41772         14.3321         1.38316 
        3.42385         14.2843         1.37695 
        3.42998         14.2137         1.37078 
        3.43612         14.1612         1.36465 
        3.44226         14.1239         1.35855 
         3.4484         14.0707         1.35248 
        3.45453         14.0204         1.34647 
        3.46066         13.9651         1.34049 
        3.46681         13.8998         1.33453 
        3.47295          13.875         1.32861 
        3.47908         13.8254         1.32275 
        3.48521         13.7764         1.31691 
        3.49135          13.708          1.3111 
        3.49749         13.6652         1.30533 
        3.50362          13.614          1.2996 
        3.50976         13.5644          1.2939 
        3.51589         13.5029         1.28824 
        3.52203         13.4643         1.28261 
        3.52816         13.3991         1.27702 
        3.53429         13.3683         1.27146 
        3.54043         13.3241         1.26592 
        3.54657         13.2693         1.26042 
        3.55271         13.2378         1.25496 
        3.55884         13.1716         1.24953 
        3.56498         13.1199         1.24413 
        3.57112         13.0719         1.23876 
        3.57725         13.0437         1.23342 
        3.58338         12.9794         1.22813 
        3.58952         12.9264         1.22285 
        3.59566         12.8806         1.21761 
         3.6018         12.8437         1.21239 
        3.60793         12.8028         1.20722 
        3.61407         12.7563         1.20207 
        3.62021         12.7125         1.19695 
        3.62634         12.6626         1.19186 
        3.63247         12.6242         1.18681 
        3.63861         12.5818         1.18178 
        3.64475         12.5313         1.17677 
        3.65089         12.4785          1.1718 
        3.65702          12.436         1.16687 
        3.66316         12.3856         1.16195 
        3.66929         12.3545         1.15707 
        3.67543          12.305         1.15221 
        3.68156         12.2695         1.14739 
        3.68769         12.2194         1.14259 
        3.69383         12.1837         1.13781 
        3.69997         12.1376         1.13306 
        3.70611         12.0796         1.12835 
        3.71224         12.0481         1.12366 
        3.71838         11.9926         1.11899 
        3.72451         11.9698         1.11435 
        3.73065         11.9305         1.10975 
        3.73678         11.8809         1.10516 
        3.74292         11.8288          1.1006 
        3.74906         11.7829         1.09607 
        3.75519         11.7571         1.09156 
        3.76133         11.7137         1.08708 
        3.76746         11.6633         1.08262 
         3.7736         11.6458         1.07819 
        3.77974         11.5951         1.07379 
        3.78588         11.5475          1.0694 
        3.79201         11.5115         1.06504 
        3.79814         11.4723         1.06071 
        3.80428         11.4415         1.05641 
        3.81042         11.3883         1.05212 
        3.81655         11.3554         1.04786 
        3.82268          11.308         1.04362 
        3.82882         11.2751         1.03941 
        3.83496         11.2324         1.03522 
        3.84109         11.1958         1.03105 
        3.84723         11.1635         1.02691 
        3.85337         11.1097         1.02278 
        3.85951         11.0748         1.01868 
        3.86565         11.0475         1.01461 
        3.87178         11.0042         1.01056 
        3.87791         10.9582         1.00653 
        3.88405         10.9238         1.00252 
        3.89019         10.8907         0.99853 
        3.89632         10.8469        0.994566 
        3.90246         10.8048        0.990621 
         3.9086         10.7718        0.986697 
        3.91473         10.7459        0.982799 
        3.92086         10.7045        0.978925 
        3.92699         10.6675        0.975067 
        3.93313         10.6342        0.971226 
        3.93927         10.5941        0.967411 
         3.9454         10.5463        0.963615 
        3.95154         10.5282        0.959837 
        3.95768         10.4888         0.95608 
        3.96382         10.4445        0.952345 
        3.96995         10.4089        0.948629 
        3.97609         10.3727        0.944934 
        3.98222         10.3438        0.941262 
        3.98836          10.301        0.937605 
         3.9945          10.269        0.933969 
        4.00063          10.238        0.930354 
        4.00677         10.2015        0.926754 
        4.01291         10.1809        0.923174 
        4.01904         10.1342        0.919619 
        4.02517         10.1067        0.916082 
        4.03131          10.063        0.912557 
        4.03745         10.0255        0.909052 
        4.04358         9.98855        0.905569 
        4.04972         9.96734        0.902104 
        4.05585          9.9268        0.898656 
        4.06199         9.89683        0.895226 
        4.06812         9.86612        0.891815 
        4.07426          9.8301        0.888422 
         4.0804         9.79736        0.885043 
        4.08654         9.76729        0.881683 
        4.09267         9.73024        0.878344 
         4.0988         9.69404        0.875025 
        4.10494         9.66328        0.871719 
        4.11108         9.63871        0.868428 
        4.11721          9.6016        0.865158 
        4.12334         9.56542        0.861905 
        4.12948         9.53168        0.858668 
        4.13561         9.50657        0.855445 
        4.14176         9.47799        0.852238 
        4.14789         9.44457        0.849048 
        4.15403         9.41464        0.845878 
        4.16016         9.38265        0.842722 
         4.1663         9.35323        0.839583 
        4.17243         9.32184        0.836462 
        4.17857         9.29172        0.833353 
        4.18471         9.24947        0.830261 
        4.19084         9.23802        0.827185 
        4.19698         9.18509        0.824126 
        4.20312         9.17277         0.82108 
        4.20925         9.13782        0.818052 
        4.21538         9.09817        0.815041 
        4.22152         9.07678        0.812041 
        4.22766         9.04897        0.809056 
         4.2338         9.01471        0.806089 
        4.23993         8.99754        0.803136 
        4.24607         8.96455        0.800198 
         4.2522         8.92057        0.797274 
        4.25834         8.88758        0.794364 
        4.26447         8.87888        0.791472 
        4.27061         8.83972        0.788593 
        4.27674         8.81193        0.785727 
        4.28288         8.79362        0.782874 
        4.28902         8.75941        0.780037 
        4.29515          8.7271        0.777216 
        4.30129         8.69678        0.774407 
        4.30743         8.66746         0.77161 
        4.31356         8.64432        0.768828 
        4.31969         8.61938        0.766064 
        4.32583         8.60051        0.763312 
        4.33197          8.5637        0.760569 
         4.3381         8.52618        0.757842 
        4.34424         8.50612         0.75513 
        4.35038         8.48369        0.752427 
        4.35652         8.45148         0.74974 
        4.36265         8.42969        0.747069 
        4.36878         8.38607        0.744409 
        4.37492         8.36951         0.74176 
        4.38106         8.35544        0.739124 
        4.38719         8.32435        0.736505 
        4.39333         8.30121        0.733898 
        4.39946         8.26156        0.731302 
         4.4056         8.23754        0.728719 
        4.41173          8.2068        0.726148 
        4.41786         8.18787        0.723593 
          4.424         8.16735        0.721047 
        4.43014         8.13681         0.71851 
        4.43628         8.10728        0.715987 
        4.44241         8.09158        0.713479 
        4.44855          8.0636        0.710981 
        4.45469         8.03241        0.708494 
        4.46083         8.01453        0.706022 
        4.46696         7.98423        0.703563 
        4.47309         7.95142        0.701113 
        4.47923         7.93644        0.698674 
        4.48537         7.90721        0.696249 
         4.4915         7.89022        0.693835 
        4.49764         7.85552        0.691431 
        4.50378         7.83521        0.689038 
        4.50991         7.80552         0.68666 
        4.51604         7.78245        0.684293 
        4.52218         7.75886        0.681932 
        4.52832         7.73513        0.679586 
        4.53445         7.71518        0.677252 
        4.54059         7.68673        0.674928 
        4.54673         7.66194        0.672614 
        4.55286         7.63763         0.67031 
          4.559         7.61536        0.668019 
        4.56513         7.59771         0.66574 
        4.57127         7.57499        0.663469 
        4.57741         7.55541        0.661209 
        4.58354          7.5271         0.65896 
        4.58968         7.50972        0.656722 
        4.59582         7.47905        0.654493 
        4.60195         7.46431        0.652276 
        4.60809         7.43229         0.65007 
        4.61422          7.4066        0.647873 
        4.62036         7.38857        0.645687 
        4.62649         7.36602         0.64351 
        4.63263         7.34669        0.641344 
        4.63876         7.32384        0.639187 
         4.6449         7.29616         0.63704 
        4.65104         7.27288        0.634903 
        4.65717         7.25265        0.632778 
        4.66331         7.22964        0.630661 
        4.66944         7.20999        0.628553 
        4.67558         7.19342        0.626458 
        4.68171         7.17072        0.624369 
        4.68785         7.15397        0.622289 
        4.69399          7.1234         0.62022 
        4.70012         7.10598        0.618163 
        4.70625         7.08263        0.616114 
        4.71239         7.06174        0.614072 
        4.71853         7.04449         0.61204 
        4.72467         7.01828        0.610017 
         4.7308         6.99605        0.608005 
        4.73694          6.9808        0.606001 
        4.74308         6.95846        0.604006 
        4.74922         6.94102        0.602019 
        4.75535         6.91956        0.600044 
        4.76148          6.8974        0.598077 
        4.76762         6.87789        0.596116 
        4.77376         6.85032        0.594166 
        4.77989         6.83987        0.592226 
        4.78602         6.81744        0.590294 
        4.79216         6.79715        0.588368 
         4.7983         6.77788        0.586453 
        4.80443         6.76396        0.584548 
        4.81056         6.73652         0.58265 
         4.8167         6.71351        0.580758 
        4.82284         6.69392        0.578876 
        4.82898         6.68625        0.577003 
        4.83511         6.66681        0.575139 
        4.84125         6.65162        0.573281 
        4.84739         6.62799        0.571433 
        4.85352          6.6073        0.569594 
        4.85965         6.58923        0.567762 
        4.86579         6.57137        0.565938 
        4.87193         6.55656        0.564121 
        4.87807         6.53152        0.562313 
         4.8842         6.51889        0.560513 
        4.89034         6.49317        0.558721 
        4.89647         6.47398        0.556937 
        4.90261         6.45945        0.555161 
        4.90874         6.43921        0.553393 
        4.91488         6.42103        0.551632 
        4.92102         6.40032        0.549878 
        4.92715         6.38814        0.548133 
        4.93329         6.37346        0.546396 
        4.93942         6.35305        0.544664 
        4.94556         6.33331        0.542941 
         4.9517         6.31165        0.541226 
        4.95783         6.29831        0.539518 
        4.96397         6.28363        0.537817 
        4.97011         6.26302        0.536124 
        4.97624         6.25033        0.534438 
        4.98238         6.23144        0.532761 
        4.98851         6.21272         0.53109 
        4.99465         6.19233        0.529425 
        5.00078         6.17991        0.527769 
        5.00691         6.16539         0.52612 
        5.01305         6.14026        0.524478 
        5.01919         6.13362        0.522841 
        5.02533         6.11028        0.521212 
        5.03146         6.09448        0.519591 
         5.0376         6.08281        0.517977 
        5.04374         6.06503        0.516368 
        5.04987         6.04772        0.514767 
        5.05601         6.03152        0.513173 
        5.06215         6.02138        0.511585 
        5.06829          5.9967        0.510003 
        5.07442         5.99053         0.50843 
        5.08055          5.9634        0.506865 
        5.08668         5.94834        0.505304 
        5.09282         5.93852        0.503749 
        5.09896         5.91834        0.502202 
        5.10509         5.90936        0.500662 
        5.11123         5.88991        0.499128 
        5.11736         5.87408          0.4976 
         5.1235         5.86242        0.496078 
        5.12964         5.83996        0.494563 
        5.13577         5.83279        0.493053 
        5.14191         5.81687        0.491551 
        5.14804         5.79856        0.490056 
        5.15418         5.78345        0.488566 
        5.16032         5.77334        0.487082 
        5.16645         5.75939        0.485604 
        5.17259         5.74705        0.484133 
        5.17872          5.7264        0.482668 
        5.18486         5.71718        0.481208 
          5.191         5.69802        0.479755 
        5.19713         5.68539        0.478308 
        5.20327         5.66901        0.476868 
        5.20941         5.65373        0.475432 
        5.21555         5.64374        0.474001 
        5.22168         5.62825        0.472579 
        5.22781          5.6081        0.471162 
        5.23395         5.59892        0.469751 
        5.24009         5.58491        0.468344 
        5.24622         5.57116        0.466944 
        5.25236          5.5571        0.465551 
         5.2585         5.54057        0.464161 
        5.26463         5.52535        0.462778 
        5.27077         5.51835        0.461401 
         5.2769         5.50329         0.46003 
        5.28304         5.48944        0.458664 
        5.28917         5.47795        0.457304 
         5.2953         5.46583         0.45595 
        5.30144         5.45394        0.454601 
        5.30757         5.44235        0.453257 
        5.31371         5.42952        0.451918 
        5.31985         5.41427        0.450584 
        5.32599         5.40162        0.449256 
        5.33213         5.38361        0.447933 
        5.33826         5.37345        0.446616 
         5.3444         5.36708        0.445305 
        5.35053          5.3541        0.443998 
        5.35667         5.34107        0.442697 
        5.36281         5.32827          0.4414 
        5.36894          5.3131         0.44011 
        5.37507         5.30366        0.438825 
        5.38121         5.28761        0.437544 
        5.38735         5.27951        0.436268 
        5.39348         5.26643        0.434999 
        5.39961         5.25922        0.433734 
        5.40575         5.24999        0.432473 
        5.41189         5.23183        0.431217 
        5.41803         5.22314        0.429967 
        5.42416         5.20801        0.428722 
         5.4303         5.20237        0.427481 
        5.43644         5.18861        0.426246 
        5.44257         5.17842        0.425016 
        5.44871         5.16503         0.42379 
        5.45484         5.15485        0.422569 
        5.46098          5.1458        0.421353 
        5.46712         5.12973        0.420141 
        5.47325         5.12334        0.418935 
        5.47938         5.11091        0.417735 
        5.48552          5.0998        0.416538 
        5.49165         5.08781        0.415346 
        5.49779         5.07974        0.414159 
        5.50393         5.06776        0.412975 
        5.51006          5.0561        0.411796 
         5.5162         5.04611        0.410623 
        5.52234         5.03535        0.409454 
        5.52847         5.02812        0.408289 
        5.53461         5.01802        0.407129 
        5.54075         5.00495        0.405974 
        5.54688         4.99889        0.404823 
        5.55302         4.98518        0.403676 
        5.55915         4.97534        0.402534 
        5.56529         4.96545        0.401397 
        5.57143         4.95964        0.400264 
        5.57756         4.95003        0.399135 
         5.5837         4.93911        0.398011 
        5.58983         4.93037        0.396891 
        5.59597         4.92074        0.395776 
         5.6021         4.91523        0.394664 
        5.60824         4.90344        0.393557 
        5.61438         4.89408        0.392454 
        5.62051         4.88501        0.391356 
        5.62665         4.87743        0.390261 
        5.63278         4.86929        0.389171 
        5.63892         4.85937        0.388085 
        5.64505         4.84906        0.387004 
        5.65119         4.84012        0.385926 
        5.65733         4.83259        0.384853 
        5.66346         4.82112        0.383784 
         5.6696         4.81217        0.382718 
        5.67573         4.80531        0.381657 
        5.68187         4.79595          0.3806 
          5.688         4.78737        0.379547 
        5.69414         4.78301        0.378498 
        5.70028         4.77778        0.377452 
        5.70642         4.76939        0.376411 
        5.71255         4.75845        0.375374 
        5.71869         4.75424        0.374341 
        5.72482         4.74308        0.373312 
        5.73096         4.73546        0.372286 
        5.73709         4.72874        0.371265 
        5.74322         4.71581        0.370248 
        5.74936         4.71223        0.369234 
         5.7555         4.70856        0.368223 
        5.76164         4.70026        0.367217 
        5.76777         4.69323        0.366215 
        5.77391         4.68289        0.365216 
        5.78005         4.67639        0.364221 
        5.78618         4.66792         0.36323 
        5.79231         4.66587        0.362244 
        5.79845         4.65374        0.361259 
        5.80459         4.64544        0.360278 
        5.81073         4.64331        0.359302 
        5.81686         4.63396         0.35833 
          5.823         4.62909        0.357361 
        5.82914         4.62425        0.356395 
        5.83527         4.61597        0.355434 
         5.8414         4.60842        0.354476 
        5.84754         4.60525        0.353521 
        5.85368         4.59815        0.352569 
        5.85981         4.58851        0.351622 
        5.86595         4.58416        0.350678 
        5.87208         4.58201        0.349737 
        5.87822         4.57412          0.3488 
        5.88435         4.57088        0.347867 
        5.89049         4.56065        0.346937 
        5.89662         4.55754         0.34601 
        5.90276         4.55279        0.345086 
         5.9089         4.54566        0.344166 
        5.91503         4.54138         0.34325 
        5.92117         4.53413        0.342336 
        5.92731          4.5271        0.341426 
        5.93344         4.52392        0.340519 
        5.93958         4.51546        0.339616 
        5.94572         4.51484        0.338716 
        5.95186         4.51413        0.337819 
        5.95799         4.50611        0.336926 
        5.96412         4.50012        0.336036 
        5.97026         4.49549        0.335149 
         5.9764         4.48949        0.334266 
        5.98253         4.48566        0.333386 
        5.98866         4.48522        0.332509 
         5.9948         4.47487        0.331634 
        6.00094         4.47377        0.330764 
        6.00707         4.46674        0.329896 
        6.01321         4.46383        0.329031 
        6.01935         4.45847         0.32817 
        6.02548         4.45393        0.327312 
        6.03162         4.45116        0.326457 
        6.03775         4.45092        0.325605 
        6.04389         4.44572        0.324756 
        6.05003         4.44078        0.323909 
        6.05617         4.43513        0.323066 
         6.0623         4.43719        0.322226 
        6.06844         4.42986        0.321389 
        6.07457         4.42741        0.320555 
         6.0807           4.423        0.319725 
        6.08684         4.41928        0.318897 
        6.09298         4.41874        0.318072 
        6.09912         4.41518        0.317249 
        6.10525         4.41121         0.31643 
        6.11138         4.41099        0.315614 
        6.11752          4.4074        0.314801 
        6.12366         4.40648         0.31399 
        6.12979         4.39982        0.313183 
        6.13593         4.39971        0.312379 
        6.14207         4.39693        0.311576 
         6.1482         4.39436        0.310777 
        6.15434         4.39415        0.309981 
        6.16047         4.38685        0.309188 
        6.16661         4.38899        0.308397 
        6.17274         4.38631        0.307609 
        6.17887         4.38336        0.306825 
        6.18501         4.38199        0.306042 
        6.19115         4.38296        0.305262 
        6.19729         4.37701        0.304485 
        6.20342         4.38077        0.303711 
        6.20956         4.37858         0.30294 
         6.2157         4.37615         0.30217 
        6.22183          4.3757        0.301404 
        6.22797         4.37494        0.300641 
         6.2341         4.37284        0.299881 
        6.24024         4.37371        0.299122 
        6.24638         4.36928        0.298366 
        6.25251         4.37034        0.297614 
        6.25865         4.36956        0.296863 
        6.26478         4.37066        0.296115 
        6.27092         4.37259        0.295371 
        6.27705         4.36824        0.294628 
        6.28318         4.37011        0.293889 
