# k  (h/Mpc)    Pcb(k)  (Mpc/h)^3    Pcb_linear(k)  (Mpc/h)^3
     0.00783031         536.814         541.825 
       0.013688         665.097         666.973 
       0.019231         672.373         672.689 
      0.0249154         616.317         618.902 
      0.0312784         532.819         532.938 
      0.0375637         453.134          452.03 
      0.0433917         393.026         393.068 
      0.0492413         351.568         350.994 
      0.0555754         319.443          320.25 
      0.0619321         298.644         297.627 
       0.067871          277.25         277.909 
      0.0738098         255.414         256.108 
      0.0800417         229.397         230.404 
      0.0862327         203.667         203.901 
      0.0921407         180.498         180.379 
      0.0982031         160.099         160.222 
       0.104506         145.276         144.528 
       0.110769         134.388         133.817 
       0.116806          126.68         126.746 
       0.122832         121.462         121.181 
       0.129052          115.18         115.411 
       0.135211         108.429         108.689 
       0.141259         101.115         100.969 
       0.147318         93.1372         92.6512 
       0.153489         84.7383         84.4378 
       0.159709         77.6216         77.2206 
       0.165845         72.4215         71.5731 
       0.171974         67.7753         67.3992 
       0.178125         64.8095         64.3518 
       0.184229         62.4978         61.9523 
        0.19034         59.7538         59.6637 
       0.196428         57.5088         57.1344 
       0.202534         54.9217         54.2144 
       0.208729         51.4693         50.9557 
       0.214876         48.0425         47.6706 
       0.220989         45.3447         44.6214 
       0.227147         42.3985         41.9684 
        0.23329         40.2648         39.8154 
       0.239377         38.6581         38.1208 
       0.245482         37.0578         36.7282 
       0.251667         36.0427         35.4649 
       0.257832         34.7029         34.2042 
       0.263955          33.395         32.8651 
       0.270079         31.9744         31.4271 
        0.27624         30.6621         29.9288 
       0.282372         29.2121         28.4678 
        0.28843         27.7617         27.1282 
       0.294538         26.5707          25.932 
       0.300721         25.6771         24.8901 
        0.30691          24.613         23.9925 
       0.313033         23.8393         23.2016 
       0.319153         22.8779         22.4563 
       0.325316         22.4129         21.7105 
        0.33145         21.5979         20.9522 
       0.337538          20.842         20.1845 
       0.343633         20.0182         19.4179 
       0.349808           19.34         18.6671 
       0.355968         18.6475         17.9668 
       0.362074         17.9851         17.3314 
       0.368217          17.422         16.7539 
       0.374374         16.8235         16.2261 
       0.380519         16.3917         15.7358 
       0.386598         15.9515         15.2719 
       0.392688         15.5382         14.8153 
        0.39888         15.0425         14.3551 
       0.405048          14.612         13.9013 
       0.411186         14.1863         13.4585 
       0.417313         13.7025          13.033 
       0.423458         13.3269         12.6286 
       0.429607         12.9105         12.2484 
       0.435692         12.5429         11.8968 
       0.441815         12.2293         11.5644 
       0.447964         11.9739         11.2467 
       0.454126         11.5762         10.9402 
       0.460267         11.3011         10.6436 
       0.466387         10.9604         10.3543 
        0.47254         10.7215         10.0696 
       0.478662         10.4744          9.7946 
       0.484765         10.1615         9.53026 
       0.490885         9.90786           9.276 
       0.497035         9.74325         9.03186 
       0.503198         9.46899         8.79889 
       0.509342         9.24502         8.57723 
       0.515458         9.01322         8.36519 
       0.521598         8.81833         8.15927 
       0.527764         8.58925         7.95853 
       0.533884          8.4359         7.76502 
           0.54         8.23053         7.57717 
       0.546137         8.05854          7.3941 
       0.552299         7.88547         7.21601 
       0.558452         7.66066         7.04431 
       0.564573         7.53137          6.8798 
       0.570708         7.36926         6.72112 
       0.576825         7.18363         6.56859 
       0.582926         7.05618         6.42146 
       0.589034         6.85793         6.27858 
       0.595184         6.73799         6.13884 
       0.601379         6.58954         6.00215 
       0.607522          6.4861         5.87058 
       0.613639         6.38402         5.74344 
       0.619772         6.20925         5.61977 
       0.625918         6.12182         5.49957 
       0.632068         6.01927         5.38289 
       0.638161         5.87414         5.27073 
         0.6443         5.75376         5.16107 
       0.650464         5.62809         5.05424 
       0.656582         5.55816          4.9513 
       0.662703         5.45158         4.85126 
       0.668861         5.36103         4.75346 
       0.675024         5.24483          4.6583 
       0.681124         5.14177         4.56669 
       0.687237         5.06691         4.47734 
       0.693381         4.97972         4.38995 
       0.699536         4.84875         4.30474 
       0.705665         4.77872         4.22216 
       0.711789         4.70253         4.14184 
       0.717957          4.6133         4.06309 
        0.72409         4.53401         3.98686 
       0.730186         4.45885         3.91308 
       0.736317         4.41189         3.84081 
       0.742472         4.33477         3.77012 
       0.748622         4.25047          3.7013 
        0.75476         4.16364         3.63436 
       0.760888         4.10243          3.5692 
       0.767043         4.05486         3.50539 
       0.773185         3.96875         3.44329 
       0.779291         3.92062         3.38305 
       0.785407          3.8538         3.32418 
       0.791564          3.7964         3.26635 
       0.797719         3.73954         3.20993 
       0.803834         3.69186         3.15522 
       0.809972         3.63665          3.1016 
       0.816124          3.5671         3.04911 
       0.822261         3.50376         2.99799 
       0.828378          3.4606         2.94821 
       0.834502         3.42442         2.89952 
       0.840667         3.35037         2.85163 
       0.846816         3.29955         2.80497 
       0.852925          3.2698         2.75965 
       0.859047          3.2212         2.71525 
       0.865192         3.17583         2.67168 
       0.871341         3.13446         2.62905 
       0.877463         3.09362         2.58756 
       0.883569         3.03686         2.54707 
       0.889708         2.99162         2.50724 
       0.895864         2.95461         2.46817 
       0.902008         2.90789         2.43003 
       0.908149          2.8751         2.39271 
       0.914301         2.82048         2.35613 
       0.920448         2.78682         2.32035 
       0.926574         2.74642         2.28545 
       0.932687         2.71364         2.25134 
       0.938823         2.68584         2.21781 
       0.944975         2.64755         2.18489 
       0.951105         2.61629         2.15277 
       0.957225           2.595         2.12135 
       0.963368         2.55548         2.09045 
       0.969511         2.51709         2.06018 
       0.975621         2.47876         2.03067 
       0.981748         2.45693         2.00166 
       0.987916         2.42299         1.97304 
        0.99406         2.38409          1.9451 
        1.00019         2.36238         1.91775 
        1.00632         2.32988         1.89096 
        1.01246         2.30283         1.86464 
        1.01859          2.2769         1.83888 
        1.02471         2.24564         1.81363 
        1.03085         2.22275         1.78877 
        1.03698         2.19109         1.76444 
        1.04314         2.16975         1.74046 
        1.04929         2.14036         1.71698 
        1.05541         2.11756         1.69403 
        1.06154         2.09178         1.67145 
        1.06769         2.07007         1.64925 
        1.07382         2.04361         1.62753 
        1.07993         2.01353         1.60625 
        1.08607         2.00253         1.58526 
        1.09222           1.974         1.56463 
        1.09836          1.9593          1.5444 
        1.10449         1.93577         1.52454 
        1.11063         1.90805         1.50502 
        1.11677         1.88631         1.48584 
         1.1229         1.86654         1.46704 
        1.12903         1.84362         1.44855 
        1.13518         1.82905         1.43036 
        1.14131         1.80277         1.41249 
        1.14745         1.77349         1.39495 
        1.15359         1.76486          1.3777 
        1.15973         1.73763         1.36073 
        1.16584         1.73109         1.34413 
        1.17197         1.70919         1.32778 
        1.17811         1.69273         1.31166 
        1.18424         1.67924         1.29585 
        1.19038         1.65687         1.28026 
        1.19652         1.63809         1.26494 
        1.20267          1.6264         1.24986 
        1.20881         1.60339         1.23504 
        1.21495         1.59207         1.22048 
        1.22108         1.57586         1.20615 
         1.2272         1.56413         1.19209 
        1.23334         1.54334         1.17823 
        1.23949         1.52637         1.16455 
        1.24562         1.51521         1.15113 
        1.25174         1.49831         1.13795 
        1.25789         1.48485         1.12493 
        1.26402         1.46513         1.11213 
        1.27014          1.4517         1.09957 
        1.27628         1.44512         1.08717 
        1.28244         1.42322         1.07494 
        1.28858         1.41216         1.06291 
        1.29471         1.39879         1.05109 
        1.30084         1.38351         1.03947 
        1.30697         1.37268           1.028 
        1.31312         1.35253         1.01669 
        1.31925         1.34606         1.00559 
        1.32537         1.33367        0.994667 
        1.33151         1.32282        0.983866 
        1.33765         1.30783        0.973233 
        1.34378         1.29304        0.962778 
        1.34992         1.28718         0.95247 
        1.35606         1.27007        0.942291 
         1.3622         1.26202         0.93228 
        1.36833         1.24945        0.922438 
        1.37445         1.23489        0.912744 
        1.38059         1.22553         0.90316 
        1.38675         1.22213        0.893691 
        1.39288         1.20507        0.884397 
        1.39901         1.19421        0.875239 
        1.40515         1.18484         0.86619 
         1.4113          1.1735        0.857274 
        1.41742          1.1633        0.848518 
        1.42355          1.1591        0.839868 
         1.4297         1.14259        0.831313 
        1.43585         1.13451        0.822882 
        1.44198         1.12929        0.814599 
        1.44809         1.11366        0.806447 
        1.45423         1.10548        0.798377 
        1.46036          1.0965        0.790433 
        1.46649         1.08699        0.782594 
        1.47263         1.07718        0.774855 
        1.47877          1.0668        0.767225 
        1.48491         1.05841        0.759686 
        1.49104         1.04954        0.752265 
        1.49718         1.04366        0.744937 
        1.50333         1.03262        0.737696 
        1.50947         1.02654        0.730566 
         1.5156         1.01647        0.723541 
        1.52172         1.00823        0.716608 
        1.52787        0.999045        0.709753 
          1.534        0.993449        0.702996 
        1.54013        0.982048        0.696334 
        1.54627        0.974272        0.689746 
        1.55241        0.966174        0.683243 
        1.55855        0.959027        0.676833 
        1.56467        0.953882        0.670524 
         1.5708         0.94274        0.664277 
        1.57695        0.938695        0.658101 
        1.58308        0.930944        0.652017 
        1.58922        0.922937        0.646007 
        1.59535        0.916092        0.640075 
         1.6015        0.909108         0.63421 
        1.60764          0.9031        0.628421 
        1.61376        0.894141         0.62272 
        1.61989        0.888726        0.617086 
        1.62604        0.880957         0.61151 
        1.63218          0.8768        0.606006 
        1.63831         0.86775        0.600582 
        1.64444        0.861091        0.595223 
        1.65059        0.855971        0.589918 
        1.65673          0.8482        0.584682 
        1.66285        0.841849        0.579525 
        1.66898        0.838317        0.574429 
        1.67512        0.828878        0.569384 
        1.68127        0.823038        0.564396 
         1.6874        0.819588        0.559478 
        1.69353        0.811268        0.554622 
        1.69967        0.805358        0.549812 
        1.70581        0.801007        0.545062 
        1.71193        0.794454        0.540385 
        1.71806        0.789667        0.535754 
        1.72421        0.783287        0.531168 
        1.73035        0.776695         0.52664 
        1.73649         0.77312        0.522167 
        1.74262        0.767377        0.517749 
        1.74876        0.760974         0.51338 
        1.75489        0.754776         0.50907 
        1.76101        0.749696        0.504811 
        1.76715         0.74501        0.500595 
        1.77329        0.740262        0.496422 
        1.77943        0.734034        0.492296 
        1.78557        0.728953        0.488222 
        1.79171        0.725313        0.484194 
        1.79785        0.719588         0.48021 
        1.80399         0.71475        0.476273 
        1.81012        0.710823        0.472385 
        1.81625        0.704821        0.468542 
        1.82239        0.701126        0.464736 
        1.82853        0.693216        0.460975 
        1.83466        0.690435        0.457259 
        1.84078        0.684897        0.453588 
        1.84692         0.68214        0.449952 
        1.85306        0.677133        0.446351 
         1.8592        0.673395        0.442795 
        1.86533        0.668389         0.43928 
        1.87147        0.663895        0.435799 
        1.87761        0.659779        0.432354 
        1.88375         0.65326        0.428951 
        1.88988        0.651109        0.425588 
        1.89601        0.645754         0.42226 
        1.90215        0.642433        0.418964 
        1.90829        0.637303        0.415705 
        1.91442        0.633217        0.412481 
        1.92056         0.62988        0.409293 
         1.9267        0.624982        0.406136 
        1.93284        0.622329        0.403011 
        1.93897        0.617929        0.399924 
        1.94509        0.614014        0.396877 
        1.95123        0.609349        0.393853 
        1.95737         0.60625        0.390859 
        1.96349        0.601445        0.387904 
        1.96964        0.598347        0.384971 
        1.97578         0.59422        0.382067 
        1.98192         0.59214        0.379199 
        1.98805        0.586972         0.37636 
        1.99419        0.583945         0.37355 
        2.00033        0.581408        0.370767 
        2.00647          0.5766        0.368014 
         2.0126        0.573207        0.365293 
        2.01874        0.570126        0.362596 
        2.02488        0.567187        0.359924 
        2.03101        0.562048        0.357283 
        2.03714        0.558362        0.354672 
        2.04328        0.556692        0.352084 
        2.04941        0.552872        0.349524 
        2.05554        0.549195        0.346991 
        2.06167        0.546025         0.34448 
        2.06781        0.541704        0.341994 
        2.07396        0.538294        0.339528 
        2.08009        0.535848        0.337091 
        2.08622        0.532446        0.334681 
        2.09237        0.531039         0.33229 
        2.09851        0.527675        0.329922 
        2.10464        0.524576        0.327581 
        2.11077        0.520923        0.325265 
        2.11691        0.517583        0.322967 
        2.12305        0.514753        0.320691 
        2.12918        0.511902        0.318442 
        2.13531        0.508667        0.316214 
        2.14145        0.506058        0.314003 
         2.1476        0.502759         0.31181 
        2.15372        0.501169         0.30965 
        2.15985        0.496892        0.307507 
        2.16599        0.493681        0.305379 
        2.17213        0.491564        0.303273 
        2.17827        0.489812        0.301188 
         2.1844        0.487195        0.299124 
        2.19054         0.48443        0.297079 
        2.19666        0.480648        0.295055 
         2.2028        0.478442        0.293049 
        2.20893        0.475782        0.291061 
        2.21508        0.473405        0.289089 
        2.22122        0.469379        0.287134 
        2.22736        0.467324        0.285202 
        2.23349        0.466008        0.283288 
        2.23962        0.463105         0.28139 
        2.24577        0.459328        0.279508 
         2.2519        0.457821        0.277646 
        2.25802        0.454887        0.275804 
        2.26417         0.45209        0.273974 
        2.27031        0.449702        0.272159 
        2.27644        0.448029        0.270365 
        2.28257        0.445424        0.268588 
        2.28872        0.442821        0.266823 
        2.29486        0.440266        0.265075 
        2.30099        0.437984        0.263346 
        2.30712        0.436151        0.261632 
        2.31326        0.433464         0.25993 
         2.3194        0.432736        0.258244 
        2.32553        0.430032        0.256576 
        2.33166        0.427661        0.254923 
         2.3378        0.425334        0.253283 
        2.34394        0.421638        0.251657 
        2.35007        0.420264        0.250047 
        2.35619         0.41823        0.248453 
        2.36233        0.415112         0.24687 
        2.36848        0.414022        0.245297 
        2.37462        0.411201        0.243741 
        2.38075        0.410337          0.2422 
        2.38689        0.407448        0.240671 
        2.39303        0.406254        0.239156 
        2.39916        0.402863        0.237655 
        2.40529         0.40137        0.236167 
        2.41143        0.399731        0.234691 
        2.41757        0.397478        0.233226 
         2.4237        0.395552        0.231777 
        2.42983        0.393781        0.230341 
        2.43598        0.391876        0.228912 
        2.44211          0.3902        0.227499 
        2.44823        0.388389          0.2261 
        2.45437        0.385587        0.224709 
        2.46052        0.384931        0.223329 
        2.46665         0.38219        0.221963 
        2.47279        0.380156        0.220609 
        2.47892        0.377997        0.219265 
        2.48507        0.376732        0.217931 
         2.4912        0.375009        0.216611 
        2.49733        0.373276        0.215303 
        2.50347        0.371708        0.214003 
        2.50961        0.369217        0.212713 
        2.51575        0.367496        0.211435 
        2.52188        0.366214        0.210169 
        2.52802        0.364101        0.208912 
        2.53416        0.362641        0.207665 
        2.54029        0.360678        0.206431 
        2.54641        0.359353        0.205207 
        2.55255        0.357154        0.203991 
        2.55869        0.355756        0.202784 
        2.56483        0.354069        0.201588 
        2.57096          0.3527        0.200403 
        2.57709        0.351144        0.199227 
        2.58323         0.34885        0.198059 
        2.58937        0.346701          0.1969 
        2.59551        0.346404        0.195752 
        2.60164        0.343746        0.194614 
        2.60778        0.343193        0.193483 
        2.61392        0.341159        0.192362 
        2.62006        0.339607        0.191249 
        2.62619        0.338218        0.190147 
        2.63232        0.336673        0.189054 
        2.63846        0.335025        0.187967 
        2.64459        0.334122        0.186891 
        2.65072        0.332246        0.185823 
        2.65686        0.331018        0.184764 
          2.663        0.329208        0.183711 
        2.66915        0.328117        0.182666 
        2.67527        0.326703        0.181632 
        2.68141        0.325087        0.180605 
        2.68755        0.323523        0.179585 
        2.69368        0.322099        0.178574 
        2.69981         0.32077        0.177572 
        2.70595        0.319403        0.176575 
        2.71209        0.318319        0.175586 
        2.71823        0.316309        0.174606 
        2.72436        0.315361        0.173633 
         2.7305        0.314382        0.172668 
        2.73663        0.312858        0.171709 
        2.74276        0.311546         0.17076 
         2.7489        0.310488        0.169816 
        2.75504        0.308699        0.168879 
        2.76118        0.307831        0.167948 
        2.76732        0.306175        0.167026 
        2.77345        0.305272        0.166111 
        2.77959        0.303757        0.165203 
        2.78572        0.302949        0.164302 
        2.79186         0.30123        0.163408 
        2.79798        0.300627        0.162521 
        2.80412         0.29929        0.161639 
        2.81027        0.297926        0.160763 
         2.8164        0.296666        0.159895 
        2.82253        0.294789        0.159034 
        2.82867        0.293797        0.158179 
        2.83481        0.293307        0.157329 
        2.84095        0.291493        0.156486 
        2.84708        0.290718        0.155651 
        2.85322        0.289465         0.15482 
        2.85935        0.288577        0.153996 
        2.86549        0.287311        0.153178 
        2.87162        0.285461        0.152366 
        2.87776         0.28513         0.15156 
        2.88389        0.283807        0.150759 
        2.89003        0.282942        0.149965 
        2.89617        0.281871        0.149176 
        2.90231        0.280731        0.148392 
        2.90844        0.280098        0.147615 
        2.91458        0.278508        0.146843 
        2.92071        0.277917        0.146078 
        2.92684        0.276488        0.145317 
        2.93298        0.275379        0.144562 
         2.9391        0.274781        0.143814 
        2.94524        0.273362        0.143069 
        2.95138        0.272727         0.14233 
        2.95752        0.271407        0.141595 
        2.96367        0.270529        0.140865 
         2.9698        0.269862        0.140142 
        2.97594        0.268829        0.139423 
        2.98207        0.267321         0.13871 
        2.98821        0.266617        0.138002 
        2.99434        0.265656        0.137299 
        3.00048         0.26467          0.1366 
        3.00662        0.263737        0.135906 
        3.01275        0.262992        0.135218 
        3.01888        0.261903        0.134535 
        3.02503        0.260978        0.133855 
        3.03117        0.260263         0.13318 
        3.03729        0.259423        0.132511 
        3.04342        0.258494        0.131847 
        3.04957        0.257508        0.131185 
         3.0557         0.25671        0.130529 
        3.06183        0.255231        0.129879 
        3.06796         0.25491        0.129232 
        3.07411        0.254164        0.128588 
        3.08025        0.253589         0.12795 
        3.08637         0.25268        0.127318 
         3.0925        0.251762        0.126688 
        3.09865        0.250938        0.126062 
         3.1048        0.249791         0.12544 
        3.11093         0.24901        0.124824 
        3.11706        0.248718        0.124212 
         3.1232        0.247791        0.123603 
        3.12933        0.247105        0.122999 
        3.13547        0.246118        0.122399 
        3.14159        0.245074        0.121804 
        3.14773        0.244487        0.121211 
        3.15388        0.243837        0.120622 
        3.16001        0.243661        0.120038 
        3.16614        0.242724        0.119458 
        3.17228        0.241929        0.118881 
        3.17842        0.241217        0.118309 
        3.18455        0.240411         0.11774 
        3.19068        0.239616        0.117175 
        3.19682        0.239027        0.116613 
        3.20297        0.238787        0.116055 
         3.2091         0.23789        0.115501 
        3.21524         0.23698        0.114951 
        3.22138        0.236283        0.114404 
         3.2275        0.235862        0.113862 
        3.23363        0.235333        0.113323 
        3.23977        0.234545        0.112786 
        3.24591        0.234414        0.112254 
        3.25205        0.233668        0.111724 
        3.25818         0.23242        0.111198 
        3.26432         0.23228        0.110676 
        3.27046        0.231886        0.110157 
         3.2766        0.231198        0.109641 
        3.28273        0.230304        0.109129 
        3.28887         0.22973         0.10862 
          3.295        0.229163        0.108115 
        3.30113        0.228762        0.107612 
        3.30727        0.228153        0.107113 
        3.31341        0.227719        0.106617 
        3.31954        0.227135        0.106125 
        3.32568        0.226556        0.105635 
        3.33182        0.226402        0.105148 
        3.33795        0.226022        0.104665 
        3.34409        0.225653        0.104184 
        3.35022        0.225221        0.103706 
        3.35636        0.224514        0.103232 
         3.3625        0.224548        0.102761 
        3.36864        0.224005        0.102292 
        3.37477        0.223202        0.101826 
        3.38091         0.22288        0.101364 
        3.38704        0.222412        0.100904 
        3.39318        0.222136        0.100447 
        3.39931        0.222004       0.0999931 
        3.40545        0.221464        0.099542 
        3.41158         0.22111       0.0990936 
        3.41772        0.220909        0.098648 
        3.42385        0.220137       0.0982054 
        3.42998        0.220076       0.0977654 
        3.43612        0.219912       0.0973281 
        3.44226        0.219622       0.0968932 
         3.4484        0.219373       0.0964604 
        3.45453         0.21876       0.0960313 
        3.46066        0.218517       0.0956049 
        3.46681        0.218232         0.09518 
        3.47295        0.217973       0.0947579 
        3.47908        0.217802       0.0943395 
        3.48521        0.217651       0.0939234 
        3.49135        0.217552       0.0935091 
        3.49749        0.216915       0.0930976 
        3.50362        0.216983       0.0926886 
        3.50976          0.2169       0.0922823 
        3.51589        0.216739       0.0918783 
        3.52203        0.216236       0.0914767 
        3.52816        0.216343       0.0910781 
        3.53429        0.215906       0.0906814 
        3.54043         0.21594       0.0902866 
        3.54657         0.21586       0.0898942 
        3.55271        0.215859       0.0895047 
        3.55884        0.215688       0.0891177 
        3.56498        0.215367       0.0887323 
        3.57112        0.215579       0.0883492 
        3.57725        0.215359       0.0879689 
        3.58338        0.215431       0.0875911 
        3.58952        0.215355        0.087215 
        3.59566        0.215355       0.0868408 
         3.6018         0.21514       0.0864691 
        3.60793        0.215313       0.0860999 
        3.61407        0.215059       0.0857329 
        3.62021        0.215386       0.0853677 
        3.62634        0.215348       0.0850048 
        3.63247        0.215454       0.0846442 
        3.63861        0.215166       0.0842856 
        3.64475        0.215752       0.0839286 
        3.65089        0.215352       0.0835741 
        3.65702        0.215457        0.083222 
        3.66316        0.215596       0.0828714 
        3.66929        0.215721       0.0825232 
        3.67543        0.215976       0.0821769 
        3.68156        0.216089       0.0818327 
        3.68769        0.216049       0.0814903 
        3.69383         0.21629       0.0811498 
        3.69997        0.216449       0.0808112 
        3.70611        0.216814       0.0804748 
        3.71224        0.216724       0.0801402 
        3.71838        0.216743       0.0798074 
        3.72451        0.217259       0.0794768 
        3.73065         0.21728       0.0791482 
        3.73678        0.217626       0.0788213 
        3.74292        0.217423       0.0784958 
        3.74906        0.217891       0.0781725 
        3.75519        0.218337       0.0778511 
        3.76133        0.218362       0.0775314 
        3.76746        0.218949       0.0772137 
         3.7736         0.21931       0.0768978 
        3.77974        0.219672       0.0765834 
        3.78588        0.219679       0.0762707 
        3.79201        0.220078         0.07596 
        3.79814        0.220385       0.0756511 
        3.80428        0.221058       0.0753438 
        3.81042        0.221583        0.075038 
        3.81655        0.221389       0.0747342 
        3.82268        0.221858       0.0744323 
        3.82882        0.222411       0.0741319 
        3.83496        0.222947       0.0738328 
        3.84109        0.223469       0.0735356 
        3.84723        0.224091       0.0732402 
        3.85337        0.224085       0.0729459 
        3.85951        0.224794       0.0726533 
        3.86565        0.225425       0.0723627 
        3.87178        0.225995       0.0720739 
        3.87791        0.226138       0.0717865 
        3.88405        0.227017       0.0715005 
        3.89019        0.227312       0.0712161 
        3.89632        0.227958       0.0709334 
        3.90246        0.228639        0.070652 
         3.9086        0.229185       0.0703721 
        3.91473         0.22992       0.0700942 
        3.92086        0.230533       0.0698179 
        3.92699        0.231299       0.0695427 
        3.93313        0.231988       0.0692688 
        3.93927         0.23235       0.0689966 
         3.9454        0.233478       0.0687259 
        3.95154        0.233943       0.0684565 
        3.95768        0.234476       0.0681885 
        3.96382        0.235754       0.0679221 
        3.96995        0.236443       0.0676571 
        3.97609        0.236641       0.0673936 
        3.98222        0.238007       0.0671317 
        3.98836        0.238885       0.0668709 
         3.9945        0.239451       0.0666115 
        4.00063        0.239891       0.0663537 
        4.00677        0.240804        0.066097 
        4.01291        0.241972       0.0658416 
        4.01904        0.242645       0.0655881 
        4.02517        0.243967       0.0653359 
        4.03131        0.244675       0.0650845 
        4.03745        0.245669       0.0648344 
        4.04358        0.246438        0.064586 
        4.04972        0.247536       0.0643389 
        4.05585        0.248765        0.064093 
        4.06199        0.249588       0.0638483 
        4.06812        0.250088       0.0636051 
        4.07426        0.251554       0.0633631 
         4.0804        0.252764       0.0631221 
        4.08654        0.254045       0.0628824 
        4.09267        0.255142       0.0626443 
         4.0988        0.255822       0.0624076 
        4.10494        0.257371       0.0621718 
        4.11108        0.257618       0.0619371 
        4.11721          0.2595       0.0617039 
        4.12334        0.260667       0.0614719 
        4.12948         0.26197        0.061241 
        4.13561        0.263185       0.0610112 
        4.14176        0.264139       0.0607824 
        4.14789        0.265728       0.0605549 
        4.15403        0.267558       0.0603288 
        4.16016        0.268392       0.0601037 
         4.1663        0.269967       0.0598798 
        4.17243        0.271177       0.0596572 
        4.17857        0.272924       0.0594355 
        4.18471         0.27361        0.059215 
        4.19084        0.274627       0.0589956 
        4.19698        0.276672       0.0587774 
        4.20312        0.278542       0.0585602 
        4.20925         0.27948       0.0583442 
        4.21538        0.281055       0.0581295 
        4.22152        0.283159       0.0579155 
        4.22766        0.284398       0.0577026 
         4.2338        0.285403        0.057491 
        4.23993        0.287643       0.0572804 
        4.24607        0.289049       0.0570709 
         4.2522        0.290575       0.0568623 
        4.25834        0.292741       0.0566548 
        4.26447        0.294247       0.0564485 
        4.27061        0.295852       0.0562432 
        4.27674        0.297363       0.0560388 
        4.28288        0.299413       0.0558353 
        4.28902        0.301488        0.055633 
        4.29515         0.30288       0.0554318 
        4.30129         0.30486       0.0552314 
        4.30743         0.30647       0.0550319 
        4.31356        0.308923       0.0548336 
        4.31969        0.310561       0.0546364 
        4.32583        0.312421       0.0544401 
        4.33197        0.313555       0.0542445 
         4.3381         0.31608         0.05405 
        4.34424        0.318073       0.0538566 
        4.35038        0.321056       0.0536638 
        4.35652        0.321789       0.0534721 
        4.36265        0.324565       0.0532816 
        4.36878        0.326339        0.053092 
        4.37492        0.328416        0.052903 
        4.38106        0.331789        0.052715 
        4.38719        0.333237       0.0525282 
        4.39333        0.335253       0.0523423 
        4.39946        0.338162       0.0521572 
         4.4056        0.339504       0.0519729 
        4.41173        0.341708       0.0517896 
        4.41786         0.34394       0.0516073 
          4.424        0.345742       0.0514257 
        4.43014        0.349061       0.0512448 
        4.43628        0.351659       0.0510649 
        4.44241        0.354221        0.050886 
        4.44855        0.356565       0.0507079 
        4.45469        0.359398       0.0505305 
        4.46083        0.362173       0.0503542 
        4.46696        0.364559       0.0501788 
        4.47309        0.366359        0.050004 
        4.47923        0.369434       0.0498301 
        4.48537        0.371648       0.0496571 
         4.4915        0.374913       0.0494849 
        4.49764        0.378036       0.0493135 
        4.50378        0.380574       0.0491428 
        4.50991        0.383329       0.0489732 
        4.51604        0.385757       0.0488044 
        4.52218        0.389155       0.0486361 
        4.52832        0.392272       0.0484687 
        4.53445        0.395185       0.0483023 
        4.54059        0.398024       0.0481365 
        4.54673         0.39989       0.0479714 
        4.55286        0.404229       0.0478072 
          4.559         0.40736       0.0476437 
        4.56513        0.409289       0.0474812 
        4.57127        0.412243       0.0473193 
        4.57741        0.417286        0.047158 
        4.58354        0.419401       0.0469977 
        4.58968        0.422166        0.046838 
        4.59582        0.425936        0.046679 
        4.60195        0.429073       0.0465209 
        4.60809        0.432843       0.0463636 
        4.61422         0.43552       0.0462069 
        4.62036        0.439309        0.046051 
        4.62649        0.443705       0.0458957 
        4.63263        0.446172       0.0457412 
        4.63876        0.449441       0.0455874 
         4.6449        0.453316       0.0454343 
        4.65104        0.455311       0.0452819 
        4.65717        0.459359       0.0451303 
        4.66331        0.464121       0.0449793 
        4.66944        0.468279        0.044829 
        4.67558        0.472123       0.0446795 
        4.68171        0.475311       0.0445306 
        4.68785        0.477427       0.0443822 
        4.69399          0.4835       0.0442347 
        4.70012        0.487547        0.044088 
        4.70625        0.491541       0.0439418 
        4.71239        0.494843       0.0437962 
        4.71853        0.498377       0.0436513 
        4.72467         0.50439        0.043507 
         4.7308        0.506996       0.0433635 
        4.73694        0.509675       0.0432206 
        4.74308        0.514739       0.0430783 
        4.74922         0.51996       0.0429366 
        4.75535        0.524401       0.0427957 
        4.76148        0.527246       0.0426554 
        4.76762        0.532419       0.0425156 
        4.77376        0.536418       0.0423765 
        4.77989        0.541671       0.0422381 
        4.78602        0.547244       0.0421003 
        4.79216        0.549601        0.041963 
         4.7983        0.554789       0.0418264 
        4.80443        0.559592       0.0416905 
        4.81056        0.563865       0.0415551 
         4.8167         0.56782       0.0414202 
        4.82284        0.574088        0.041286 
        4.82898        0.577857       0.0411524 
        4.83511        0.582247       0.0410195 
        4.84125        0.586698        0.040887 
        4.84739        0.593341       0.0407551 
        4.85352        0.599381        0.040624 
        4.85965        0.603156       0.0404933 
        4.86579        0.607414       0.0403632 
        4.87193        0.613279       0.0402337 
        4.87807        0.618371       0.0401047 
         4.8842        0.623228       0.0399763 
        4.89034        0.627737       0.0398485 
        4.89647         0.63308       0.0397212 
        4.90261         0.63792       0.0395946 
        4.90874        0.643721       0.0394685 
        4.91488        0.650665       0.0393429 
        4.92102        0.653335       0.0392178 
        4.92715        0.659342       0.0390933 
        4.93329        0.666107       0.0389695 
        4.93942        0.670888        0.038846 
        4.94556        0.676373       0.0387231 
         4.9517          0.6825       0.0386007 
        4.95783        0.687971       0.0384789 
        4.96397        0.695179       0.0383576 
        4.97011        0.700002       0.0382368 
        4.97624        0.705346       0.0381166 
        4.98238         0.70964        0.037997 
        4.98851        0.716914       0.0378778 
        4.99465        0.723166       0.0377591 
        5.00078        0.728314        0.037641 
        5.00691        0.735348       0.0375234 
        5.01305        0.743455       0.0374063 
        5.01919        0.747204       0.0372895 
        5.02533        0.753804       0.0371733 
        5.03146        0.758901       0.0370577 
         5.0376        0.765667       0.0369426 
        5.04374        0.773238       0.0368278 
        5.04987        0.778479       0.0367136 
        5.05601        0.785837          0.0366 
        5.06215        0.791618       0.0364867 
        5.06829        0.797265       0.0363739 
        5.07442        0.805702       0.0362617 
        5.08055        0.811976       0.0361501 
        5.08668        0.816341       0.0360387 
        5.09282        0.822952       0.0359278 
        5.09896        0.828255       0.0358175 
        5.10509        0.837341       0.0357077 
        5.11123        0.843226       0.0355983 
        5.11736        0.849689       0.0354893 
         5.1235        0.857621       0.0353807 
        5.12964        0.865669       0.0352727 
        5.13577        0.870234        0.035165 
        5.14191        0.879346       0.0350579 
        5.14804        0.884245       0.0349513 
        5.15418        0.893351        0.034845 
        5.16032        0.898619       0.0347392 
        5.16645        0.906167       0.0346337 
        5.17259        0.913686       0.0345288 
        5.17872        0.921693       0.0344244 
        5.18486        0.930218       0.0343202 
          5.191        0.935157       0.0342165 
        5.19713        0.943671       0.0341134 
        5.20327        0.947786       0.0340107 
        5.20941        0.956903       0.0339082 
        5.21555        0.964157       0.0338062 
        5.22168        0.971254       0.0337048 
        5.22781        0.979163       0.0336037 
        5.23395        0.985815       0.0335031 
        5.24009        0.996469       0.0334027 
        5.24622         1.00136       0.0333029 
        5.25236         1.00991       0.0332035 
         5.2585         1.01778       0.0331044 
        5.26463         1.02527       0.0330058 
        5.27077         1.03212       0.0329076 
         5.2769         1.03903       0.0328098 
        5.28304          1.0453       0.0327124 
        5.28917         1.05276       0.0326154 
         5.2953         1.06276       0.0325188 
        5.30144          1.0677       0.0324226 
        5.30757         1.07667       0.0323267 
        5.31371         1.08571       0.0322312 
        5.31985          1.0944       0.0321361 
        5.32599          1.0987       0.0320413 
        5.33213         1.10962        0.031947 
        5.33826         1.11717       0.0318531 
         5.3444         1.12354       0.0317596 
        5.35053          1.1326       0.0316664 
        5.35667          1.1395       0.0315736 
        5.36281         1.14778       0.0314811 
        5.36894         1.15959        0.031389 
        5.37507         1.16446       0.0312974 
        5.38121         1.17174        0.031206 
        5.38735         1.18083        0.031115 
        5.39348         1.18802       0.0310245 
        5.39961         1.19467       0.0309343 
        5.40575         1.20074       0.0308444 
        5.41189         1.21276       0.0307548 
        5.41803         1.21884       0.0306657 
        5.42416         1.22967       0.0305769 
         5.4303         1.23407       0.0304884 
        5.43644          1.2462       0.0304003 
        5.44257         1.24968       0.0303126 
        5.44871         1.25696       0.0302251 
        5.45484          1.2714        0.030138 
        5.46098          1.2789       0.0300513 
        5.46712         1.28417       0.0299649 
        5.47325         1.29514       0.0298789 
        5.47938         1.30104       0.0297932 
        5.48552         1.30609       0.0297079 
        5.49165          1.3176       0.0296229 
        5.49779         1.32777       0.0295382 
        5.50393          1.3293       0.0294538 
        5.51006          1.3419       0.0293697 
         5.5162         1.34946        0.029286 
        5.52234         1.35799       0.0292026 
        5.52847         1.36513       0.0291196 
        5.53461         1.37202       0.0290368 
        5.54075         1.38431       0.0289544 
        5.54688         1.38993       0.0288724 
        5.55302         1.39914       0.0287906 
        5.55915          1.4045       0.0287091 
        5.56529         1.41648        0.028628 
        5.57143         1.41672       0.0285472 
        5.57756          1.4289       0.0284667 
         5.5837         1.43365       0.0283865 
        5.58983         1.43883       0.0283067 
        5.59597         1.45386       0.0282271 
         5.6021         1.46055       0.0281478 
        5.60824          1.4681       0.0280688 
        5.61438         1.47373       0.0279902 
        5.62051         1.48651       0.0279118 
        5.62665         1.49149       0.0278338 
        5.63278         1.49361       0.0277561 
        5.63892         1.50557       0.0276786 
        5.64505         1.51251       0.0276015 
        5.65119         1.52057       0.0275246 
        5.65733         1.52981       0.0274481 
        5.66346         1.53477       0.0273718 
         5.6696         1.54242       0.0272958 
        5.67573         1.55452       0.0272201 
        5.68187         1.56101       0.0271447 
          5.688         1.56594       0.0270697 
        5.69414         1.57701       0.0269948 
        5.70028         1.58053       0.0269203 
        5.70642         1.58588        0.026846 
        5.71255         1.59474        0.026772 
        5.71869         1.60011       0.0266983 
        5.72482         1.60807       0.0266249 
        5.73096          1.6176       0.0265518 
        5.73709         1.62161        0.026479 
        5.74322         1.62687       0.0264065 
        5.74936         1.63265       0.0263341 
         5.7555         1.64264        0.026262 
        5.76164         1.65608       0.0261903 
        5.76777         1.65831       0.0261188 
        5.77391         1.66358       0.0260476 
        5.78005         1.67246       0.0259766 
        5.78618         1.67545       0.0259059 
        5.79231         1.68299       0.0258356 
        5.79845         1.69271       0.0257654 
        5.80459         1.69998       0.0256954 
        5.81073         1.70526       0.0256258 
        5.81686         1.71242       0.0255564 
          5.823          1.7152       0.0254873 
        5.82914         1.71995       0.0254184 
        5.83527         1.73019       0.0253499 
         5.8414         1.73891       0.0252816 
        5.84754         1.73852       0.0252134 
        5.85368         1.75056       0.0251456 
        5.85981         1.75055        0.025078 
        5.86595         1.75445       0.0250107 
        5.87208         1.76227       0.0249436 
        5.87822          1.7773       0.0248768 
        5.88435         1.77265       0.0248102 
        5.89049         1.78759       0.0247439 
        5.89662         1.79068       0.0246777 
        5.90276         1.79963       0.0246119 
         5.9089         1.79957       0.0245462 
        5.91503         1.80768       0.0244809 
        5.92117         1.81674       0.0244157 
        5.92731         1.82023       0.0243508 
        5.93344         1.82542       0.0242862 
        5.93958         1.82822       0.0242218 
        5.94572         1.83686       0.0241576 
        5.95186            1.84       0.0240936 
        5.95799         1.85363       0.0240299 
        5.96412         1.85296       0.0239664 
        5.97026         1.85736       0.0239032 
         5.9764          1.8637       0.0238402 
        5.98253         1.86435       0.0237774 
        5.98866         1.87493       0.0237149 
         5.9948         1.87432       0.0236525 
        6.00094         1.88107       0.0235904 
        6.00707         1.88804       0.0235285 
        6.01321         1.89187       0.0234668 
        6.01935         1.89479       0.0234054 
        6.02548         1.90211       0.0233442 
        6.03162         1.90527       0.0232832 
        6.03775         1.91485       0.0232225 
        6.04389         1.91818       0.0231619 
        6.05003         1.92106       0.0231015 
        6.05617          1.9267       0.0230414 
         6.0623         1.92978       0.0229815 
        6.06844         1.93743       0.0229218 
        6.07457         1.93817       0.0228623 
         6.0807         1.93861       0.0228031 
        6.08684          1.9462        0.022744 
        6.09298         1.95295       0.0226852 
        6.09912         1.95652       0.0226265 
        6.10525         1.95835       0.0225681 
        6.11138         1.96639       0.0225099 
        6.11752         1.96814       0.0224519 
        6.12366         1.97345       0.0223941 
        6.12979         1.97358       0.0223365 
        6.13593         1.97476       0.0222791 
        6.14207         1.97923       0.0222219 
         6.1482         1.98347       0.0221649 
        6.15434         1.99734       0.0221081 
        6.16047         1.99272       0.0220516 
        6.16661         1.99644       0.0219952 
        6.17274         1.99856        0.021939 
        6.17887         2.00406        0.021883 
        6.18501         2.01404       0.0218272 
        6.19115          2.0105       0.0217716 
        6.19729         2.01951       0.0217162 
        6.20342         2.01924        0.021661 
        6.20956         2.01792       0.0216059 
         6.2157         2.02746       0.0215511 
        6.22183         2.02402       0.0214964 
        6.22797         2.02684        0.021442 
         6.2341         2.03059       0.0213878 
        6.24024         2.02983       0.0213337 
        6.24638         2.04095       0.0212798 
        6.25251         2.04333       0.0212261 
        6.25865         2.03826       0.0211726 
        6.26478         2.04897       0.0211192 
        6.27092         2.04245       0.0210661 
        6.27705         2.04671       0.0210132 
        6.28318         1.99853       0.0209604 
