# k  (h/Mpc)    Pcb(k)  (Mpc/h)^3    Pcb_linear(k)  (Mpc/h)^3
     0.00783031         17098.6         17353.9 
       0.013688         21545.8         21343.6 
       0.019231         21539.8         21508.6 
      0.0249154         19325.2         19775.7 
      0.0312784         16798.1         17020.8 
      0.0375637         14408.9         14432.7 
      0.0433917         12290.6         12547.8 
      0.0492413         11095.6         11203.1 
      0.0555754          9858.9         10220.7 
      0.0619321         9475.18         9497.85 
       0.067871          8569.3         8868.04 
      0.0738098          7901.3         8171.96 
      0.0800417         7030.58         7351.45 
      0.0862327         6328.12         6505.59 
      0.0921407         5732.33         5754.96 
      0.0982031         5083.78         5111.74 
       0.104506         4753.11         4610.93 
       0.110769         4395.13         4269.14 
       0.116806         4148.04         4043.49 
       0.122832         3959.28         3865.92 
       0.129052         3679.28          3681.8 
       0.135211         3483.86         3467.32 
       0.141259         3322.04            3221 
       0.147318            3113         2955.64 
       0.153489         2837.98         2693.61 
       0.159709         2673.33         2463.36 
       0.165845          2568.6         2283.19 
       0.171974         2428.61         2150.03 
       0.178125         2313.69         2052.81 
       0.184229         2215.05         1976.26 
        0.19034          2101.5         1903.25 
       0.196428         2056.94         1822.56 
       0.202534         1975.16         1729.41 
       0.208729         1882.48         1625.45 
       0.214876         1803.78         1520.66 
       0.220989         1738.15         1423.38 
       0.227147         1665.44         1338.75 
        0.23329         1599.36         1270.07 
       0.239377         1574.55         1216.01 
       0.245482         1478.34         1171.59 
       0.251667         1470.89         1131.29 
       0.257832         1412.73         1091.07 
       0.263955         1365.87         1048.36 
       0.270079         1318.61         1002.49 
        0.27624         1302.76          954.69 
       0.282372         1248.72         908.084 
        0.28843         1241.06         865.351 
       0.294538         1179.42         827.194 
       0.300721         1171.95          793.96 
        0.30691         1127.27         765.324 
       0.313033         1104.89         740.098 
       0.319153         1086.32         716.321 
       0.325316         1051.08         692.533 
        0.33145          1027.6         668.344 
       0.337538         1008.84         643.853 
       0.343633         987.203           619.4 
       0.349808         953.652         595.452 
       0.355968         946.871         573.113 
       0.362074         937.888         552.844 
       0.368217         908.116          534.42 
       0.374374         874.479         517.586 
       0.380519         876.025         501.944 
       0.386598         850.712         487.146 
       0.392688         847.721         472.584 
        0.39888         823.106         457.904 
       0.405048         812.965         443.427 
       0.411186         801.688         429.301 
       0.417313         784.823         415.731 
       0.423458         770.716          402.83 
       0.429607         761.473         390.701 
       0.435692         745.265         379.487 
       0.441815         738.712         368.883 
       0.447964         723.739          358.75 
       0.454126         717.205         348.973 
       0.460267         699.368         339.511 
       0.466387         691.065         330.282 
        0.47254         686.781         321.203 
       0.478662         679.668         312.429 
       0.484765         659.371         303.997 
       0.490885         655.224         295.887 
       0.497035         641.872         288.099 
       0.503198         637.757         280.668 
       0.509342         631.374         273.597 
       0.515458         627.518         266.834 
       0.521598         611.609         260.265 
       0.527764         601.275         253.862 
       0.533884         598.965         247.689 
           0.54          592.64         241.697 
       0.546137         587.829         235.858 
       0.552299         579.637         230.177 
       0.558452         575.361           224.7 
       0.564573         568.166         219.452 
       0.570708         561.462         214.391 
       0.576825         546.754         209.525 
       0.582926         548.623         204.832 
       0.589034         543.222         200.274 
       0.595184         538.543         195.817 
       0.601379         530.477         191.457 
       0.607522         523.073          187.26 
       0.613639         522.776         183.204 
       0.619772         512.079          179.26 
       0.625918         509.294         175.425 
       0.632068         502.164         171.704 
       0.638161         500.187         168.126 
         0.6443         491.865         164.628 
       0.650464         489.681          161.22 
       0.656582          485.28         157.936 
       0.662703         483.849         154.745 
       0.668861         475.802         151.626 
       0.675024         472.007          148.59 
       0.681124         468.451         145.668 
       0.687237         464.655         142.818 
       0.693381         458.361         140.031 
       0.699536         451.554         137.312 
       0.705665          450.67         134.678 
       0.711789          448.53         132.116 
       0.717957          444.37         129.604 
        0.72409         441.998         127.173 
       0.730186          435.58         124.819 
       0.736317         432.669         122.514 
       0.742472         430.249         120.259 
       0.748622         425.603         118.064 
        0.75476         419.743         115.929 
       0.760888         415.922          113.85 
       0.767043         416.228         111.815 
       0.773185          412.01         109.834 
       0.779291         407.133         107.912 
       0.785407         404.968         106.034 
       0.791564         400.316          104.19 
       0.797719         398.351          102.39 
       0.803834         393.766         100.645 
       0.809972         393.111         98.9345 
       0.816124         391.828         97.2604 
       0.822261         386.608         95.6298 
       0.828378         384.326         94.0418 
       0.834502         380.105         92.4889 
       0.840667         377.436         90.9612 
       0.846816         375.886         89.4727 
       0.852925         373.205         88.0271 
       0.859047         371.126         86.6107 
       0.865192         366.534         85.2211 
       0.871341         363.655         83.8614 
       0.877463         363.435         82.5377 
       0.883569          360.05         81.2461 
       0.889708         357.254         79.9758 
       0.895864         356.028         78.7296 
       0.902008         352.736         77.5128 
       0.908149         348.802         76.3226 
       0.914301         346.562         75.1556 
       0.920448         344.836         74.0143 
       0.926574         339.938          72.901 
       0.932687         339.923          71.813 
       0.938823         336.531         70.7435 
       0.944975         336.404         69.6936 
       0.951105         332.791         68.6688 
       0.957225         330.692         67.6666 
       0.963368         326.669         66.6811 
       0.969511         325.875         65.7153 
       0.975621         323.728          64.774 
       0.981748         322.098         63.8488 
       0.987916         320.333          62.936 
        0.99406         315.477         62.0446 
        1.00019         314.272         61.1723 
        1.00632         313.048         60.3177 
        1.01246         310.359         59.4783 
        1.01859         310.833         58.6563 
        1.02471          305.88          57.851 
        1.03085         304.679         57.0581 
        1.03698         303.351         56.2819 
        1.04314         300.671         55.5169 
        1.04929          298.03         54.7681 
        1.05541         298.865         54.0361 
        1.06154         293.725         53.3159 
        1.06769         293.161         52.6077 
        1.07382         290.887         51.9148 
        1.07993         289.333          51.236 
        1.08607          288.56         50.5666 
        1.09222         285.492         49.9085 
        1.09836         283.694          49.263 
        1.10449          281.36         48.6297 
        1.11063         278.655         48.0069 
        1.11677         278.717         47.3953 
         1.1229          276.39         46.7955 
        1.12903          274.85         46.2055 
        1.13518         272.496         45.6254 
        1.14131         270.922         45.0556 
        1.14745         270.095         44.4958 
        1.15359         267.989         43.9456 
        1.15973         266.127         43.4045 
        1.16584          264.26         42.8749 
        1.17197         264.354         42.3535 
        1.17811         260.858         41.8392 
        1.18424         259.246          41.335 
        1.19038         258.657         40.8377 
        1.19652         256.366         40.3488 
        1.20267         255.834         39.8679 
        1.20881         253.707          39.395 
        1.21495          251.94         38.9306 
        1.22108         250.473         38.4737 
         1.2272          249.02         38.0253 
        1.23334          247.95          37.583 
        1.23949         245.632         37.1468 
        1.24562         244.884         36.7187 
        1.25174         243.411         36.2981 
        1.25789         241.509         35.8828 
        1.26402          239.45         35.4747 
        1.27014         238.232         35.0741 
        1.27628         236.849         34.6785 
        1.28244         236.708         34.2882 
        1.28858         234.273         33.9045 
        1.29471         232.988         33.5276 
        1.30084         231.272         33.1568 
        1.30697         230.142         32.7911 
        1.31312          227.94         32.4304 
        1.31925         226.929         32.0762 
        1.32537         226.432         31.7278 
        1.33151         224.277         31.3832 
        1.33765         222.597         31.0441 
        1.34378             222         30.7106 
        1.34992         220.744         30.3818 
        1.35606         220.395         30.0571 
         1.3622         218.094         29.7377 
        1.36833          216.45         29.4238 
        1.37445          215.58         29.1146 
        1.38059         213.795         28.8089 
        1.38675         213.036         28.5069 
        1.39288         211.902         28.2104 
        1.39901         210.913         27.9183 
        1.40515         209.244         27.6296 
         1.4113          208.21         27.3452 
        1.41742         206.621         27.0659 
        1.42355         205.719           26.79 
         1.4297         203.933         26.5171 
        1.43585         203.083         26.2482 
        1.44198         202.344          25.984 
        1.44809         200.956          25.724 
        1.45423          200.04         25.4665 
        1.46036          198.67         25.2131 
        1.46649         197.385         24.9631 
        1.47263         196.324         24.7162 
        1.47877         194.892         24.4729 
        1.48491          193.22         24.2324 
        1.49104         192.876         23.9957 
        1.49718         191.148         23.7619 
        1.50333         190.542         23.5309 
        1.50947         189.271         23.3035 
         1.5156         187.862         23.0794 
        1.52172         187.223         22.8583 
        1.52787         185.465         22.6396 
          1.534         185.223         22.4241 
        1.54013         183.741         22.2116 
        1.54627         182.659         22.0014 
        1.55241         181.571          21.794 
        1.55855         180.336         21.5895 
        1.56467         179.267         21.3883 
         1.5708          178.51          21.189 
        1.57695         177.714          20.992 
        1.58308         176.528          20.798 
        1.58922         175.372         20.6062 
        1.59535         173.968          20.417 
         1.6015         173.396         20.2299 
        1.60764         172.365         20.0453 
        1.61376         171.473         19.8634 
        1.61989         170.571         19.6837 
        1.62604         169.295         19.5059 
        1.63218         168.659         19.3303 
        1.63831         167.311         19.1573 
        1.64444         166.591         18.9864 
        1.65059         165.658         18.8171 
        1.65673         164.534         18.6501 
        1.66285         163.509         18.4856 
        1.66898         162.638         18.3231 
        1.67512         162.151         18.1621 
        1.68127         160.599          18.003 
         1.6874         159.895         17.8462 
        1.69353         158.934         17.6913 
        1.69967         157.792         17.5378 
        1.70581         157.181         17.3863 
        1.71193         156.089         17.2371 
        1.71806         155.455         17.0894 
        1.72421         154.498         16.9431 
        1.73035         153.894         16.7987 
        1.73649         152.922          16.656 
        1.74262         151.951         16.5151 
        1.74876         150.969         16.3757 
        1.75489          150.28         16.2382 
        1.76101         148.934         16.1024 
        1.76715         148.788         15.9679 
        1.77329         147.756         15.8348 
        1.77943         147.091         15.7032 
        1.78557         146.279         15.5732 
        1.79171         145.463         15.4447 
        1.79785         144.476         15.3177 
        1.80399         143.693         15.1921 
        1.81012         142.903         15.0681 
        1.81625         142.404         14.9455 
        1.82239         141.359         14.8241 
        1.82853         140.744         14.7041 
        1.83466          139.83         14.5856 
        1.84078         139.138         14.4685 
        1.84692         137.909         14.3525 
        1.85306         137.767         14.2376 
         1.8592          136.77         14.1242 
        1.86533         136.153         14.0121 
        1.87147         135.021         13.9011 
        1.87761         134.208         13.7912 
        1.88375         133.536         13.6826 
        1.88988         132.586         13.5754 
        1.89601         132.293         13.4692 
        1.90215         131.398         13.3641 
        1.90829          130.63         13.2601 
        1.91442         130.111         13.1572 
        1.92056         129.233         13.0556 
         1.9267         128.615         12.9549 
        1.93284         127.661         12.8552 
        1.93897          127.19         12.7567 
        1.94509         126.598         12.6595 
        1.95123         125.957         12.5631 
        1.95737         125.207         12.4676 
        1.96349         124.533         12.3733 
        1.96964         123.546         12.2797 
        1.97578         122.845         12.1871 
        1.98192         122.397         12.0956 
        1.98805         121.743         12.0051 
        1.99419         121.004         11.9154 
        2.00033         120.357         11.8267 
        2.00647         119.814         11.7389 
         2.0126         118.852         11.6521 
        2.01874         118.292          11.566 
        2.02488         118.023         11.4808 
        2.03101          116.88         11.3966 
        2.03714         116.533         11.3133 
        2.04328         115.677         11.2307 
        2.04941         115.182         11.1491 
        2.05554         114.426         11.0683 
        2.06167         114.071         10.9882 
        2.06781         113.198         10.9089 
        2.07396         112.771         10.8302 
        2.08009         112.076         10.7525 
        2.08622         111.292         10.6756 
        2.09237         110.919         10.5993 
        2.09851          110.26         10.5238 
        2.10464         109.829         10.4491 
        2.11077         109.148         10.3753 
        2.11691         108.657         10.3019 
        2.12305         108.004         10.2293 
        2.12918         107.256         10.1576 
        2.13531         106.697         10.0866 
        2.14145         106.089          10.016 
         2.1476         105.368         9.94608 
        2.15372         105.113         9.87716 
        2.15985         104.513         9.80882 
        2.16599         103.773         9.74094 
        2.17213         103.355         9.67377 
        2.17827         102.778         9.60725 
         2.1844         102.025         9.54141 
        2.19054          101.72         9.47617 
        2.19666         101.194         9.41163 
         2.2028          100.52         9.34764 
        2.20893         100.179         9.28421 
        2.21508         99.5306          9.2213 
        2.22122         99.0064         9.15896 
        2.22736         98.4521         9.09732 
        2.23349         98.0384         9.03626 
        2.23962         97.5504         8.97574 
        2.24577         96.9104         8.91571 
         2.2519         96.6142         8.85632 
        2.25802         95.7339         8.79757 
        2.26417         95.4933         8.73919 
        2.27031         94.8671         8.68128 
        2.27644         94.3729         8.62407 
        2.28257         93.8051         8.56738 
        2.28872          93.528          8.5111 
        2.29486         92.8266         8.45533 
        2.30099         92.3171         8.40017 
        2.30712         91.9044         8.34549 
        2.31326         91.3554          8.2912 
         2.3194         90.8926         8.23742 
        2.32553         90.5023         8.18422 
        2.33166         90.0172          8.1315 
         2.3378         89.5469         8.07918 
        2.34394         89.0961         8.02731 
        2.35007         88.6079         7.97596 
        2.35619         88.2157         7.92513 
        2.36233         87.6676         7.87462 
        2.36848         87.1455         7.82444 
        2.37462         86.8069         7.77481 
        2.38075         86.2223         7.72566 
        2.38689         85.7976         7.67689 
        2.39303         85.2616         7.62855 
        2.39916         84.9843         7.58067 
        2.40529         84.7015         7.53321 
        2.41143         84.0094         7.48613 
        2.41757         83.6791         7.43942 
         2.4237         83.2418          7.3932 
        2.42983         82.7416         7.34737 
        2.43598         82.2438         7.30182 
        2.44211         82.1341         7.25672 
        2.44823         81.5503         7.21211 
        2.45437          80.907         7.16775 
        2.46052         80.5357         7.12372 
        2.46665           80.33         7.08015 
        2.47279         79.7448         7.03695 
        2.47892         79.4118         6.99409 
        2.48507         79.0228         6.95154 
         2.4912         78.6652         6.90943 
        2.49733         78.0879         6.86769 
        2.50347         77.8848         6.82622 
        2.50961         77.5168         6.78509 
        2.51575         77.0115         6.74433 
        2.52188         76.6004         6.70395 
        2.52802         76.2335         6.66386 
        2.53416         75.8277         6.62408 
        2.54029         75.3905          6.5847 
        2.54641         75.0177         6.54565 
        2.55255         74.6491         6.50688 
        2.55869         74.2611         6.46836 
        2.56483         74.0191         6.43021 
        2.57096         73.4934         6.39241 
        2.57709         73.2009          6.3549 
        2.58323         72.6629         6.31766 
        2.58937         72.3634         6.28069 
        2.59551         72.0851         6.24407 
        2.60164         71.7766         6.20776 
        2.60778         71.4564         6.17169 
        2.61392         70.9401         6.13592 
        2.62006         70.6882         6.10045 
        2.62619         70.2651         6.06529 
        2.63232         69.9899         6.03041 
        2.63846         69.5382         5.99576 
        2.64459          69.212         5.96143 
        2.65072         68.8168         5.92737 
        2.65686         68.4074         5.89357 
          2.663         68.2009         5.85997 
        2.66915          67.878         5.82664 
        2.67527         67.5228         5.79366 
        2.68141          67.172          5.7609 
        2.68755         66.8578         5.72837 
        2.69368         66.6434         5.69611 
        2.69981         66.2928         5.66415 
        2.70595         65.8369         5.63236 
        2.71209          65.505          5.6008 
        2.71823         65.2367         5.56954 
        2.72436         64.8537         5.53852 
         2.7305         64.5224         5.50772 
        2.73663         64.2989         5.47716 
        2.74276         63.9874         5.44687 
         2.7489         63.6382         5.41677 
        2.75504         63.3212         5.38688 
        2.76118         62.9228          5.3572 
        2.76732         62.6553         5.32778 
        2.77345         62.3991          5.2986 
        2.77959         62.0628         5.26963 
        2.78572         61.7531         5.24088 
        2.79186          61.461         5.21235 
        2.79798         61.1609         5.18407 
        2.80412         60.9123         5.15595 
        2.81027         60.5096           5.128 
         2.8164         60.2648         5.10032 
        2.82253         60.0294         5.07285 
        2.82867          59.671         5.04556 
        2.83481          59.433         5.01847 
        2.84095         58.9991         4.99158 
        2.84708          58.826         4.96492 
        2.85322         58.4495         4.93842 
        2.85935         58.2474         4.91213 
        2.86549         57.8716         4.88604 
        2.87162         57.7046         4.86013 
        2.87776         57.3452         4.83443 
        2.88389         57.1383         4.80889 
        2.89003         56.8564         4.78355 
        2.89617         56.4793         4.75838 
        2.90231         56.3595          4.7334 
        2.90844          56.092          4.7086 
        2.91458         55.7855         4.68398 
        2.92071         55.4574         4.65957 
        2.92684         55.2466          4.6353 
        2.93298         54.9304         4.61122 
         2.9391         54.6307         4.58734 
        2.94524         54.4598          4.5636 
        2.95138         54.1968         4.54002 
        2.95752         53.9424         4.51657 
        2.96367         53.6657          4.4933 
         2.9698         53.4521         4.47023 
        2.97594          53.296         4.44731 
        2.98207         52.9652         4.42454 
        2.98821         52.6945         4.40196 
        2.99434         52.3649         4.37953 
        3.00048         52.1495         4.35725 
        3.00662         51.9926         4.33511 
        3.01275         51.7091         4.31317 
        3.01888         51.4114         4.29136 
        3.02503          51.189         4.26968 
        3.03117         50.9386         4.24815 
        3.03729         50.7714         4.22683 
        3.04342         50.4208         4.20562 
        3.04957         50.3188         4.18452 
         3.0557         49.9901          4.1636 
        3.06183         49.7744         4.14285 
        3.06796         49.5556         4.12222 
        3.07411         49.2927         4.10169 
        3.08025         49.0864         4.08134 
        3.08637         48.8009         4.06116 
         3.0925         48.6488         4.04109 
        3.09865          48.396         4.02111 
         3.1048         48.1512         4.00128 
        3.11093         47.9251         3.98162 
        3.11706         47.7837         3.96209 
         3.1232          47.562         3.94268 
        3.12933         47.2855          3.9234 
        3.13547         47.0573         3.90426 
        3.14159         46.8536         3.88527 
        3.14773         46.7233         3.86638 
        3.15388         46.4566         3.84758 
        3.16001         46.1524         3.82896 
        3.16614          45.987         3.81045 
        3.17228         45.7472         3.79206 
        3.17842         45.5286         3.77379 
        3.18455         45.3563         3.75565 
        3.19068         45.0621         3.73764 
        3.19682         44.9623         3.71972 
        3.20297         44.7293         3.70191 
         3.2091         44.4829         3.68424 
        3.21524         44.3175         3.66668 
        3.22138         44.1519         3.64924 
         3.2275         43.9924         3.63194 
        3.23363         43.7399         3.61475 
        3.23977          43.584         3.59764 
        3.24591         43.3303         3.58065 
        3.25205         43.1392         3.56376 
        3.25818         42.9392         3.54699 
        3.26432         42.7305         3.53033 
        3.27046         42.5782         3.51377 
         3.2766         42.3799         3.49732 
        3.28273         42.1338         3.48099 
        3.28887         41.9681         3.46475 
          3.295         41.7865         3.44863 
        3.30113         41.6065         3.43261 
        3.30727         41.3405         3.41668 
        3.31341         41.2208         3.40086 
        3.31954         41.0378         3.38515 
        3.32568         40.8562         3.36952 
        3.33182          40.647         3.35399 
        3.33795         40.4999         3.33858 
        3.34409         40.3912         3.32325 
        3.35022         40.1129         3.30801 
        3.35636         39.9191         3.29289 
         3.3625          39.739         3.27784 
        3.36864         39.5977         3.26289 
        3.37477         39.4237         3.24804 
        3.38091         39.2263         3.23329 
        3.38704         39.0604         3.21863 
        3.39318         38.8652         3.20405 
        3.39931         38.6841         3.18956 
        3.40545         38.5493         3.17518 
        3.41158         38.3901         3.16087 
        3.41772         38.2302         3.14666 
        3.42385          38.037         3.13254 
        3.42998         37.8278         3.11851 
        3.43612         37.7285         3.10456 
        3.44226         37.5546         3.09068 
         3.4484          37.343         3.07688 
        3.45453          37.255         3.06319 
        3.46066         37.0448         3.04959 
        3.46681         36.8548         3.03604 
        3.47295         36.7123         3.02257 
        3.47908          36.587         3.00923 
        3.48521         36.4351         2.99595 
        3.49135         36.2423         2.98274 
        3.49749         36.0384         2.96961 
        3.50362         35.9572         2.95657 
        3.50976         35.7797         2.94361 
        3.51589         35.5605         2.93072 
        3.52203         35.4796         2.91791 
        3.52816         35.3039         2.90519 
        3.53429         35.1283         2.89254 
        3.54043         34.9947         2.87995 
        3.54657         34.8143         2.86743 
        3.55271         34.6622         2.85501 
        3.55884         34.5414         2.84266 
        3.56498         34.4521         2.83037 
        3.57112         34.2069         2.81815 
        3.57725         34.0392         2.80602 
        3.58338         33.9643         2.79397 
        3.58952         33.8059         2.78197 
        3.59566         33.6681         2.77003 
         3.6018         33.5443         2.75818 
        3.60793         33.3745          2.7464 
        3.61407         33.1673         2.73469 
        3.62021         33.0863         2.72305 
        3.62634         32.9327         2.71147 
        3.63247         32.8144         2.69997 
        3.63861         32.6328         2.68853 
        3.64475         32.4825         2.67714 
        3.65089         32.4077         2.66583 
        3.65702         32.2927          2.6546 
        3.66316         32.0968         2.64342 
        3.66929         31.9831         2.63231 
        3.67543         31.8944         2.62127 
        3.68156         31.6948         2.61029 
        3.68769         31.5565         2.59937 
        3.69383         31.4262          2.5885 
        3.69997         31.2734          2.5777 
        3.70611         31.1715         2.56697 
        3.71224         31.0201          2.5563 
        3.71838         30.8944         2.54568 
        3.72451          30.791         2.53514 
        3.73065         30.6483         2.52466 
        3.73678         30.5379         2.51423 
        3.74292         30.3911         2.50385 
        3.74906         30.2841         2.49353 
        3.75519         30.1336         2.48328 
        3.76133         30.0044         2.47308 
        3.76746         29.8685         2.46295 
         3.7736         29.7587         2.45287 
        3.77974         29.6245         2.44284 
        3.78588         29.4975         2.43287 
        3.79201         29.3891         2.42296 
        3.79814         29.2746         2.41311 
        3.80428         29.1704         2.40331 
        3.81042         29.0148         2.39355 
        3.81655         28.9081         2.38386 
        3.82268         28.7677         2.37423 
        3.82882         28.6624         2.36465 
        3.83496         28.5223         2.35511 
        3.84109         28.4323         2.34563 
        3.84723         28.3102          2.3362 
        3.85337         28.2114         2.32682 
        3.85951         28.0841         2.31748 
        3.86565         27.9394         2.30821 
        3.87178         27.8551           2.299 
        3.87791          27.735         2.28984 
        3.88405         27.6125         2.28071 
        3.89019         27.5199         2.27164 
        3.89632         27.4441         2.26262 
        3.90246         27.2677         2.25365 
         3.9086         27.1658         2.24472 
        3.91473         27.0687         2.23585 
        3.92086         26.9484         2.22704 
        3.92699         26.8755         2.21826 
        3.93313          26.719         2.20952 
        3.93927         26.6602         2.20084 
         3.9454         26.5123         2.19221 
        3.95154         26.4256         2.18361 
        3.95768         26.3043         2.17507 
        3.96382         26.2211         2.16657 
        3.96995         26.1144         2.15812 
        3.97609         26.0011         2.14971 
        3.98222         25.8954         2.14136 
        3.98836          25.819         2.13304 
         3.9945          25.689         2.12476 
        4.00063         25.6059         2.11654 
        4.00677         25.4775         2.10835 
        4.01291         25.3827         2.10021 
        4.01904         25.2774         2.09212 
        4.02517         25.1873         2.08407 
        4.03131         25.1071         2.07605 
        4.03745         24.9629         2.06808 
        4.04358         24.8774         2.06015 
        4.04972         24.7655         2.05227 
        4.05585         24.6686         2.04443 
        4.06199         24.5935         2.03662 
        4.06812         24.4704         2.02886 
        4.07426         24.4003         2.02114 
         4.0804         24.2764         2.01346 
        4.08654          24.165         2.00581 
        4.09267         24.1224         1.99822 
         4.0988          23.981         1.99067 
        4.10494         23.9267         1.98315 
        4.11108         23.8427         1.97566 
        4.11721         23.7335         1.96822 
        4.12334         23.6303         1.96082 
        4.12948         23.5384         1.95346 
        4.13561         23.4463         1.94612 
        4.14176         23.3629         1.93883 
        4.14789         23.2583         1.93157 
        4.15403         23.1857         1.92436 
        4.16016         23.0708         1.91718 
         4.1663         22.9943         1.91004 
        4.17243         22.9195         1.90294 
        4.17857         22.8199         1.89587 
        4.18471         22.7189         1.88883 
        4.19084         22.6608         1.88183 
        4.19698         22.5322         1.87487 
        4.20312         22.4599         1.86794 
        4.20925         22.3891         1.86105 
        4.21538         22.3076          1.8542 
        4.22152         22.2101         1.84738 
        4.22766         22.1135         1.84059 
         4.2338         22.0332         1.83384 
        4.23993         21.9386         1.82712 
        4.24607         21.8771         1.82044 
         4.2522         21.7769         1.81378 
        4.25834         21.6707         1.80717 
        4.26447         21.6166         1.80059 
        4.27061         21.5475         1.79404 
        4.27674         21.4691         1.78752 
        4.28288         21.3892         1.78103 
        4.28902         21.2874         1.77457 
        4.29515         21.2289         1.76815 
        4.30129         21.1229         1.76176 
        4.30743         21.0588          1.7554 
        4.31356          20.966         1.74907 
        4.31969         20.8765         1.74278 
        4.32583         20.8067         1.73652 
        4.33197         20.7242         1.73028 
         4.3381         20.6471         1.72408 
        4.34424         20.5655         1.71791 
        4.35038         20.5047         1.71176 
        4.35652         20.4399         1.70565 
        4.36265         20.3469         1.69957 
        4.36878         20.2776         1.69352 
        4.37492         20.2047         1.68749 
        4.38106          20.106         1.68149 
        4.38719         20.0456         1.67554 
        4.39333         19.9696         1.66961 
        4.39946         19.8927          1.6637 
         4.4056         19.8236         1.65782 
        4.41173         19.7449         1.65197 
        4.41786         19.6745         1.64616 
          4.424          19.585         1.64037 
        4.43014          19.529          1.6346 
        4.43628         19.4707         1.62886 
        4.44241         19.3795         1.62315 
        4.44855         19.3013         1.61747 
        4.45469         19.2502         1.61181 
        4.46083         19.1757         1.60619 
        4.46696         19.1084         1.60059 
        4.47309         19.0452         1.59502 
        4.47923         18.9567         1.58947 
        4.48537         18.8808         1.58396 
         4.4915         18.8309         1.57846 
        4.49764         18.7605         1.57299 
        4.50378         18.6984         1.56755 
        4.50991         18.6081         1.56214 
        4.51604         18.5507         1.55676 
        4.52218         18.4789         1.55139 
        4.52832         18.4128         1.54605 
        4.53445         18.3601         1.54074 
        4.54059          18.271         1.53545 
        4.54673         18.2414         1.53019 
        4.55286         18.1636         1.52495 
          4.559         18.0788         1.51973 
        4.56513         18.0267         1.51455 
        4.57127         17.9399         1.50938 
        4.57741         17.8886         1.50424 
        4.58354         17.8316         1.49912 
        4.58968         17.7603         1.49403 
        4.59582         17.6861         1.48896 
        4.60195         17.6333         1.48392 
        4.60809         17.5676          1.4789 
        4.61422         17.5183          1.4739 
        4.62036         17.4457         1.46893 
        4.62649         17.3812         1.46397 
        4.63263         17.3306         1.45905 
        4.63876         17.2691         1.45414 
         4.6449         17.2013         1.44926 
        4.65104          17.144         1.44439 
        4.65717         17.0929         1.43956 
        4.66331         17.0149         1.43474 
        4.66944         16.9635         1.42995 
        4.67558         16.9047         1.42518 
        4.68171         16.8445         1.42043 
        4.68785         16.7994          1.4157 
        4.69399         16.7168         1.41099 
        4.70012         16.6729         1.40631 
        4.70625         16.6098         1.40165 
        4.71239         16.5573           1.397 
        4.71853         16.4924         1.39238 
        4.72467          16.439         1.38778 
         4.7308         16.3932          1.3832 
        4.73694         16.3239         1.37864 
        4.74308         16.2702          1.3741 
        4.74922         16.2212         1.36958 
        4.75535         16.1482         1.36509 
        4.76148         16.0883         1.36062 
        4.76762         16.0503         1.35616 
        4.77376         15.9895         1.35172 
        4.77989         15.9396          1.3473 
        4.78602          15.884         1.34291 
        4.79216         15.8268         1.33853 
         4.7983          15.785         1.33417 
        4.80443         15.7204         1.32984 
        4.81056         15.6699         1.32552 
         4.8167         15.6058         1.32122 
        4.82284          15.559         1.31693 
        4.82898         15.5186         1.31267 
        4.83511          15.454         1.30843 
        4.84125         15.4036         1.30421 
        4.84739         15.3383             1.3 
        4.85352         15.3047         1.29582 
        4.85965         15.2623         1.29165 
        4.86579         15.1997          1.2875 
        4.87193          15.143         1.28337 
        4.87807         15.0978         1.27925 
         4.8842         15.0416         1.27516 
        4.89034         15.0088         1.27108 
        4.89647         14.9488         1.26702 
        4.90261         14.9021         1.26298 
        4.90874         14.8547         1.25896 
        4.91488         14.8055         1.25495 
        4.92102         14.7632         1.25096 
        4.92715         14.7063         1.24699 
        4.93329         14.6539         1.24304 
        4.93942         14.6075          1.2391 
        4.94556         14.5693         1.23518 
         4.9517         14.5217         1.23128 
        4.95783         14.4756         1.22739 
        4.96397         14.4194         1.22353 
        4.97011         14.3753         1.21967 
        4.97624         14.3384         1.21584 
        4.98238         14.2811         1.21202 
        4.98851         14.2371         1.20822 
        4.99465         14.1821         1.20443 
        5.00078         14.1346         1.20067 
        5.00691         14.1012         1.19692 
        5.01305          14.049         1.19318 
        5.01919         14.0152         1.18945 
        5.02533         13.9667         1.18575 
        5.03146         13.9142         1.18206 
         5.0376         13.8578         1.17839 
        5.04374         13.8425         1.17473 
        5.04987         13.7794         1.17109 
        5.05601         13.7434         1.16746 
        5.06215         13.6962         1.16385 
        5.06829          13.652         1.16025 
        5.07442         13.6161         1.15667 
        5.08055         13.5698         1.15311 
        5.08668         13.5199         1.14956 
        5.09282         13.4858         1.14602 
        5.09896         13.4459          1.1425 
        5.10509         13.3991           1.139 
        5.11123         13.3547         1.13551 
        5.11736         13.3149         1.13203 
         5.1235         13.2737         1.12857 
        5.12964         13.2339         1.12512 
        5.13577         13.2051         1.12169 
        5.14191         13.1545         1.11827 
        5.14804         13.1316         1.11487 
        5.15418         13.0694         1.11148 
        5.16032         13.0393          1.1081 
        5.16645         13.0023         1.10474 
        5.17259         12.9613         1.10139 
        5.17872         12.9313         1.09806 
        5.18486         12.8762         1.09474 
          5.191         12.8379         1.09143 
        5.19713         12.8083         1.08814 
        5.20327         12.7755         1.08487 
        5.20941         12.7215          1.0816 
        5.21555         12.6909         1.07835 
        5.22168         12.6471         1.07511 
        5.22781         12.6177         1.07189 
        5.23395         12.5739         1.06868 
        5.24009         12.5393         1.06548 
        5.24622         12.4962         1.06229 
        5.25236         12.4569         1.05912 
         5.2585         12.4317         1.05596 
        5.26463         12.3785         1.05281 
        5.27077         12.3595         1.04968 
         5.2769         12.3077         1.04656 
        5.28304         12.2887         1.04345 
        5.28917         12.2452         1.04036 
         5.2953         12.2095         1.03728 
        5.30144         12.1733         1.03421 
        5.30757         12.1401         1.03115 
        5.31371         12.1048         1.02811 
        5.31985         12.0758         1.02507 
        5.32599         12.0397         1.02205 
        5.33213         12.0056         1.01904 
        5.33826         11.9762         1.01604 
         5.3444         11.9435         1.01306 
        5.35053         11.9073         1.01009 
        5.35667         11.8824         1.00713 
        5.36281         11.8385         1.00418 
        5.36894         11.8163         1.00124 
        5.37507         11.7764        0.998319 
        5.38121         11.7468        0.995405 
        5.38735         11.7133        0.992503 
        5.39348         11.6773        0.989615 
        5.39961         11.6508        0.986738 
        5.40575         11.6206         0.98387 
        5.41189         11.5807        0.981013 
        5.41803         11.5494        0.978168 
        5.42416         11.5203        0.975336 
         5.4303         11.4869        0.972513 
        5.43644         11.4545        0.969703 
        5.44257         11.4191        0.966905 
        5.44871          11.389        0.964116 
        5.45484         11.3696        0.961338 
        5.46098         11.3305        0.958572 
        5.46712         11.3125        0.955815 
        5.47325         11.2884        0.953071 
        5.47938         11.2444         0.95034 
        5.48552         11.2075        0.947618 
        5.49165         11.1838        0.944906 
        5.49779         11.1629        0.942204 
        5.50393         11.1278        0.939512 
        5.51006          11.098         0.93683 
         5.5162         11.0754         0.93416 
        5.52234         11.0411        0.931501 
        5.52847         11.0179        0.928851 
        5.53461         10.9866        0.926212 
        5.54075         10.9633        0.923584 
        5.54688         10.9303        0.920966 
        5.55302         10.9134        0.918357 
        5.55915         10.8838        0.915759 
        5.56529         10.8474        0.913172 
        5.57143         10.8242        0.910593 
        5.57756         10.8086        0.908025 
         5.5837         10.7716        0.905468 
        5.58983         10.7562        0.902921 
        5.59597         10.7184        0.900383 
         5.6021         10.7087        0.897855 
        5.60824          10.671        0.895335 
        5.61438         10.6497        0.892827 
        5.62051          10.624        0.890328 
        5.62665          10.591        0.887838 
        5.63278         10.5777        0.885358 
        5.63892         10.5492        0.882888 
        5.64505         10.5192        0.880427 
        5.65119         10.4914        0.877976 
        5.65733         10.4725        0.875534 
        5.66346         10.4544        0.873101 
         5.6696         10.4281        0.870678 
        5.67573         10.4056        0.868263 
        5.68187         10.3833        0.865858 
          5.688         10.3469        0.863463 
        5.69414         10.3316        0.861077 
        5.70028         10.3126        0.858698 
        5.70642          10.295        0.856328 
        5.71255         10.2648        0.853969 
        5.71869         10.2456        0.851619 
        5.72482         10.2234        0.849278 
        5.73096         10.2076        0.846945 
        5.73709         10.1884        0.844623 
        5.74322         10.1565        0.842309 
        5.74936         10.1325        0.840001 
         5.7555         10.1143        0.837702 
        5.76164         10.0866        0.835413 
        5.76777          10.072        0.833134 
        5.77391         10.0472        0.830861 
        5.78005         10.0181        0.828596 
        5.78618         10.0122        0.826342 
        5.79231         9.98356        0.824098 
        5.79845         9.96964        0.821859 
        5.80459         9.94907        0.819627 
        5.81073         9.93263        0.817407 
        5.81686         9.91617        0.815195 
          5.823         9.88984         0.81299 
        5.82914         9.87045        0.810792 
        5.83527          9.8464        0.808606 
         5.8414         9.83137        0.806427 
        5.84754         9.81361        0.804253 
        5.85368         9.79447        0.802089 
        5.85981         9.77964        0.799933 
        5.86595         9.75464        0.797786 
        5.87208         9.74559        0.795646 
        5.87822         9.72429        0.793515 
        5.88435         9.71654        0.791392 
        5.89049         9.69291        0.789275 
        5.89662         9.67598        0.787167 
        5.90276         9.65326        0.785065 
         5.9089         9.63179        0.782971 
        5.91503          9.6214        0.780887 
        5.92117         9.60653        0.778809 
        5.92731         9.59373        0.776738 
        5.93344         9.58234        0.774676 
        5.93958          9.5606        0.772622 
        5.94572          9.5457        0.770574 
        5.95186         9.52407        0.768533 
        5.95799          9.5192        0.766502 
        5.96412         9.50048        0.764477 
        5.97026         9.47735        0.762459 
         5.9764         9.47644        0.760449 
        5.98253          9.4542        0.758448 
        5.98866         9.44261        0.756453 
         5.9948         9.43058        0.754463 
        6.00094         9.41404        0.752482 
        6.00707         9.39748        0.750508 
        6.01321         9.38597        0.748541 
        6.01935         9.36894        0.746581 
        6.02548         9.35694        0.744628 
        6.03162         9.34379        0.742683 
        6.03775         9.33047        0.740746 
        6.04389         9.33116        0.738814 
        6.05003         9.30459        0.736888 
        6.05617         9.29327        0.734969 
         6.0623         9.28354        0.733059 
        6.06844         9.27578        0.731155 
        6.07457         9.26522        0.729258 
         6.0807         9.24935        0.727369 
        6.08684         9.23751        0.725486 
        6.09298         9.22514        0.723608 
        6.09912          9.2154        0.721737 
        6.10525         9.19987        0.719874 
        6.11138         9.19534        0.718017 
        6.11752         9.18898        0.716167 
        6.12366         9.17398        0.714323 
        6.12979         9.16965        0.712486 
        6.13593         9.15911        0.710656 
        6.14207         9.14902        0.708831 
         6.1482         9.14731        0.707013 
        6.15434         9.13026        0.705202 
        6.16047         9.11578        0.703398 
        6.16661         9.11498        0.701599 
        6.17274         9.10199        0.699806 
        6.17887         9.09121        0.698021 
        6.18501         9.08673        0.696241 
        6.19115         9.07971        0.694467 
        6.19729         9.07424        0.692699 
        6.20342          9.0647        0.690938 
        6.20956         9.05831        0.689183 
         6.2157         9.05381        0.687433 
        6.22183         9.04176         0.68569 
        6.22797         9.04015        0.683954 
         6.2341          9.0336        0.682224 
        6.24024         9.02225        0.680498 
        6.24638         9.02996        0.678778 
        6.25251         9.00959        0.677066 
        6.25865         9.01171        0.675359 
        6.26478         9.00408        0.673658 
        6.27092         9.00614        0.671963 
        6.27705         8.99268        0.670275 
        6.28318         8.98422        0.668592 
