# k  (h/Mpc)    P(k)  (Mpc/h)^3    P_linear(k)  (Mpc/h)^3
     0.00783031         1017.74         1034.95 
       0.013688         1262.77         1272.83 
       0.019231         1275.56         1282.66 
      0.0249154         1167.32         1179.31 
      0.0312784         1009.79         1015.02 
      0.0375637         859.308         860.682 
      0.0433917         744.406         748.278 
      0.0492413         666.357         668.087 
      0.0555754         604.582           609.5 
      0.0619321         566.623         566.396 
       0.067871         524.989         528.837 
      0.0738098         483.585         487.327 
      0.0800417             434         438.397 
      0.0862327         385.691         387.955 
      0.0921407         342.168         343.191 
      0.0982031         303.286         304.834 
       0.104506         275.869         274.968 
       0.110769         255.147         254.586 
       0.116806          240.23          241.13 
       0.122832          230.54         230.541 
       0.129052         218.257          219.56 
       0.135211         205.497          206.77 
       0.141259          191.93         192.081 
       0.147318         176.994         176.257 
       0.153489         160.959         160.631 
       0.159709         147.657           146.9 
       0.165845         138.076         136.156 
       0.171974         129.062         128.215 
       0.178125          123.48         122.418 
       0.184229          119.12         117.852 
        0.19034         113.544         113.498 
       0.196428         109.558         108.687 
       0.202534         104.852         103.132 
       0.208729         98.2353         96.9322 
       0.214876         91.6572         90.6829 
       0.220989         86.7821         84.8819 
       0.227147         81.0601         79.8353 
        0.23329          77.053         75.7398 
       0.239377         74.1181         72.5159 
       0.245482         70.8245         69.8667 
       0.251667         69.0767         67.4636 
       0.257832         66.5603         65.0651 
       0.263955         64.0331         62.5177 
       0.270079         61.3575         59.7824 
        0.27624         59.0275          56.932 
       0.282372         56.2911         54.1527 
        0.28843         53.5173         51.6044 
       0.294538         51.2385          49.329 
       0.300721         49.6601         47.3472 
        0.30691         47.5478         45.6393 
       0.313033         46.0799          44.135 
       0.319153         44.1181         42.7172 
       0.325316         43.3508         41.2986 
        0.33145           41.74         39.8559 
       0.337538         40.3905         38.3955 
       0.343633         38.8131         36.9373 
       0.349808         37.5427         35.5091 
       0.355968         36.2571          34.177 
       0.362074          34.995         32.9684 
       0.368217         33.9202         31.8697 
       0.374374         32.7939         30.8657 
       0.380519         31.9713          29.933 
       0.386598         31.1184         29.0505 
       0.392688         30.3708         28.1821 
        0.39888         29.4174         27.3067 
       0.405048         28.6259         26.4433 
       0.411186         27.8389          25.601 
       0.417313         26.8786         24.7916 
       0.423458         26.1531         24.0224 
       0.429607         25.3757          23.299 
       0.435692         24.6306         22.6304 
       0.441815         24.0869          21.998 
       0.447964          23.631         21.3937 
       0.454126         22.7822         20.8107 
       0.460267          22.304         20.2464 
       0.466387         21.6149         19.6961 
        0.47254          21.213         19.1546 
       0.478662         20.7703         18.6314 
       0.484765         20.1382         18.1286 
       0.490885         19.6473          17.645 
       0.497035         19.3623         17.1805 
       0.503198         18.8306         16.7374 
       0.509342         18.3666         16.3157 
       0.515458          17.933         15.9124 
       0.521598         17.5804         15.5207 
       0.527764         17.1538         15.1388 
       0.533884          16.854         14.7707 
           0.54         16.4629         14.4134 
       0.546137         16.1463         14.0651 
       0.552299         15.8358         13.7264 
       0.558452         15.3548         13.3998 
       0.564573          15.131         13.0868 
       0.570708         14.8301          12.785 
       0.576825         14.4463         12.4948 
       0.582926         14.1911          12.215 
       0.589034         13.7979         11.9432 
       0.595184         13.5877         11.6774 
       0.601379         13.2948         11.4174 
       0.607522         13.0925         11.1671 
       0.613639         12.9128         10.9252 
       0.619772         12.5612           10.69 
       0.625918         12.4424         10.4613 
       0.632068         12.2352         10.2394 
       0.638161         11.9391          10.026 
         0.6443         11.6944         9.81742 
       0.650464         11.4575         9.61421 
       0.656582          11.355         9.41839 
       0.662703         11.1399         9.22811 
       0.668861         10.9379         9.04207 
       0.675024          10.716         8.86106 
       0.681124         10.5253          8.6868 
       0.687237         10.3656         8.51683 
       0.693381         10.2184         8.35059 
       0.699536         9.94166          8.1885 
       0.705665         9.83251         8.03141 
       0.711789          9.6641         7.87863 
       0.717957         9.50008         7.72883 
        0.72409         9.33848         7.58383 
       0.730186          9.2065         7.44349 
       0.736317          9.1065         7.30601 
       0.742472         8.95726         7.17154 
       0.748622         8.80495         7.04063 
        0.75476          8.6232         6.91331 
       0.760888         8.51366         6.78936 
       0.767043         8.40913         6.66798 
       0.773185         8.23569         6.54984 
       0.779291         8.16442         6.43526 
       0.785407         8.03125         6.32327 
       0.791564          7.9062         6.21326 
       0.797719         7.76925         6.10595 
       0.803834         7.70746         6.00187 
       0.809972         7.61682         5.89987 
       0.816124         7.45799         5.80004 
       0.822261         7.33958          5.7028 
       0.828378          7.2508          5.6081 
       0.834502         7.18727         5.51549 
       0.840667         7.04755         5.42439 
       0.846816         6.93079         5.33562 
       0.852925         6.87057         5.24942 
       0.859047         6.77787         5.16495 
       0.865192         6.70931         5.08209 
       0.871341         6.63179           5.001 
       0.877463         6.52788         4.92206 
       0.883569         6.41886         4.84504 
       0.889708          6.3178         4.76929 
       0.895864         6.25744         4.69497 
       0.902008         6.17953          4.6224 
       0.908149         6.11308         4.55143 
       0.914301         6.01517         4.48184 
       0.920448         5.93255         4.41378 
       0.926574         5.85483         4.34738 
       0.932687         5.79734         4.28251 
       0.938823         5.72328         4.21873 
       0.944975         5.64752         4.15611 
       0.951105         5.58982           4.095 
       0.957225         5.55925         4.03524 
       0.963368         5.47746         3.97647 
       0.969511         5.40604         3.91888 
       0.975621         5.33296         3.86274 
       0.981748         5.27957         3.80757 
       0.987916         5.22221         3.75313 
        0.99406         5.13525         3.69997 
        1.00019         5.07174         3.64796 
        1.00632         5.03988         3.59699 
        1.01246         4.98123         3.54693 
        1.01859         4.91611         3.49792 
        1.02471         4.86392         3.44989 
        1.03085         4.80992         3.40261 
        1.03698         4.74589         3.35632 
        1.04314         4.70774          3.3107 
        1.04929         4.64709         3.26605 
        1.05541         4.59373          3.2224 
        1.06154         4.55227         3.17944 
        1.06769          4.5228         3.13721 
        1.07382         4.45023         3.09589 
        1.07993         4.39799         3.05541 
        1.08607         4.37396         3.01549 
        1.09222         4.32127         2.97625 
        1.09836         4.28114         2.93775 
        1.10449         4.23469         2.89999 
        1.11063         4.18697         2.86285 
        1.11677          4.1521         2.82638 
         1.1229         4.10998         2.79061 
        1.12903         4.06027         2.75543 
        1.13518         4.02323         2.72083 
        1.14131         3.96999         2.68685 
        1.14745         3.91944         2.65347 
        1.15359         3.89971         2.62066 
        1.15973         3.85091         2.58839 
        1.16584         3.81867         2.55681 
        1.17197         3.78207         2.52572 
        1.17811         3.75375         2.49505 
        1.18424         3.72117         2.46498 
        1.19038         3.68887         2.43532 
        1.19652         3.65013         2.40617 
        1.20267         3.61391         2.37749 
        1.20881          3.5817         2.34929 
        1.21495         3.55101         2.32159 
        1.22108         3.51584         2.29435 
         1.2272         3.49426         2.26761 
        1.23334         3.44786         2.24123 
        1.23949         3.41365         2.21522 
        1.24562          3.3958         2.18969 
        1.25174         3.35392          2.1646 
        1.25789         3.33036         2.13984 
        1.26402         3.29586         2.11551 
        1.27014         3.26586         2.09161 
        1.27628         3.24674         2.06802 
        1.28244         3.20469         2.04475 
        1.28858         3.18862         2.02187 
        1.29471         3.15225         1.99939 
        1.30084         3.12209         1.97728 
        1.30697         3.11498         1.95547 
        1.31312         3.05922         1.93396 
        1.31925          3.0465         1.91284 
        1.32537         3.01888         1.89206 
        1.33151         3.00231         1.87151 
        1.33765         2.96297         1.85129 
        1.34378         2.94211          1.8314 
        1.34992         2.92953         1.81179 
        1.35606         2.88688         1.79243 
         1.3622         2.87656         1.77339 
        1.36833         2.85023         1.75467 
        1.37445         2.82502         1.73623 
        1.38059         2.81071         1.71799 
        1.38675         2.79315         1.69998 
        1.39288         2.76188          1.6823 
        1.39901         2.73431         1.66488 
        1.40515         2.71542         1.64767 
         1.4113         2.69689         1.63071 
        1.41742         2.67705         1.61405 
        1.42355         2.65919          1.5976 
         1.4297         2.63065         1.58133 
        1.43585         2.61875         1.56529 
        1.44198         2.60239         1.54953 
        1.44809          2.5719         1.53403 
        1.45423         2.55257         1.51868 
        1.46036         2.53158         1.50356 
        1.46649         2.51302         1.48865 
        1.47263         2.49299         1.47393 
        1.47877         2.47023         1.45942 
        1.48491          2.4538         1.44508 
        1.49104         2.44057         1.43096 
        1.49718         2.42306         1.41702 
        1.50333         2.40401         1.40325 
        1.50947         2.38771         1.38969 
         1.5156          2.3687         1.37632 
        1.52172         2.35216         1.36314 
        1.52787         2.33475          1.3501 
          1.534         2.31783         1.33724 
        1.54013         2.30167         1.32457 
        1.54627         2.28074         1.31204 
        1.55241         2.26375         1.29967 
        1.55855         2.25309         1.28748 
        1.56467         2.23812         1.27547 
         1.5708         2.21586         1.26359 
        1.57695         2.20324         1.25184 
        1.58308         2.18694         1.24027 
        1.58922         2.17566         1.22884 
        1.59535         2.15965         1.21755 
         1.6015         2.14453          1.2064 
        1.60764         2.13179         1.19538 
        1.61376         2.11812         1.18454 
        1.61989         2.10085         1.17382 
        1.62604         2.08491         1.16322 
        1.63218         2.07912         1.15275 
        1.63831         2.05716         1.14243 
        1.64444         2.04343         1.13224 
        1.65059         2.03377         1.12214 
        1.65673         2.01928         1.11219 
        1.66285         2.00361         1.10238 
        1.66898         1.99394         1.09268 
        1.67512         1.97559         1.08309 
        1.68127         1.96398          1.0736 
         1.6874          1.9575         1.06424 
        1.69353         1.93416         1.05501 
        1.69967         1.92401         1.04586 
        1.70581         1.91947         1.03682 
        1.71193         1.90234         1.02792 
        1.71806         1.89459         1.01911 
        1.72421           1.881         1.01039 
        1.73035         1.86808         1.00178 
        1.73649         1.85602        0.993269 
        1.74262         1.84443        0.984866 
        1.74876          1.8364        0.976554 
        1.75489         1.81875        0.968356 
        1.76101         1.80834        0.960255 
        1.76715         1.79929        0.952235 
        1.77329         1.78968        0.944298 
        1.77943         1.77379        0.936447 
        1.78557         1.76479        0.928698 
        1.79171         1.75897        0.921036 
        1.79785         1.74306        0.913459 
        1.80399         1.73444        0.905969 
        1.81012         1.72715        0.898573 
        1.81625         1.71323        0.891263 
        1.82239          1.7022        0.884024 
        1.82853         1.68779        0.876869 
        1.83466         1.68392        0.869801 
        1.84078         1.67254        0.862818 
        1.84692         1.66523        0.855901 
        1.85306          1.6519        0.849051 
         1.8592         1.64343        0.842287 
        1.86533         1.63277        0.835601 
        1.87147         1.62645         0.82898 
        1.87761         1.61572        0.822427 
        1.88375         1.60282        0.815954 
        1.88988          1.5979        0.809557 
        1.89601         1.58669        0.803225 
        1.90215         1.57472        0.796956 
        1.90829         1.56537        0.790757 
        1.91442         1.56009        0.784623 
        1.92056         1.55036        0.778561 
         1.9267         1.54185        0.772555 
        1.93284         1.53655         0.76661 
        1.93897         1.52591        0.760739 
        1.94509         1.51588        0.754942 
        1.95123         1.50562        0.749191 
        1.95737         1.49855        0.743495 
        1.96349         1.49057        0.737874 
        1.96964         1.48462        0.732294 
        1.97578         1.47456         0.72677 
        1.98192         1.46756        0.721315 
        1.98805          1.4575        0.715914 
        1.99419         1.45289        0.710569 
        2.00033         1.44818        0.705276 
        2.00647          1.4348        0.700039 
         2.0126         1.42992        0.694864 
        2.01874         1.41958        0.689733 
        2.02488         1.41473         0.68465 
        2.03101         1.40279        0.679627 
        2.03714         1.39512         0.67466 
        2.04328         1.39166        0.669737 
        2.04941         1.38085        0.664867 
        2.05554         1.37596        0.660049 
        2.06167          1.3672        0.655273 
        2.06781         1.36266        0.650543 
        2.07396         1.35398        0.645853 
        2.08009         1.34729        0.641218 
        2.08622         1.33847        0.636633 
        2.09237         1.33488        0.632085 
        2.09851         1.32689         0.62758 
        2.10464         1.32285        0.623127 
        2.11077         1.31348        0.618722 
        2.11691         1.30563         0.61435 
        2.12305         1.30137         0.61002 
        2.12918         1.29401        0.605743 
        2.13531         1.28779        0.601506 
        2.14145         1.28001        0.597299 
         2.1476         1.27245        0.593129 
        2.15372          1.2672        0.589018 
        2.15985          1.2599        0.584943 
        2.16599         1.25489        0.580895 
        2.17213         1.24705        0.576889 
        2.17827         1.24326        0.572922 
         2.1844         1.23779        0.568996 
        2.19054         1.23306        0.565106 
        2.19666         1.22526        0.561257 
         2.2028         1.21895        0.557441 
        2.20893          1.2127        0.553658 
        2.21508         1.20935        0.549907 
        2.22122         1.19841        0.546189 
        2.22736         1.19377        0.542513 
        2.23349         1.19263        0.538872 
        2.23962         1.18315        0.535263 
        2.24577         1.17836        0.531683 
         2.2519         1.17116        0.528142 
        2.25802         1.16846        0.524638 
        2.26417           1.161        0.521156 
        2.27031         1.15698        0.517703 
        2.27644         1.15099        0.514292 
        2.28257         1.14602        0.510911 
        2.28872         1.13985        0.507554 
        2.29486         1.13528        0.504229 
        2.30099          1.1287         0.50094 
        2.30712         1.12357        0.497678 
        2.31326         1.12125        0.494441 
         2.3194         1.11515        0.491234 
        2.32553         1.11081        0.488061 
        2.33166         1.10313        0.484918 
         2.3378          1.0978        0.481798 
        2.34394         1.09246        0.478704 
        2.35007         1.08787        0.475642 
        2.35619         1.08586        0.472611 
        2.36233         1.07776        0.469598 
        2.36848         1.07413        0.466606 
        2.37462         1.06925        0.463647 
        2.38075         1.06514        0.460715 
        2.38689         1.06033        0.457807 
        2.39303         1.05563        0.454924 
        2.39916         1.04963        0.452069 
        2.40529         1.04681        0.449239 
        2.41143         1.04131        0.446431 
        2.41757         1.03684        0.443646 
         2.4237         1.03416        0.440889 
        2.42983         1.02768        0.438157 
        2.43598         1.02471         0.43544 
        2.44211         1.02001        0.432751 
        2.44823         1.01495         0.43009 
        2.45437         1.01121        0.427445 
        2.46052         1.00808        0.424819 
        2.46665         1.00296        0.422221 
        2.47279         0.99835        0.419645 
        2.47892        0.992938        0.417089 
        2.48507        0.990097        0.414551 
         2.4912        0.985051         0.41204 
        2.49733        0.982093        0.409551 
        2.50347        0.977868        0.407078 
        2.50961        0.973465        0.404626 
        2.51575        0.971323        0.402195 
        2.52188        0.964585        0.399787 
        2.52802        0.961581        0.397396 
        2.53416        0.957121        0.395024 
        2.54029         0.95204        0.392675 
        2.54641        0.949864        0.390347 
        2.55255        0.946132        0.388035 
        2.55869        0.939617        0.385738 
        2.56483        0.938077        0.383462 
        2.57096        0.933192        0.381208 
        2.57709        0.931516        0.378972 
        2.58323        0.926343         0.37675 
        2.58937        0.922206        0.374546 
        2.59551        0.918913        0.372362 
        2.60164        0.915919        0.370197 
        2.60778         0.91162        0.368046 
        2.61392        0.906762        0.365913 
        2.62006         0.90377        0.363797 
        2.62619        0.902143        0.361701 
        2.63232        0.897651        0.359621 
        2.63846        0.894497        0.357554 
        2.64459        0.891056        0.355507 
        2.65072        0.887298        0.353476 
        2.65686        0.885609         0.35146 
          2.663        0.880314        0.349457 
        2.66915        0.877412        0.347469 
        2.67527        0.873646        0.345502 
        2.68141        0.870362        0.343549 
        2.68755        0.867784        0.341609 
        2.69368         0.86382        0.339685 
        2.69981        0.860887        0.337779 
        2.70595        0.857926        0.335883 
        2.71209        0.854391        0.334002 
        2.71823        0.850176        0.332137 
        2.72436        0.846638        0.330287 
         2.7305        0.845577        0.328451 
        2.73663        0.841381        0.326628 
        2.74276        0.838553        0.324822 
         2.7489        0.836301        0.323027 
        2.75504        0.833656        0.321244 
        2.76118        0.829179        0.319474 
        2.76732        0.824689         0.31772 
        2.77345        0.824231         0.31598 
        2.77959         0.82041        0.314252 
        2.78572          0.8179        0.312538 
        2.79186         0.81641        0.310837 
        2.79798        0.811923         0.30915 
        2.80412        0.809015        0.307473 
        2.81027        0.806685        0.305806 
         2.8164        0.803239        0.304156 
        2.82253        0.799378        0.302517 
        2.82867        0.798146         0.30089 
        2.83481        0.794854        0.299275 
        2.84095        0.792263        0.297671 
        2.84708        0.790712        0.296081 
        2.85322        0.786314        0.294501 
        2.85935          0.7857        0.292933 
        2.86549        0.782419        0.291377 
        2.87162        0.779091        0.289832 
        2.87776        0.776187        0.288299 
        2.88389        0.773272        0.286776 
        2.89003        0.771246        0.285265 
        2.89617        0.768457        0.283764 
        2.90231        0.765418        0.282275 
        2.90844        0.763278        0.280796 
        2.91458         0.76028        0.279328 
        2.92071        0.758605        0.277872 
        2.92684        0.756045        0.276425 
        2.93298        0.753229        0.274989 
         2.9391        0.750139        0.273565 
        2.94524        0.748662        0.272149 
        2.95138        0.746622        0.270742 
        2.95752        0.743611        0.269344 
        2.96367        0.741189        0.267956 
         2.9698         0.74004        0.266581 
        2.97594        0.736764        0.265214 
        2.98207        0.734589        0.263856 
        2.98821        0.733242        0.262509 
        2.99434        0.729673        0.261172 
        3.00048        0.727949        0.259843 
        3.00662        0.725064        0.258523 
        3.01275        0.723402        0.257214 
        3.01888        0.722436        0.255914 
        3.02503        0.718894        0.254621 
        3.03117        0.716953        0.253337 
        3.03729        0.714573        0.252065 
        3.04342        0.712526        0.250801 
        3.04957        0.711391        0.249543 
         3.0557        0.708127        0.248295 
        3.06183        0.706757        0.247058 
        3.06796        0.706093        0.245828 
        3.07411        0.703111        0.244603 
        3.08025         0.70134         0.24339 
        3.08637         0.69895        0.242186 
         3.0925        0.697991        0.240989 
        3.09865        0.695391        0.239798 
         3.1048        0.692749        0.238615 
        3.11093        0.690883        0.237443 
        3.11706         0.68951        0.236278 
         3.1232        0.687749        0.235121 
        3.12933        0.685125        0.233971 
        3.13547         0.68351         0.23283 
        3.14159        0.681299        0.231697 
        3.14773        0.680052         0.23057 
        3.15388        0.678272         0.22945 
        3.16001        0.676674        0.228339 
        3.16614        0.675009        0.227236 
        3.17228        0.673157        0.226139 
        3.17842        0.671766        0.225049 
        3.18455        0.669916        0.223967 
        3.19068        0.667685        0.222893 
        3.19682        0.666562        0.221825 
        3.20297        0.665546        0.220763 
         3.2091         0.66386        0.219709 
        3.21524        0.661948        0.218662 
        3.22138        0.660691        0.217622 
         3.2275        0.658237         0.21659 
        3.23363        0.658018        0.215565 
        3.23977        0.656401        0.214545 
        3.24591        0.655058        0.213531 
        3.25205        0.653379        0.212524 
        3.25818        0.650575        0.211524 
        3.26432        0.649839         0.21053 
        3.27046         0.64892        0.209543 
         3.2766        0.648565        0.208562 
        3.28273         0.64587        0.207588 
        3.28887        0.645403         0.20662 
          3.295        0.643111        0.205658 
        3.30113        0.641877        0.204703 
        3.30727        0.640829        0.203753 
        3.31341        0.638758         0.20281 
        3.31954        0.637669        0.201873 
        3.32568        0.637128        0.200941 
        3.33182        0.635789        0.200015 
        3.33795        0.633863        0.199096 
        3.34409         0.63397        0.198181 
        3.35022         0.63269        0.197273 
        3.35636        0.630764        0.196371 
         3.3625        0.629568        0.195473 
        3.36864        0.627894        0.194582 
        3.37477        0.627286        0.193696 
        3.38091        0.626959        0.192817 
        3.38704        0.625917        0.191942 
        3.39318        0.624439        0.191073 
        3.39931        0.623928        0.190209 
        3.40545        0.623015        0.189351 
        3.41158        0.621937        0.188498 
        3.41772        0.620768        0.187651 
        3.42385        0.619401        0.186809 
        3.42998        0.618592        0.185972 
        3.43612        0.618097         0.18514 
        3.44226        0.617453        0.184313 
         3.4484        0.616644        0.183489 
        3.45453        0.615334        0.182673 
        3.46066        0.614245        0.181862 
        3.46681        0.613857        0.181054 
        3.47295        0.613142        0.180251 
        3.47908        0.613306        0.179455 
        3.48521        0.611235        0.178663 
        3.49135        0.611497        0.177875 
        3.49749        0.609863        0.177093 
        3.50362        0.609308        0.176315 
        3.50976        0.608782        0.175542 
        3.51589        0.607952        0.174773 
        3.52203        0.607293        0.174009 
        3.52816        0.607406        0.173251 
        3.53429        0.605752        0.172496 
        3.54043          0.6055        0.171745 
        3.54657        0.605803        0.170999 
        3.55271        0.604789        0.170258 
        3.55884        0.604877        0.169522 
        3.56498        0.604527        0.168789 
        3.57112        0.603592         0.16806 
        3.57725        0.603121        0.167337 
        3.58338        0.602045        0.166618 
        3.58952        0.602401        0.165903 
        3.59566        0.601765        0.165191 
         3.6018        0.601026        0.164484 
        3.60793        0.601268        0.163782 
        3.61407        0.600873        0.163083 
        3.62021        0.600985        0.162389 
        3.62634        0.599983        0.161699 
        3.63247        0.600075        0.161013 
        3.63861        0.599911         0.16033 
        3.64475        0.599242        0.159651 
        3.65089        0.600198        0.158977 
        3.65702        0.599492        0.158307 
        3.66316        0.599696         0.15764 
        3.66929        0.598417        0.156978 
        3.67543        0.599886        0.156319 
        3.68156        0.598398        0.155664 
        3.68769        0.597591        0.155013 
        3.69383        0.599587        0.154365 
        3.69997        0.598598        0.153721 
        3.70611         0.59895        0.153082 
        3.71224        0.598382        0.152445 
        3.71838        0.599334        0.151812 
        3.72451         0.59944        0.151183 
        3.73065        0.598631        0.150558 
        3.73678        0.600263        0.149936 
        3.74292        0.599114        0.149317 
        3.74906        0.599767        0.148702 
        3.75519        0.599793        0.148091 
        3.76133        0.600052        0.147483 
        3.76746        0.600639        0.146878 
         3.7736        0.600724        0.146277 
        3.77974        0.600517        0.145679 
        3.78588        0.600961        0.145084 
        3.79201        0.600771        0.144493 
        3.79814        0.601823        0.143906 
        3.80428        0.601919        0.143321 
        3.81042        0.602445         0.14274 
        3.81655         0.60273        0.142162 
        3.82268        0.603532        0.141587 
        3.82882        0.604026        0.141016 
        3.83496        0.604316        0.140447 
        3.84109         0.60508        0.139882 
        3.84723        0.604504         0.13932 
        3.85337        0.605878         0.13876 
        3.85951        0.606141        0.138203 
        3.86565        0.607176        0.137651 
        3.87178         0.60793        0.137101 
        3.87791         0.60846        0.136555 
        3.88405          0.6089         0.13601 
        3.89019        0.610266         0.13547 
        3.89632        0.609415        0.134932 
        3.90246        0.611092        0.134397 
         3.9086        0.612114        0.133864 
        3.91473        0.612959        0.133335 
        3.92086        0.613507         0.13281 
        3.92699        0.614145        0.132286 
        3.93313        0.615143        0.131765 
        3.93927        0.616347        0.131248 
         3.9454        0.616644        0.130733 
        3.95154        0.617448         0.13022 
        3.95768        0.619081         0.12971 
        3.96382        0.619158        0.129204 
        3.96995        0.620755          0.1287 
        3.97609        0.620837        0.128198 
        3.98222        0.622797          0.1277 
        3.98836        0.623447        0.127204 
         3.9945        0.624046        0.126711 
        4.00063        0.625425         0.12622 
        4.00677        0.627383        0.125732 
        4.01291        0.629022        0.125246 
        4.01904        0.629776        0.124764 
        4.02517        0.630587        0.124284 
        4.03131        0.633129        0.123806 
        4.03745        0.633357         0.12333 
        4.04358        0.634383        0.122858 
        4.04972         0.63663        0.122388 
        4.05585        0.636902         0.12192 
        4.06199        0.638861        0.121455 
        4.06812        0.639929        0.120992 
        4.07426        0.641214        0.120531 
         4.0804         0.64375        0.120073 
        4.08654        0.643967        0.119617 
        4.09267        0.646449        0.119164 
         4.0988        0.647242        0.118714 
        4.10494         0.65067        0.118265 
        4.11108        0.651056        0.117819 
        4.11721        0.652218        0.117375 
        4.12334         0.65399        0.116934 
        4.12948        0.655725        0.116495 
        4.13561        0.657391        0.116058 
        4.14176        0.659017        0.115622 
        4.14789        0.661136         0.11519 
        4.15403         0.66284         0.11476 
        4.16016        0.664683        0.114331 
         4.1663        0.666815        0.113906 
        4.17243        0.669072        0.113482 
        4.17857        0.668641         0.11306 
        4.18471        0.672534        0.112641 
        4.19084         0.67283        0.112224 
        4.19698        0.675751        0.111809 
        4.20312        0.676931        0.111395 
        4.20925        0.679844        0.110985 
        4.21538         0.68071        0.110576 
        4.22152        0.684234        0.110169 
        4.22766        0.686469        0.109764 
         4.2338        0.687732        0.109362 
        4.23993        0.690399        0.108961 
        4.24607        0.690959        0.108562 
         4.2522        0.695113        0.108166 
        4.25834        0.696982        0.107771 
        4.26447        0.698775        0.107379 
        4.27061        0.701058        0.106988 
        4.27674        0.703702        0.106599 
        4.28288        0.705904        0.106212 
        4.28902        0.708783        0.105827 
        4.29515        0.710626        0.105444 
        4.30129        0.713325        0.105063 
        4.30743        0.715705        0.104684 
        4.31356        0.718464        0.104307 
        4.31969        0.719114        0.103932 
        4.32583        0.722631        0.103558 
        4.33197        0.725138        0.103186 
         4.3381         0.72776        0.102816 
        4.34424         0.72981        0.102448 
        4.35038        0.732744        0.102081 
        4.35652        0.734401        0.101717 
        4.36265         0.73903        0.101354 
        4.36878        0.741136        0.100994 
        4.37492        0.744069        0.100634 
        4.38106        0.744921        0.100277 
        4.38719        0.748704       0.0999213 
        4.39333        0.751871       0.0995677 
        4.39946        0.753702       0.0992155 
         4.4056        0.756359        0.098865 
        4.41173         0.76028       0.0985162 
        4.41786        0.762032       0.0981696 
          4.424        0.765955       0.0978242 
        4.43014        0.769907       0.0974801 
        4.43628        0.772498       0.0971378 
        4.44241         0.77517       0.0967975 
        4.44855         0.77831       0.0964586 
        4.45469        0.781551       0.0961212 
        4.46083        0.784442       0.0957858 
        4.46696        0.787882       0.0954522 
        4.47309        0.789431       0.0951197 
        4.47923        0.793036       0.0947889 
        4.48537        0.796547       0.0944599 
         4.4915        0.799871       0.0941324 
        4.49764        0.801866       0.0938062 
        4.50378        0.805805       0.0934816 
        4.50991        0.806866        0.093159 
        4.51604        0.810708       0.0928379 
        4.52218        0.815259       0.0925176 
        4.52832        0.818857       0.0921993 
        4.53445        0.822136       0.0918827 
        4.54059        0.825181       0.0915674 
        4.54673        0.828324       0.0912534 
        4.55286        0.832541       0.0909409 
          4.559        0.835992         0.09063 
        4.56513        0.838404       0.0903208 
        4.57127        0.841725       0.0900128 
        4.57741        0.846987       0.0897061 
        4.58354        0.849552       0.0894011 
        4.58968        0.853374       0.0890974 
        4.59582        0.855919        0.088795 
        4.60195        0.858552       0.0884942 
        4.60809        0.863698       0.0881949 
        4.61422        0.866429       0.0878969 
        4.62036          0.8715       0.0876003 
        4.62649        0.875585       0.0873049 
        4.63263        0.879512       0.0870111 
        4.63876        0.880693       0.0867185 
         4.6449        0.882482       0.0864272 
        4.65104         0.88879       0.0861373 
        4.65717        0.891799        0.085849 
        4.66331        0.894545       0.0855618 
        4.66944        0.898974       0.0852758 
        4.67558        0.903775       0.0849915 
        4.68171        0.907036       0.0847082 
        4.68785        0.911294        0.084426 
        4.69399        0.913382       0.0841453 
        4.70012        0.919387       0.0838663 
        4.70625        0.921458       0.0835882 
        4.71239        0.927088       0.0833112 
        4.71853        0.929169       0.0830356 
        4.72467        0.933274       0.0827611 
         4.7308        0.938387       0.0824881 
        4.73694        0.940357       0.0822163 
        4.74308        0.945063       0.0819456 
        4.74922        0.949731        0.081676 
        4.75535        0.953966        0.081408 
        4.76148        0.956976       0.0811412 
        4.76762        0.959378       0.0808752 
        4.77376        0.964536       0.0806106 
        4.77989        0.966759       0.0803474 
        4.78602        0.971858       0.0800853 
        4.79216        0.976353       0.0798241 
         4.7983         0.98096       0.0795642 
        4.80443        0.984516       0.0793057 
        4.81056        0.987252       0.0790482 
         4.8167        0.990255       0.0787916 
        4.82284        0.995213       0.0785362 
        4.82898         1.00076       0.0782821 
        4.83511          1.0055       0.0780293 
        4.84125         1.00818       0.0777772 
        4.84739         1.01365       0.0775264 
        4.85352         1.01737        0.077277 
        4.85965         1.01933       0.0770284 
        4.86579         1.02653        0.076781 
        4.87193         1.02802       0.0765345 
        4.87807         1.03363       0.0762892 
         4.8842         1.03641       0.0760451 
        4.89034         1.03937       0.0758019 
        4.89647         1.04722       0.0755598 
        4.90261         1.04778       0.0753188 
        4.90874         1.05522       0.0750791 
        4.91488          1.0565       0.0748402 
        4.92102         1.06005       0.0746022 
        4.92715         1.06606       0.0743654 
        4.93329         1.06926       0.0741297 
        4.93942         1.07353       0.0738949 
        4.94556         1.07801       0.0736611 
         4.9517         1.08209       0.0734283 
        4.95783         1.08647       0.0731966 
        4.96397         1.09131       0.0729659 
        4.97011           1.094       0.0727362 
        4.97624         1.09801       0.0725075 
        4.98238         1.10174       0.0722799 
        4.98851         1.10623       0.0720532 
        4.99465         1.10988       0.0718274 
        5.00078         1.11255       0.0716027 
        5.00691         1.11917       0.0713791 
        5.01305         1.12253       0.0711562 
        5.01919         1.12562       0.0709341 
        5.02533         1.13049       0.0707131 
        5.03146         1.13308       0.0704932 
         5.0376         1.13731       0.0702742 
        5.04374         1.14418        0.070056 
        5.04987         1.14648       0.0698387 
        5.05601         1.15078       0.0696225 
        5.06215         1.15617       0.0694071 
        5.06829         1.15796       0.0691925 
        5.07442         1.16174       0.0689791 
        5.08055         1.16768       0.0687667 
        5.08668         1.17062       0.0685549 
        5.09282          1.1771        0.068344 
        5.09896         1.18226       0.0681341 
        5.10509         1.18416       0.0679252 
        5.11123         1.18576        0.067717 
        5.11736         1.19156       0.0675097 
         5.1235         1.19529       0.0673032 
        5.12964         1.19776       0.0670977 
        5.13577         1.20293       0.0668929 
        5.14191         1.20553       0.0666891 
        5.14804         1.20891       0.0664863 
        5.15418         1.21314       0.0662842 
        5.16032         1.21779       0.0660828 
        5.16645         1.22149       0.0658823 
        5.17259           1.226       0.0656827 
        5.17872         1.22855        0.065484 
        5.18486         1.23489       0.0652859 
          5.191         1.23816       0.0650887 
        5.19713         1.23959       0.0648925 
        5.20327         1.24553       0.0646971 
        5.20941         1.24559       0.0645022 
        5.21555         1.25175       0.0643082 
        5.22168         1.25596       0.0641152 
        5.22781          1.2596        0.063923 
        5.23395         1.26113       0.0637315 
        5.24009         1.26563       0.0635407 
        5.24622         1.27004       0.0633508 
        5.25236          1.2698       0.0631617 
         5.2585         1.27622       0.0629732 
        5.26463         1.28188       0.0627855 
        5.27077         1.28481       0.0625987 
         5.2769         1.28946       0.0624127 
        5.28304         1.29035       0.0622274 
        5.28917         1.29274       0.0620429 
         5.2953         1.29792       0.0618592 
        5.30144         1.30117       0.0616762 
        5.30757         1.30634       0.0614938 
        5.31371         1.31037       0.0613122 
        5.31985         1.31086       0.0611312 
        5.32599          1.3156        0.060951 
        5.33213          1.3193       0.0607715 
        5.33826         1.32237       0.0605929 
         5.3444         1.32585        0.060415 
        5.35053         1.33001       0.0602377 
        5.35667         1.33151       0.0600612 
        5.36281          1.3388       0.0598853 
        5.36894         1.33822       0.0597102 
        5.37507         1.34242       0.0595359 
        5.38121         1.34753       0.0593621 
        5.38735          1.3488        0.059189 
        5.39348         1.35224       0.0590168 
        5.39961          1.3572       0.0588452 
        5.40575         1.35696       0.0586742 
        5.41189         1.36126       0.0585038 
        5.41803         1.36508       0.0583342 
        5.42416         1.36624       0.0581653 
         5.4303         1.37264       0.0579969 
        5.43644         1.37495       0.0578294 
        5.44257         1.37561       0.0576625 
        5.44871         1.37918       0.0574962 
        5.45484         1.38388       0.0573305 
        5.46098          1.3846       0.0571655 
        5.46712          1.3913       0.0570011 
        5.47325         1.39047       0.0568375 
        5.47938         1.39427       0.0566746 
        5.48552         1.40045       0.0565123 
        5.49165         1.39906       0.0563506 
        5.49779         1.40313       0.0561895 
        5.50393         1.40627       0.0560289 
        5.51006         1.40997        0.055869 
         5.5162         1.41129       0.0557098 
        5.52234         1.41546       0.0555512 
        5.52847         1.41806       0.0553932 
        5.53461         1.42154       0.0552358 
        5.54075         1.42477        0.055079 
        5.54688         1.42689       0.0549229 
        5.55302         1.43006       0.0547674 
        5.55915         1.43124       0.0546124 
        5.56529         1.43644       0.0544582 
        5.57143         1.43567       0.0543044 
        5.57756         1.44192       0.0541512 
         5.5837         1.44296       0.0539987 
        5.58983         1.44456       0.0538469 
        5.59597          1.4475       0.0536955 
         5.6021         1.45275       0.0535447 
        5.60824         1.45356       0.0533945 
        5.61438         1.45731       0.0532449 
        5.62051         1.45826       0.0530958 
        5.62665         1.46022       0.0529474 
        5.63278         1.46393       0.0527995 
        5.63892         1.46449       0.0526522 
        5.64505         1.47057       0.0525054 
        5.65119         1.47137       0.0523593 
        5.65733         1.47178       0.0522136 
        5.66346           1.476       0.0520686 
         5.6696         1.47735        0.051924 
        5.67573         1.48055         0.05178 
        5.68187         1.48529       0.0516366 
          5.688          1.4853       0.0514938 
        5.69414         1.48853       0.0513515 
        5.70028         1.48978       0.0512096 
        5.70642         1.49533       0.0510683 
        5.71255         1.49603       0.0509276 
        5.71869         1.49603       0.0507875 
        5.72482         1.50014       0.0506479 
        5.73096         1.50271       0.0505087 
        5.73709         1.50437       0.0503702 
        5.74322         1.50584       0.0502323 
        5.74936         1.50933       0.0500946 
         5.7555         1.51113       0.0499575 
        5.76164         1.51146        0.049821 
        5.76777         1.51626       0.0496851 
        5.77391         1.51777       0.0495496 
        5.78005         1.52158       0.0494145 
        5.78618         1.52264       0.0492801 
        5.79231         1.52382       0.0491463 
        5.79845         1.52956       0.0490128 
        5.80459         1.52907       0.0488797 
        5.81073         1.53327       0.0487472 
        5.81686         1.53502       0.0486154 
          5.823         1.53562       0.0484838 
        5.82914         1.53698       0.0483528 
        5.83527         1.54206       0.0482224 
         5.8414         1.54358       0.0480924 
        5.84754         1.54499       0.0479628 
        5.85368         1.54757       0.0478337 
        5.85981         1.54877       0.0477052 
        5.86595         1.55392       0.0475771 
        5.87208         1.55441       0.0474495 
        5.87822         1.55899       0.0473225 
        5.88435         1.55542       0.0471959 
        5.89049          1.5608       0.0470696 
        5.89662         1.56321       0.0469439 
        5.90276         1.56417       0.0468185 
         5.9089          1.5678       0.0466937 
        5.91503         1.56964       0.0465694 
        5.92117         1.57438       0.0464455 
        5.92731         1.57614        0.046322 
        5.93344         1.57757        0.046199 
        5.93958         1.57813       0.0460765 
        5.94572         1.57978       0.0459544 
        5.95186         1.58416       0.0458326 
        5.95799         1.58482       0.0457115 
        5.96412         1.58753       0.0455908 
        5.97026         1.58899       0.0454704 
         5.9764         1.59221       0.0453506 
        5.98253         1.59253       0.0452313 
        5.98866         1.59397       0.0451123 
         5.9948         1.59801       0.0449936 
        6.00094         1.60143       0.0448755 
        6.00707         1.60261       0.0447578 
        6.01321         1.60501       0.0446404 
        6.01935         1.60892       0.0445236 
        6.02548         1.60957       0.0444071 
        6.03162         1.61439       0.0442911 
        6.03775         1.61304       0.0441756 
        6.04389           1.619       0.0440604 
        6.05003         1.62021       0.0439455 
        6.05617         1.62065       0.0438311 
         6.0623         1.62329       0.0437172 
        6.06844         1.62667       0.0436036 
        6.07457         1.63038       0.0434905 
         6.0807         1.63097       0.0433778 
        6.08684         1.63415       0.0432656 
        6.09298         1.63694       0.0431536 
        6.09912         1.63993        0.043042 
        6.10525         1.64279       0.0429309 
        6.11138          1.6449       0.0428202 
        6.11752         1.64729       0.0427098 
        6.12366         1.64982       0.0425998 
        6.12979          1.6547       0.0424903 
        6.13593         1.65651       0.0423812 
        6.14207         1.65879       0.0422723 
         6.1482         1.66269       0.0421639 
        6.15434         1.66548       0.0420559 
        6.16047         1.66775       0.0419483 
        6.16661         1.66965       0.0418411 
        6.17274         1.67356       0.0417342 
        6.17887         1.67779       0.0416277 
        6.18501         1.67902       0.0415216 
        6.19115         1.68175       0.0414158 
        6.19729         1.68535       0.0413103 
        6.20342         1.68687       0.0412053 
        6.20956         1.69116       0.0411006 
         6.2157         1.69407       0.0409963 
        6.22183         1.69832       0.0408923 
        6.22797         1.69882       0.0407888 
         6.2341         1.70427       0.0406856 
        6.24024         1.70775       0.0405827 
        6.24638         1.71219       0.0404802 
        6.25251         1.71298       0.0403781 
        6.25865         1.71563       0.0402763 
        6.26478         1.72034       0.0401748 
        6.27092         1.72164       0.0400738 
        6.27705         1.72677       0.0399731 
        6.28318         1.71791       0.0398727 
