# k  (h/Mpc)    P(k)  (Mpc/h)^3    P_linear(k)  (Mpc/h)^3
     0.00783031         14719.4         14941.2 
       0.013688         18501.4         18353.2 
       0.019231         18505.3         18483.6 
      0.0249154           16630         16988.1 
      0.0312784         14447.6         14617.7 
      0.0375637         12380.9         12392.8 
      0.0433917         10575.8         10773.1 
      0.0492413         9539.16          9617.8 
      0.0555754         8494.14         8773.78 
      0.0619321          8146.5         8152.86 
       0.067871         7384.17         7611.93 
      0.0738098         6806.54         7014.23 
      0.0800417         6060.79         6309.79 
      0.0862327         5447.97         5583.66 
      0.0921407         4923.35         4939.31 
      0.0982031         4362.74         4387.19 
       0.104506         4070.04         3957.31 
       0.110769         3762.58         3663.92 
       0.116806         3546.61         3470.23 
       0.122832         3389.62         3317.81 
       0.129052         3153.98         3159.77 
       0.135211          2985.9         2975.68 
       0.141259         2841.24         2764.27 
       0.147318          2657.1         2536.52 
       0.153489         2420.33         2311.64 
       0.159709         2275.85         2114.03 
       0.165845          2179.9          1959.4 
       0.171974         2058.13         1845.12 
       0.178125          1961.4         1761.69 
       0.184229         1881.51         1695.98 
        0.19034         1778.13         1633.32 
       0.196428          1742.3         1564.07 
       0.202534         1675.17         1484.13 
       0.208729          1592.6         1394.91 
       0.214876         1519.42         1304.98 
       0.220989         1463.76          1221.5 
       0.227147         1398.14         1148.87 
        0.23329         1341.79         1089.93 
       0.239377         1318.63         1043.54 
       0.245482         1235.88         1005.42 
       0.251667         1229.07         970.831 
       0.257832         1181.01         936.316 
       0.263955         1141.96         899.656 
       0.270079         1101.12         860.293 
        0.27624         1088.06         819.274 
       0.282372         1042.12         779.278 
        0.28843         1030.64         742.606 
       0.294538         978.453         709.862 
       0.300721         973.294         681.342 
        0.30691          933.35         656.765 
       0.313033         915.308         635.117 
       0.319153         896.457         614.714 
       0.325316         867.906         594.299 
        0.33145         846.999         573.539 
       0.337538         833.019         552.523 
       0.343633         812.074         531.539 
       0.349808         783.806         510.986 
       0.355968         778.604         491.817 
       0.362074         769.408         474.423 
       0.368217         746.051         458.613 
       0.374374         716.084         444.165 
       0.380519         716.089         430.743 
       0.386598          696.33         418.043 
       0.392688         693.981         405.547 
        0.39888         673.318          392.95 
       0.405048         663.022         380.525 
       0.411186         653.463         368.404 
       0.417313         639.996         356.757 
       0.423458         628.466         345.688 
       0.429607         619.596         335.278 
       0.435692         605.619         325.656 
       0.441815          600.55         316.556 
       0.447964         588.008          307.86 
       0.454126         579.688          299.47 
       0.460267         566.981          291.35 
       0.466387         560.613          283.43 
        0.47254         553.558         275.638 
       0.478662         550.166          268.11 
       0.484765         532.474         260.874 
       0.490885         528.659         253.914 
       0.497035         518.225          247.23 
       0.503198         513.659         240.854 
       0.509342         509.159         234.786 
       0.515458         505.016         228.982 
       0.521598         492.339         223.345 
       0.527764         483.803          217.85 
       0.533884         481.847         212.553 
           0.54         475.709         207.411 
       0.546137         473.109           202.4 
       0.552299         464.845         197.525 
       0.558452         462.285         192.825 
       0.564573         455.887         188.321 
       0.570708           449.6         183.978 
       0.576825         438.408         179.803 
       0.582926         438.471         175.775 
       0.589034         434.589         171.864 
       0.595184         430.793         168.039 
       0.601379         424.322         164.297 
       0.607522         418.434         160.696 
       0.613639         417.524         157.215 
       0.619772         408.098          153.83 
       0.625918         406.703          150.54 
       0.632068         400.429         147.346 
       0.638161         398.955         144.276 
         0.6443         392.084         141.274 
       0.650464         389.427          138.35 
       0.656582         386.704         135.532 
       0.662703         385.368         132.794 
       0.668861         378.632         130.117 
       0.675024         375.358         127.512 
       0.681124         372.527         125.004 
       0.687237         369.123         122.558 
       0.693381         363.989         120.166 
       0.699536         359.578         117.833 
       0.705665         357.669         115.573 
       0.711789         355.791         113.374 
       0.717957         352.762         111.219 
        0.72409         350.085         109.132 
       0.730186         345.685         107.113 
       0.736317         342.612         105.134 
       0.742472         340.944         103.199 
       0.748622         337.327         101.315 
        0.75476         333.457         99.4833 
       0.760888         329.994         97.6996 
       0.767043         330.492          95.953 
       0.773185         326.449          94.253 
       0.779291         321.801         92.6041 
       0.785407         320.882         90.9926 
       0.791564         316.932         89.4096 
       0.797719         314.577         87.8653 
       0.803834         311.731         86.3676 
       0.809972         310.921         84.8998 
       0.816124         310.208         83.4631 
       0.822261         305.993         82.0639 
       0.828378         303.802         80.7011 
       0.834502         301.346         79.3685 
       0.840667         298.623         78.0575 
       0.846816         297.126         76.7802 
       0.852925         295.181         75.5397 
       0.859047         293.133         74.3242 
       0.865192         289.655         73.1317 
       0.871341          287.54         71.9648 
       0.877463         286.488         70.8289 
       0.883569         284.829         69.7206 
       0.889708         281.912         68.6305 
       0.895864         279.728         67.5611 
       0.902008         277.946         66.5168 
       0.908149          276.06         65.4955 
       0.914301         273.028         64.4941 
       0.920448         271.526         63.5147 
       0.926574         268.619         62.5593 
       0.932687         268.891         61.6257 
       0.938823         265.796         60.7079 
       0.944975         264.941         59.8069 
       0.951105         262.882         58.9275 
       0.957225         261.071         58.0674 
       0.963368         257.752         57.2217 
       0.969511         256.799          56.393 
       0.975621         254.571         55.5852 
       0.981748         254.265         54.7912 
       0.987916         252.308         54.0079 
        0.99406         248.854         53.2429 
        1.00019         248.571         52.4944 
        1.00632          247.03          51.761 
        1.01246          244.95         51.0407 
        1.01859         245.327         50.3353 
        1.02471         241.352         49.6443 
        1.03085         239.829         48.9639 
        1.03698         238.946         48.2978 
        1.04314         236.535         47.6413 
        1.04929         235.077         46.9987 
        1.05541         235.498         46.3706 
        1.06154         231.851         45.7525 
        1.06769         231.494         45.1448 
        1.07382         229.757         44.5501 
        1.07993         228.105         43.9676 
        1.08607         227.517         43.3932 
        1.09222         225.697         42.8285 
        1.09836         224.042         42.2745 
        1.10449         221.774         41.7311 
        1.11063         220.006         41.1966 
        1.11677         219.686         40.6718 
         1.1229         217.946          40.157 
        1.12903         216.866         39.6508 
        1.13518         215.388          39.153 
        1.14131          213.64          38.664 
        1.14745         213.549         38.1836 
        1.15359         211.599         37.7115 
        1.15973         210.079         37.2471 
        1.16584         208.578         36.7927 
        1.17197         208.509         36.3452 
        1.17811         206.075         35.9039 
        1.18424         205.019         35.4712 
        1.19038         204.463         35.0445 
        1.19652         202.762         34.6249 
        1.20267         202.291         34.2123 
        1.20881         200.438         33.8064 
        1.21495         199.325         33.4079 
        1.22108         198.112         33.0158 
         1.2272         196.684          32.631 
        1.23334         195.992         32.2515 
        1.23949         194.471         31.8771 
        1.24562         193.623         31.5098 
        1.25174         192.197         31.1488 
        1.25789         190.875         30.7924 
        1.26402         189.376         30.4423 
        1.27014         188.184         30.0985 
        1.27628         187.462          29.759 
        1.28244          187.32         29.4241 
        1.28858         185.165         29.0948 
        1.29471         183.816         28.7714 
        1.30084         183.254         28.4532 
        1.30697         181.735         28.1393 
        1.31312         180.452         27.8298 
        1.31925         179.803         27.5259 
        1.32537         179.064         27.2268 
        1.33151         177.265         26.9312 
        1.33765         176.295         26.6401 
        1.34378         175.671          26.354 
        1.34992         174.793         26.0718 
        1.35606          174.69         25.7932 
         1.3622         172.839         25.5191 
        1.36833         171.213         25.2497 
        1.37445         170.629         24.9844 
        1.38059         169.308          24.722 
        1.38675          168.78         24.4629 
        1.39288         167.796         24.2084 
        1.39901          167.51         23.9578 
        1.40515         165.617         23.7101 
         1.4113         164.835          23.466 
        1.41742           163.7         23.2263 
        1.42355         162.914         22.9896 
         1.4297         161.806         22.7554 
        1.43585         161.032         22.5246 
        1.44198         160.153         22.2979 
        1.44809         159.468         22.0747 
        1.45423         158.572         21.8538 
        1.46036         157.441         21.6364 
        1.46649         156.391         21.4218 
        1.47263         155.454           21.21 
        1.47877         154.657         21.0011 
        1.48491         153.184         20.7948 
        1.49104         153.149         20.5916 
        1.49718         151.607          20.391 
        1.50333         151.031         20.1928 
        1.50947         150.334         19.9977 
         1.5156         149.304         19.8054 
        1.52172         148.561         19.6156 
        1.52787         147.304         19.4279 
          1.534         146.907          19.243 
        1.54013          145.97         19.0606 
        1.54627         145.174         18.8803 
        1.55241         144.187         18.7023 
        1.55855          143.36         18.5268 
        1.56467          142.48         18.3541 
         1.5708         141.675         18.1831 
        1.57695         141.135         18.0141 
        1.58308         140.396         17.8475 
        1.58922           139.7          17.683 
        1.59535         138.564         17.5207 
         1.6015         138.176         17.3601 
        1.60764         137.324         17.2016 
        1.61376          136.42         17.0456 
        1.61989         135.654         16.8914 
        1.62604          134.71         16.7387 
        1.63218         134.377         16.5881 
        1.63831         133.343         16.4396 
        1.64444         132.811         16.2929 
        1.65059         132.087         16.1477 
        1.65673         130.956         16.0044 
        1.66285         130.637         15.8632 
        1.66898         129.685         15.7237 
        1.67512         129.442         15.5857 
        1.68127         128.269         15.4491 
         1.6874         127.319         15.3145 
        1.69353         127.092         15.1816 
        1.69967         126.284         15.0499 
        1.70581         125.539         14.9199 
        1.71193         124.818         14.7919 
        1.71806         124.275         14.6651 
        1.72421         123.479         14.5395 
        1.73035         123.327         14.4156 
        1.73649         122.367         14.2932 
        1.74262         121.484         14.1723 
        1.74876         121.097         14.0526 
        1.75489         120.169         13.9347 
        1.76101         119.417         13.8181 
        1.76715         118.954         13.7027 
        1.77329         118.619         13.5885 
        1.77943          117.57         13.4755 
        1.78557         117.151          13.364 
        1.79171         116.326         13.2537 
        1.79785         115.706         13.1447 
        1.80399         114.989         13.0369 
        1.81012           114.5         12.9305 
        1.81625         113.923         12.8253 
        1.82239         113.525         12.7211 
        1.82853         112.709         12.6182 
        1.83466          111.98         12.5165 
        1.84078          111.59          12.416 
        1.84692         110.638         12.3164 
        1.85306         110.424         12.2179 
         1.8592         109.674         12.1205 
        1.86533           108.8         12.0243 
        1.87147         108.398          11.929 
        1.87761         107.741         11.8348 
        1.88375         107.001         11.7416 
        1.88988         106.633         11.6495 
        1.89601         105.929         11.5584 
        1.90215         105.436         11.4682 
        1.90829         104.913          11.379 
        1.91442         104.364         11.2908 
        1.92056         103.656         11.2035 
         1.9267         103.378         11.1171 
        1.93284         102.788         11.0315 
        1.93897         102.104         10.9471 
        1.94509         101.698         10.8636 
        1.95123         101.092         10.7809 
        1.95737         100.604         10.6989 
        1.96349         100.041          10.618 
        1.96964         99.1785         10.5377 
        1.97578         98.7363         10.4582 
        1.98192         98.5703         10.3797 
        1.98805         97.7234          10.302 
        1.99419         97.4696         10.2251 
        2.00033         96.7655         10.1489 
        2.00647         96.4276         10.0736 
         2.0126          95.748          9.9991 
        2.01874         95.1582         9.92527 
        2.02488         94.7876         9.85212 
        2.03101         94.0984         9.77985 
        2.03714         93.5623         9.70837 
        2.04328         93.2462         9.63752 
        2.04941         92.7386         9.56745 
        2.05554         92.1633         9.49812 
        2.06167         91.8024         9.42938 
        2.06781         91.1509         9.36132 
        2.07396         90.7578         9.29384 
        2.08009          90.427         9.22713 
        2.08622         89.7917         9.16116 
        2.09237         89.3087         9.09571 
        2.09851         88.9247         9.03089 
        2.10464         88.4373          8.9668 
        2.11077         88.0558         8.90342 
        2.11691         87.6718         8.84051 
        2.12305         86.9423          8.7782 
        2.12918         86.4628         8.71664 
        2.13531          86.212         8.65567 
        2.14145         85.4439         8.59514 
         2.1476         85.0267         8.53513 
        2.15372         84.7709         8.47598 
        2.15985         84.3517         8.41734 
        2.16599         83.7937         8.35908 
        2.17213         83.4009         8.30144 
        2.17827         82.9837         8.24435 
         2.1844         82.4445         8.18786 
        2.19054         82.2386         8.13187 
        2.19666         81.7321         8.07649 
         2.2028         81.3494         8.02158 
        2.20893         80.8679         7.96715 
        2.21508         80.4242         7.91316 
        2.22122         80.0116         7.85966 
        2.22736         79.6574         7.80677 
        2.23349         79.2643         7.75437 
        2.23962         78.8327         7.70243 
        2.24577         78.4939         7.65092 
         2.2519         78.1345         7.59996 
        2.25802         77.6075         7.54954 
        2.26417         77.1885         7.49944 
        2.27031         76.8713         7.44975 
        2.27644         76.3613         7.40066 
        2.28257         75.9355         7.35201 
        2.28872           75.67          7.3037 
        2.29486          75.108         7.25585 
        2.30099         74.6977         7.20852 
        2.30712         74.4858         7.16159 
        2.31326         74.0905           7.115 
         2.3194         73.6579         7.06886 
        2.32553         73.3286          7.0232 
        2.33166         72.9727         6.97796 
         2.3378         72.4213         6.93306 
        2.34394         72.1297         6.88855 
        2.35007         71.7752         6.84448 
        2.35619         71.4579         6.80086 
        2.36233         71.0518         6.75752 
        2.36848          70.686         6.71446 
        2.37462          70.212         6.67187 
        2.38075          70.037         6.62969 
        2.38689         69.5798         6.58784 
        2.39303         69.1878         6.54636 
        2.39916         68.8573         6.50527 
        2.40529         68.6821         6.46455 
        2.41143         68.1566         6.42414 
        2.41757         67.9106         6.38406 
         2.4237         67.6291         6.34439 
        2.42983         67.1734         6.30507 
        2.43598         66.8373         6.26597 
        2.44211         66.5873         6.22728 
        2.44823         66.2162         6.18899 
        2.45437         65.7293         6.15092 
        2.46052         65.4849         6.11315 
        2.46665         65.2564         6.07575 
        2.47279         64.8275         6.03868 
        2.47892         64.5662          6.0019 
        2.48507         64.1177         5.96539 
         2.4912         63.8494         5.92925 
        2.49733         63.6538         5.89344 
        2.50347         63.2601         5.85785 
        2.50961         63.0114         5.82255 
        2.51575         62.6531         5.78757 
        2.52188         62.2646         5.75292 
        2.52802         61.9729         5.71852 
        2.53416         61.7424         5.68438 
        2.54029         61.3021         5.65059 
        2.54641         61.0792         5.61708 
        2.55255         60.7434         5.58381 
        2.55869         60.4774         5.55076 
        2.56483         60.2151         5.51801 
        2.57096         59.8897         5.48558 
        2.57709         59.5256         5.45339 
        2.58323         59.1467         5.42143 
        2.58937          59.078         5.38971 
        2.59551         58.7155         5.35828 
        2.60164         58.3404         5.32712 
        2.60778          58.147         5.29617 
        2.61392         57.8617         5.26548 
        2.62006         57.5892         5.23503 
        2.62619         57.2852         5.20487 
        2.63232         56.9062         5.17493 
        2.63846         56.6683          5.1452 
        2.64459          56.387         5.11574 
        2.65072          56.097         5.08651 
        2.65686         55.8585          5.0575 
          2.663         55.5314         5.02867 
        2.66915         55.3446         5.00007 
        2.67527         54.9396         4.97176 
        2.68141         54.7383         4.94365 
        2.68755         54.5375         4.91574 
        2.69368         54.3196         4.88806 
        2.69981         54.0276         4.86063 
        2.70595         53.6741         4.83335 
        2.71209         53.4475         4.80627 
        2.71823         53.2177         4.77944 
        2.72436         52.9432         4.75282 
         2.7305         52.7494         4.72639 
        2.73663         52.4751         4.70017 
        2.74276         52.1115         4.67417 
         2.7489         51.8954         4.64834 
        2.75504         51.7048         4.62269 
        2.76118         51.4111         4.59722 
        2.76732         51.1156         4.57198 
        2.77345         50.8918         4.54694 
        2.77959         50.6913         4.52207 
        2.78572         50.3785          4.4974 
        2.79186         50.1283         4.47293 
        2.79798         49.9367         4.44866 
        2.80412         49.6683         4.42452 
        2.81027         49.3561         4.40054 
         2.8164         49.1827         4.37679 
        2.82253         48.9492         4.35321 
        2.82867         48.7357         4.32979 
        2.83481         48.5038         4.30655 
        2.84095         48.1948         4.28347 
        2.84708         48.0114         4.26059 
        2.85322         47.7397         4.23785 
        2.85935         47.6223         4.21529 
        2.86549         47.3228          4.1929 
        2.87162          47.177         4.17067 
        2.87776         46.9479         4.14861 
        2.88389         46.6612          4.1267 
        2.89003         46.4794         4.10495 
        2.89617         46.1432         4.08335 
        2.90231         45.9689         4.06191 
        2.90844         45.8013         4.04063 
        2.91458         45.6005         4.01951 
        2.92071         45.3594         3.99856 
        2.92684         45.1915         3.97773 
        2.93298         44.8902         3.95707 
         2.9391         44.7435         3.93658 
        2.94524         44.5455          3.9162 
        2.95138         44.3202         3.89597 
        2.95752         44.0664         3.87585 
        2.96367         43.9537         3.85588 
         2.9698         43.7532         3.83608 
        2.97594         43.5244         3.81641 
        2.98207         43.3486         3.79688 
        2.98821         43.0975         3.77749 
        2.99434          42.836         3.75825 
        3.00048         42.6878         3.73913 
        3.00662         42.4852         3.72013 
        3.01275         42.3184          3.7013 
        3.01888         42.0985         3.68259 
        3.02503         41.8971         3.66398 
        3.03117         41.7134          3.6455 
        3.03729         41.5268         3.62721 
        3.04342         41.3056         3.60901 
        3.04957         41.1429          3.5909 
         3.0557         40.9447         3.57295 
        3.06183         40.7582         3.55515 
        3.06796         40.5387         3.53744 
        3.07411         40.3641         3.51982 
        3.08025          40.227         3.50236 
        3.08637         39.9744         3.48504 
         3.0925         39.8548         3.46782 
        3.09865         39.6723         3.45067 
         3.1048         39.4724         3.43366 
        3.11093         39.2797         3.41678 
        3.11706         39.0879         3.40003 
         3.1232         38.9238         3.38337 
        3.12933         38.7285         3.36682 
        3.13547         38.5089          3.3504 
        3.14159         38.3959         3.33411 
        3.14773         38.1627         3.31789 
        3.15388         38.0545         3.30176 
        3.16001         37.8349         3.28578 
        3.16614          37.678          3.2699 
        3.17228         37.4989         3.25412 
        3.17842          37.333         3.23844 
        3.18455         37.1844         3.22287 
        3.19068         37.0114         3.20741 
        3.19682         36.8262         3.19204 
        3.20297         36.6007         3.17676 
         3.2091         36.4437         3.16159 
        3.21524         36.2801         3.14652 
        3.22138         36.1901         3.13156 
         3.2275         36.0485         3.11671 
        3.23363         35.8578         3.10196 
        3.23977         35.6454         3.08728 
        3.24591         35.5315          3.0727 
        3.25205         35.3848          3.0582 
        3.25818         35.1923         3.04381 
        3.26432         35.0442         3.02951 
        3.27046           34.85         3.01531 
         3.2766         34.7465         3.00119 
        3.28273         34.5952         2.98717 
        3.28887         34.3809         2.97324 
          3.295         34.2368          2.9594 
        3.30113          34.111         2.94565 
        3.30727         33.9789         2.93199 
        3.31341         33.7926         2.91842 
        3.31954         33.6456         2.90493 
        3.32568         33.5314         2.89152 
        3.33182         33.4004         2.87819 
        3.33795         33.2203         2.86497 
        3.34409         33.0567         2.85181 
        3.35022         32.8942         2.83874 
        3.35636         32.7891         2.82575 
         3.3625         32.6234         2.81284 
        3.36864         32.4917         2.80001 
        3.37477         32.3291         2.78727 
        3.38091         32.1863         2.77461 
        3.38704         32.0436         2.76203 
        3.39318         31.9269         2.74952 
        3.39931         31.7607         2.73709 
        3.40545         31.6552         2.72474 
        3.41158         31.4957         2.71247 
        3.41772         31.3733         2.70027 
        3.42385           31.25         2.68816 
        3.42998         31.0909         2.67611 
        3.43612         30.9383         2.66414 
        3.44226         30.8598         2.65224 
         3.4484         30.6825         2.64039 
        3.45453         30.5721         2.62865 
        3.46066         30.4019         2.61697 
        3.46681         30.2905         2.60534 
        3.47295         30.1517         2.59379 
        3.47908         29.9916         2.58234 
        3.48521         29.8679         2.57095 
        3.49135         29.7674         2.55961 
        3.49749         29.6407         2.54834 
        3.50362         29.5266         2.53715 
        3.50976         29.3566         2.52603 
        3.51589         29.2712         2.51497 
        3.52203         29.1164         2.50397 
        3.52816         29.0073         2.49306 
        3.53429         28.9116          2.4822 
        3.54043         28.7548          2.4714 
        3.54657         28.6373         2.46066 
        3.55271         28.5142         2.44999 
        3.55884         28.3655          2.4394 
        3.56498         28.2956         2.42885 
        3.57112         28.1402         2.41837 
        3.57725         28.0123         2.40795 
        3.58338         27.9028         2.39761 
        3.58952         27.7774         2.38732 
        3.59566         27.6572         2.37707 
         3.6018         27.5641          2.3669 
        3.60793         27.4265         2.35679 
        3.61407         27.2881         2.34675 
        3.62021         27.2193         2.33675 
        3.62634         27.0596         2.32682 
        3.63247         26.9617         2.31695 
        3.63861         26.8716         2.30713 
        3.64475         26.7485         2.29736 
        3.65089         26.6311         2.28766 
        3.65702         26.5369         2.27802 
        3.66316         26.4105         2.26842 
        3.66929         26.3146         2.25889 
        3.67543         26.1965         2.24941 
        3.68156         26.1061         2.23999 
        3.68769         25.9666         2.23062 
        3.69383         25.8691          2.2213 
        3.69997         25.7329         2.21203 
        3.70611         25.6541         2.20282 
        3.71224         25.5512         2.19366 
        3.71838         25.4403         2.18455 
        3.72451         25.3558          2.1755 
        3.73065          25.209         2.16651 
        3.73678         25.1196         2.15756 
        3.74292         25.0126         2.14865 
        3.74906         24.8873          2.1398 
        3.75519          24.836           2.131 
        3.76133         24.7026         2.12225 
        3.76746         24.5957         2.11355 
         3.7736         24.5197         2.10491 
        3.77974         24.4178          2.0963 
        3.78588         24.3226         2.08774 
        3.79201         24.2136         2.07924 
        3.79814         24.1016         2.07078 
        3.80428         24.0296         2.06237 
        3.81042         23.9144           2.054 
        3.81655         23.8302         2.04568 
        3.82268         23.7238         2.03742 
        3.82882         23.6153          2.0292 
        3.83496         23.5106         2.02101 
        3.84109         23.4306         2.01288 
        3.84723         23.3166         2.00479 
        3.85337         23.2488         1.99673 
        3.85951         23.1551         1.98873 
        3.86565         23.0385         1.98077 
        3.87178         22.9347         1.97286 
        3.87791         22.8703           1.965 
        3.88405         22.7861         1.95717 
        3.89019         22.6959         1.94938 
        3.89632         22.5593         1.94165 
        3.90246         22.4866         1.93394 
         3.9086         22.3938         1.92628 
        3.91473         22.3346         1.91867 
        3.92086         22.2025         1.91111 
        3.92699         22.1323         1.90358 
        3.93313         22.0535         1.89608 
        3.93927         21.9589         1.88863 
         3.9454         21.8784         1.88122 
        3.95154          21.765         1.87385 
        3.95768         21.6894         1.86651 
        3.96382         21.6282         1.85922 
        3.96995         21.5233         1.85196 
        3.97609         21.4274         1.84475 
        3.98222         21.3415         1.83758 
        3.98836         21.2845         1.83044 
         3.9945         21.1724         1.82334 
        4.00063          21.086         1.81629 
        4.00677         21.0292         1.80926 
        4.01291         20.9148         1.80227 
        4.01904         20.8516         1.79533 
        4.02517         20.7421         1.78843 
        4.03131         20.6909         1.78154 
        4.03745         20.5932          1.7747 
        4.04358         20.5133          1.7679 
        4.04972         20.4333         1.76114 
        4.05585         20.3622         1.75441 
        4.06199         20.2637         1.74771 
        4.06812         20.1995         1.74105 
        4.07426         20.1076         1.73442 
         4.0804         20.0218         1.72783 
        4.08654         19.9642         1.72127 
        4.09267         19.8949         1.71475 
         4.0988         19.8076         1.70827 
        4.10494         19.7419         1.70182 
        4.11108         19.6356         1.69539 
        4.11721         19.5945         1.68901 
        4.12334         19.4823         1.68266 
        4.12948         19.3985         1.67634 
        4.13561         19.3696         1.67005 
        4.14176         19.2632         1.66378 
        4.14789         19.1957         1.65756 
        4.15403         19.1079         1.65137 
        4.16016         19.0531         1.64521 
         4.1663         18.9924         1.63908 
        4.17243         18.9052         1.63299 
        4.17857         18.8132         1.62692 
        4.18471          18.745         1.62088 
        4.19084         18.7038         1.61488 
        4.19698         18.6123          1.6089 
        4.20312         18.5469         1.60296 
        4.20925         18.4859         1.59704 
        4.21538         18.3985         1.59117 
        4.22152         18.3129         1.58531 
        4.22766         18.2579         1.57948 
         4.2338         18.1791         1.57369 
        4.23993         18.1403         1.56793 
        4.24607         18.0324         1.56219 
         4.2522         17.9895         1.55648 
        4.25834          17.915          1.5508 
        4.26447         17.8477         1.54515 
        4.27061         17.7941         1.53953 
        4.27674         17.7212         1.53394 
        4.28288         17.6427         1.52837 
        4.28902         17.5882         1.52283 
        4.29515         17.5022         1.51732 
        4.30129         17.4533         1.51184 
        4.30743          17.379         1.50638 
        4.31356         17.3182         1.50095 
        4.31969         17.2639         1.49555 
        4.32583         17.2003         1.49018 
        4.33197         17.1239         1.48482 
         4.3381         17.0648          1.4795 
        4.34424         17.0048         1.47421 
        4.35038         16.9619         1.46893 
        4.35652         16.8751         1.46368 
        4.36265         16.8033         1.45847 
        4.36878         16.7404         1.45328 
        4.37492         16.6904          1.4481 
        4.38106         16.6357         1.44296 
        4.38719         16.5697         1.43784 
        4.39333         16.5248         1.43276 
        4.39946         16.4321         1.42769 
         4.4056         16.3839         1.42264 
        4.41173         16.3079         1.41763 
        4.41786         16.2665         1.41264 
          4.424         16.2248         1.40767 
        4.43014         16.1569         1.40272 
        4.43628         16.0888         1.39779 
        4.44241         16.0326         1.39289 
        4.44855         15.9685         1.38802 
        4.45469         15.9212         1.38316 
        4.46083         15.8607         1.37834 
        4.46696           15.81         1.37353 
        4.47309         15.7444         1.36875 
        4.47923         15.6882         1.36399 
        4.48537          15.628         1.35926 
         4.4915         15.5741         1.35454 
        4.49764         15.5158         1.34985 
        4.50378         15.4599         1.34518 
        4.50991         15.4036         1.34054 
        4.51604         15.3541         1.33591 
        4.52218         15.2945         1.33131 
        4.52832         15.2454         1.32673 
        4.53445         15.2018         1.32217 
        4.54059         15.1399         1.31763 
        4.54673         15.0808         1.31311 
        4.55286         15.0334         1.30862 
          4.559         14.9636         1.30414 
        4.56513         14.9166         1.29969 
        4.57127         14.8709         1.29526 
        4.57741         14.8219         1.29085 
        4.58354          14.766         1.28646 
        4.58968         14.7164         1.28209 
        4.59582         14.6486         1.27774 
        4.60195         14.6225         1.27341 
        4.60809         14.5516          1.2691 
        4.61422         14.5117         1.26481 
        4.62036         14.4603         1.26055 
        4.62649         14.4082         1.25629 
        4.63263         14.3493         1.25207 
        4.63876         14.3145         1.24786 
         4.6449         14.2472         1.24366 
        4.65104         14.1945         1.23949 
        4.65717         14.1589         1.23534 
        4.66331         14.1041         1.23121 
        4.66944         14.0634          1.2271 
        4.67558         14.0035           1.223 
        4.68171         13.9532         1.21893 
        4.68785          13.902         1.21487 
        4.69399         13.8576         1.21083 
        4.70012         13.8197         1.20681 
        4.70625         13.7604         1.20281 
        4.71239         13.7168         1.19882 
        4.71853         13.6746         1.19486 
        4.72467         13.6272         1.19091 
         4.7308         13.5744         1.18698 
        4.73694         13.5254         1.18307 
        4.74308         13.4905         1.17917 
        4.74922         13.4485         1.17529 
        4.75535          13.393         1.17144 
        4.76148         13.3425          1.1676 
        4.76762         13.2975         1.16377 
        4.77376         13.2597         1.15996 
        4.77989         13.2176         1.15618 
        4.78602         13.1717          1.1524 
        4.79216         13.1309         1.14865 
         4.7983         13.0878         1.14491 
        4.80443         13.0493         1.14119 
        4.81056         13.0021         1.13748 
         4.8167         12.9534         1.13379 
        4.82284         12.9119         1.13011 
        4.82898         12.8797         1.12646 
        4.83511         12.8339         1.12282 
        4.84125         12.7849         1.11919 
        4.84739         12.7362         1.11558 
        4.85352         12.6777         1.11199 
        4.85965         12.6596         1.10842 
        4.86579         12.6142         1.10486 
        4.87193         12.5702         1.10131 
        4.87807         12.5243         1.09778 
         4.8842         12.4974         1.09427 
        4.89034         12.4633         1.09077 
        4.89647         12.4043         1.08728 
        4.90261         12.3751         1.08382 
        4.90874         12.3308         1.08036 
        4.91488         12.2956         1.07693 
        4.92102         12.2606          1.0735 
        4.92715         12.2083         1.07009 
        4.93329         12.1741          1.0667 
        4.93942         12.1295         1.06332 
        4.94556         12.0899         1.05996 
         4.9517         12.0665         1.05661 
        4.95783         12.0202         1.05328 
        4.96397         11.9824         1.04996 
        4.97011          11.949         1.04665 
        4.97624         11.9043         1.04336 
        4.98238         11.8707         1.04008 
        4.98851         11.8265         1.03682 
        4.99465         11.7955         1.03357 
        5.00078         11.7597         1.03034 
        5.00691         11.7133         1.02712 
        5.01305          11.676         1.02391 
        5.01919         11.6477         1.02072 
        5.02533         11.6126         1.01754 
        5.03146         11.5712         1.01437 
         5.0376         11.5384         1.01122 
        5.04374         11.4955         1.00808 
        5.04987         11.4706         1.00496 
        5.05601         11.4321         1.00185 
        5.06215         11.3932        0.998745 
        5.06829         11.3503        0.995657 
        5.07442          11.322        0.992586 
        5.08055         11.2946         0.98953 
        5.08668         11.2499        0.986482 
        5.09282         11.2123        0.983446 
        5.09896         11.1836        0.980427 
        5.10509         11.1497        0.977421 
        5.11123         11.1199        0.974425 
        5.11736         11.0889        0.971442 
         5.1235         11.0419         0.96847 
        5.12964         11.0192        0.965513 
        5.13577         10.9835        0.962566 
        5.14191         10.9517        0.959633 
        5.14804         10.9245        0.956715 
        5.15418         10.8908        0.953806 
        5.16032         10.8612        0.950909 
        5.16645         10.8245        0.948023 
        5.17259          10.796        0.945151 
        5.17872         10.7554        0.942292 
        5.18486         10.7219        0.939441 
          5.191         10.6905        0.936604 
        5.19713         10.6632         0.93378 
        5.20327         10.6353        0.930968 
        5.20941            10.6        0.928164 
        5.21555         10.5699        0.925372 
        5.22168         10.5376        0.922594 
        5.22781         10.5128        0.919829 
        5.23395         10.4822        0.917073 
        5.24009         10.4469        0.914327 
        5.24622         10.4175        0.911595 
        5.25236         10.3954        0.908874 
         5.2585         10.3537        0.906161 
        5.26463         10.3369        0.903461 
        5.27077         10.2993        0.900773 
         5.2769         10.2681        0.898096 
        5.28304         10.2432         0.89543 
        5.28917         10.2204        0.892775 
         5.2953         10.1849        0.890131 
        5.30144         10.1469        0.887497 
        5.30757         10.1287        0.884873 
        5.31371          10.091        0.882259 
        5.31985         10.0716        0.879656 
        5.32599         10.0413        0.877062 
        5.33213         10.0188        0.874479 
        5.33826         9.98863        0.871909 
         5.3444         9.95897        0.869349 
        5.35053          9.9319        0.866798 
        5.35667         9.90255        0.864258 
        5.36281         9.87843        0.861726 
        5.36894         9.85074        0.859207 
        5.37507         9.82674        0.856698 
        5.38121         9.80139        0.854197 
        5.38735         9.77262        0.851707 
        5.39348         9.75122        0.849229 
        5.39961         9.72982         0.84676 
        5.40575         9.68696        0.844299 
        5.41189         9.67275        0.841847 
        5.41803         9.64441        0.839406 
        5.42416         9.62612        0.836975 
         5.4303         9.59745        0.834553 
        5.43644         9.57485        0.832142 
        5.44257         9.54931         0.82974 
        5.44871          9.5157        0.827347 
        5.45484         9.49272        0.824963 
        5.46098         9.47619        0.822589 
        5.46712         9.45062        0.820224 
        5.47325          9.4179        0.817869 
        5.47938         9.40618        0.815525 
        5.48552         9.38253         0.81319 
        5.49165         9.35378        0.810862 
        5.49779          9.3343        0.808544 
        5.50393         9.30966        0.806234 
        5.51006         9.28853        0.803932 
         5.5162         9.26341        0.801641 
        5.52234         9.23325        0.799359 
        5.52847         9.21286        0.797085 
        5.53461         9.18909         0.79482 
        5.54075         9.17609        0.792565 
        5.54688         9.15402        0.790318 
        5.55302         9.13523        0.788079 
        5.55915         9.10621         0.78585 
        5.56529         9.08151         0.78363 
        5.57143         9.06156        0.781417 
        5.57756         9.04549        0.779213 
         5.5837         9.01617        0.777019 
        5.58983         8.99695        0.774834 
        5.59597         8.97696        0.772656 
         5.6021         8.95561        0.770486 
        5.60824         8.93517        0.768323 
        5.61438         8.90896        0.766171 
        5.62051         8.90266        0.764026 
        5.62665         8.87997         0.76189 
        5.63278         8.84837        0.759762 
        5.63892         8.83538        0.757642 
        5.64505         8.81314        0.755531 
        5.65119          8.7941        0.753427 
        5.65733         8.77559        0.751331 
        5.66346         8.76529        0.749244 
         5.6696         8.73239        0.747164 
        5.67573          8.7228        0.745092 
        5.68187          8.7011        0.743028 
          5.688         8.68121        0.740973 
        5.69414         8.65707        0.738925 
        5.70028          8.6422        0.736884 
        5.70642         8.62918         0.73485 
        5.71255          8.6024        0.732826 
        5.71869          8.5819        0.730809 
        5.72482          8.5768          0.7288 
        5.73096         8.55587        0.726798 
        5.73709         8.54236        0.724805 
        5.74322         8.51941         0.72282 
        5.74936          8.4967        0.720839 
         5.7555         8.48834        0.718866 
        5.76164         8.46624        0.716902 
        5.76777         8.45113        0.714946 
        5.77391         8.43296        0.712996 
        5.78005         8.41598        0.711052 
        5.78618         8.39642        0.709118 
        5.79231         8.39379        0.707193 
        5.79845         8.37203        0.705271 
        5.80459         8.34918        0.703356 
        5.81073         8.34113         0.70145 
        5.81686         8.31836        0.699552 
          5.823         8.30618         0.69766 
        5.82914         8.28389        0.695774 
        5.83527         8.27875        0.693898 
         5.8414         8.25884        0.692028 
        5.84754         8.24728        0.690163 
        5.85368         8.23505        0.688305 
        5.85981         8.21726        0.686455 
        5.86595         8.19815        0.684613 
        5.87208         8.18113        0.682777 
        5.87822         8.18296        0.680948 
        5.88435         8.16243        0.679126 
        5.89049         8.15588        0.677309 
        5.89662         8.13526          0.6755 
        5.90276         8.12473        0.673696 
         5.9089         8.10617          0.6719 
        5.91503         8.09951        0.670111 
        5.92117         8.07767        0.668328 
        5.92731         8.07515        0.666551 
        5.93344         8.05468        0.664781 
        5.93958         8.05042        0.663018 
        5.94572         8.03498        0.661261 
        5.95186          8.0162        0.659509 
        5.95799          8.0064        0.657767 
        5.96412         7.99956        0.656029 
        5.97026          7.9797        0.654297 
         5.9764         7.97451        0.652573 
        5.98253         7.96214        0.650856 
        5.98866         7.95119        0.649143 
         5.9948         7.93715        0.647436 
        6.00094         7.92089        0.645736 
        6.00707         7.91181        0.644042 
        6.01321         7.91063        0.642354 
        6.01935         7.89431        0.640672 
        6.02548         7.89173        0.638996 
        6.03162         7.87476        0.637327 
        6.03775         7.86501        0.635664 
        6.04389         7.85501        0.634007 
        6.05003         7.84507        0.632354 
        6.05617         7.83822        0.630707 
         6.0623         7.82876        0.629068 
        6.06844         7.82208        0.627434 
        6.07457         7.80964        0.625806 
         6.0807         7.79744        0.624185 
        6.08684         7.78862        0.622569 
        6.09298         7.78224        0.620958 
        6.09912         7.77483        0.619352 
        6.10525         7.76476        0.617754 
        6.11138         7.75039         0.61616 
        6.11752         7.75074        0.614572 
        6.12366         7.74254         0.61299 
        6.12979         7.73834        0.611414 
        6.13593         7.72702        0.609843 
        6.14207         7.72198        0.608277 
         6.1482         7.71236        0.606717 
        6.15434         7.70432        0.605163 
        6.16047          7.7053        0.603614 
        6.16661         7.69584        0.602071 
        6.17274         7.69201        0.600533 
        6.17887         7.68152        0.599001 
        6.18501         7.68059        0.597473 
        6.19115         7.67401        0.595951 
        6.19729         7.66442        0.594433 
        6.20342         7.65957        0.592922 
        6.20956         7.64945        0.591416 
         6.2157           7.648        0.589914 
        6.22183         7.64326        0.588419 
        6.22797         7.64352        0.586929 
         6.2341         7.63462        0.585444 
        6.24024         7.63324        0.583963 
        6.24638         7.62144        0.582488 
        6.25251         7.62619        0.581018 
        6.25865         7.62375        0.579554 
        6.26478         7.61414        0.578094 
        6.27092         7.61274         0.57664 
        6.27705         7.60272         0.57519 
        6.28318         7.60086        0.573746 
