# k  (h/Mpc)    P(k)  (Mpc/h)^3    P_linear(k)  (Mpc/h)^3
     0.00783031         7931.29         8052.94 
       0.013688         9927.09         9894.86 
       0.019231         9968.02         9966.82 
      0.0249154         9020.07         9161.34 
      0.0312784         7827.67         7883.66 
      0.0375637         6690.41          6684.1 
      0.0433917         5745.75         5810.72 
      0.0492413          5168.2          5187.7 
      0.0555754         4636.71         4732.56 
      0.0619321         4412.76         4397.71 
       0.067871         4032.47         4105.99 
      0.0738098         3714.79         3783.61 
      0.0800417         3317.09         3403.66 
      0.0862327         2968.52         3011.99 
      0.0921407         2661.47         2664.43 
      0.0982031         2354.79         2366.61 
       0.104506         2177.93         2134.72 
       0.110769         2012.98         1976.47 
       0.116806         1891.64         1871.99 
       0.122832            1815         1789.77 
       0.129052         1698.48         1704.52 
       0.135211         1604.93         1605.22 
       0.141259         1516.41         1491.18 
       0.147318         1409.49         1368.33 
       0.153489         1281.45         1247.01 
       0.159709         1194.84         1140.42 
       0.165845         1133.33            1057 
       0.171974         1063.59         995.357 
       0.178125         1016.27         950.347 
       0.184229          979.21         914.905 
        0.19034         920.229         881.102 
       0.196428         901.349         843.746 
       0.202534         868.496         800.621 
       0.208729         819.365         752.494 
       0.214876         771.226         703.979 
       0.220989         740.817         658.945 
       0.227147         699.397         619.767 
        0.23329         669.524         587.973 
       0.239377         653.542         562.945 
       0.245482         611.716         542.379 
       0.251667          605.85         523.723 
       0.257832         584.798         505.103 
       0.263955         564.247         485.327 
       0.270079         542.616         464.093 
        0.27624         533.403         441.965 
       0.282372         510.635         420.388 
        0.28843         494.896         400.606 
       0.294538         471.185         382.942 
       0.300721         466.965         367.556 
        0.30691          445.46         354.298 
       0.313033         436.069          342.62 
       0.319153         421.045         331.614 
       0.325316         409.639         320.601 
        0.33145          396.83         309.401 
       0.337538         391.148         298.064 
       0.343633         377.953         286.744 
       0.349808         365.378         275.657 
       0.355968         360.535         265.316 
       0.362074         352.188         255.933 
       0.368217         342.576         247.404 
       0.374374         329.792          239.61 
       0.380519         325.729         232.369 
       0.386598          317.52         225.518 
       0.392688         314.197         218.777 
        0.39888         305.585         211.981 
       0.405048         298.613         205.279 
       0.411186         292.371          198.74 
       0.417313         286.738         192.457 
       0.423458         281.081         186.485 
       0.429607         274.952          180.87 
       0.435692          267.36         175.679 
       0.441815         265.308          170.77 
       0.447964         260.228         166.079 
       0.454126         250.411         161.553 
       0.460267         247.399         157.172 
       0.466387         244.393           152.9 
        0.47254         239.029         148.696 
       0.478662         237.737         144.635 
       0.484765         230.362         140.732 
       0.490885         227.268         136.977 
       0.497035         223.937         133.371 
       0.503198         218.564         129.932 
       0.509342         216.126         126.658 
       0.515458         213.177         123.527 
       0.521598         209.586         120.486 
       0.527764         206.414         117.522 
       0.533884          203.65         114.664 
           0.54         200.501          111.89 
       0.546137         199.239         109.187 
       0.552299         195.376         106.557 
       0.558452         192.758         104.022 
       0.564573         189.594         101.592 
       0.570708         186.214         99.2493 
       0.576825         183.884         96.9967 
       0.582926         181.094         94.8241 
       0.589034         178.847         92.7143 
       0.595184         176.884         90.6506 
       0.601379         174.973         88.6322 
       0.607522         171.289         86.6893 
       0.613639           170.5         84.8118 
       0.619772         166.794         82.9857 
       0.625918         165.234         81.2107 
       0.632068         163.291         79.4877 
       0.638161         162.077         77.8314 
         0.6443         159.696          76.212 
       0.650464         158.058         74.6345 
       0.656582          156.26         73.1144 
       0.662703         154.258         71.6372 
       0.668861          151.97         70.1931 
       0.675024         150.248         68.7878 
       0.681124         149.363         67.4351 
       0.687237         146.767         66.1156 
       0.693381         144.779         64.8251 
       0.699536          143.73         63.5668 
       0.705665         143.677         62.3473 
       0.711789         140.424         61.1613 
       0.717957         139.969         59.9984 
        0.72409         137.974         58.8728 
       0.730186         135.845         57.7833 
       0.736317         135.123          56.716 
       0.742472         134.185         55.6722 
       0.748622         132.921         54.6559 
        0.75476         131.712         53.6675 
       0.760888         129.852         52.7053 
       0.767043         129.117         51.7631 
       0.773185         127.729          50.846 
       0.779291         125.965         49.9565 
       0.785407         125.271         49.0871 
       0.791564         124.103         48.2331 
       0.797719         122.239         47.4001 
       0.803834         121.702         46.5921 
       0.809972         120.176         45.8003 
       0.816124         119.878         45.0253 
       0.822261         118.557         44.2704 
       0.828378         117.456         43.5353 
       0.834502         116.931         42.8164 
       0.840667         115.354         42.1092 
       0.846816         114.195         41.4201 
       0.852925         113.423         40.7509 
       0.859047         112.048         40.0952 
       0.865192         111.479         39.4519 
       0.871341         110.459         38.8224 
       0.877463         109.334         38.2096 
       0.883569         108.617         37.6117 
       0.889708         107.834         37.0236 
       0.895864         106.863         36.4467 
       0.902008         106.049         35.8834 
       0.908149          105.47         35.3324 
       0.914301         104.353         34.7922 
       0.920448         103.646         34.2638 
       0.926574         102.922         33.7484 
       0.932687         102.596         33.2448 
       0.938823         101.022         32.7497 
       0.944975         100.202         32.2636 
       0.951105         99.6405         31.7892 
       0.957225         98.4737         31.3252 
       0.963368         97.9539          30.869 
       0.969511         97.6232         30.4219 
       0.975621         97.1373         29.9862 
       0.981748          96.276         29.5579 
       0.987916         95.3341         29.1353 
        0.99406         94.7433         28.7226 
        1.00019         94.0178         28.3188 
        1.00632         93.4617         27.9232 
        1.01246         92.7301         27.5346 
        1.01859         91.5481         27.1541 
        1.02471         91.6558         26.7812 
        1.03085         90.6924         26.4142 
        1.03698         90.1393         26.0549 
        1.04314         89.2809         25.7007 
        1.04929         88.7819         25.3541 
        1.05541         88.0764         25.0152 
        1.06154         87.7443         24.6818 
        1.06769         87.2951         24.3539 
        1.07382         86.8562         24.0332 
        1.07993         86.2181         23.7189 
        1.08607         85.5035          23.409 
        1.09222         85.0992         23.1044 
        1.09836         84.4396         22.8056 
        1.10449         83.9551         22.5124 
        1.11063         83.3696         22.2241 
        1.11677         82.9404         21.9409 
         1.1229         82.1148         21.6633 
        1.12903         81.3421         21.3902 
        1.13518         81.6066         21.1216 
        1.14131         80.9432         20.8578 
        1.14745         80.0857         20.5987 
        1.15359         79.7811         20.3439 
        1.15973         79.3352         20.0934 
        1.16584         78.7485         19.8483 
        1.17197         78.3029         19.6069 
        1.17811         77.8546         19.3688 
        1.18424         77.2474         19.1354 
        1.19038         76.8032         18.9052 
        1.19652         76.5051         18.6789 
        1.20267         75.8346         18.4563 
        1.20881         75.4876         18.2373 
        1.21495         74.9088         18.0223 
        1.22108         74.5428         17.8108 
         1.2272          73.895         17.6032 
        1.23334          73.628         17.3985 
        1.23949         73.2357         17.1965 
        1.24562         72.8624         16.9984 
        1.25174         72.4437         16.8036 
        1.25789          72.099         16.6114 
        1.26402         71.6793         16.4225 
        1.27014         70.9753          16.237 
        1.27628         70.8097         16.0539 
        1.28244         70.2215         15.8732 
        1.28858         69.9493         15.6956 
        1.29471         69.6434         15.5211 
        1.30084         69.1864         15.3494 
        1.30697         68.7549         15.1801 
        1.31312         68.3615         15.0131 
        1.31925          68.131         14.8492 
        1.32537         67.7935         14.6879 
        1.33151         67.1155         14.5284 
        1.33765         66.8416         14.3714 
        1.34378         66.4388          14.217 
        1.34992         66.1693         14.0648 
        1.35606         65.7978         13.9145 
         1.3622         65.2564         13.7666 
        1.36833         65.0972         13.6213 
        1.37445         64.7467         13.4782 
        1.38059         64.2358         13.3366 
        1.38675         63.9211         13.1968 
        1.39288         63.5467         13.0596 
        1.39901          63.419         12.9243 
        1.40515         63.0203         12.7907 
         1.4113         62.6795         12.6591 
        1.41742         62.4859         12.5298 
        1.42355         61.9421          12.402 
         1.4297         61.7075         12.2757 
        1.43585         61.2826         12.1512 
        1.44198         61.0494         12.0289 
        1.44809         60.7625         11.9085 
        1.45423         60.4634         11.7894 
        1.46036         60.2072          11.672 
        1.46649         59.8413         11.5563 
        1.47263         59.4485          11.442 
        1.47877         59.2834         11.3293 
        1.48491         59.0619          11.218 
        1.49104         58.5952         11.1084 
        1.49718         58.1485         11.0002 
        1.50333         57.9936         10.8933 
        1.50947         57.7026          10.788 
         1.5156         57.3956         10.6843 
        1.52172         57.1948         10.5819 
        1.52787         57.0264         10.4807 
          1.534         56.6386         10.3809 
        1.54013         56.3039         10.2825 
        1.54627         56.1029         10.1852 
        1.55241         55.7024         10.0892 
        1.55855         55.4055         9.99455 
        1.56467         55.0048         9.90138 
         1.5708         55.0112         9.80914 
        1.57695          54.725         9.71793 
        1.58308         54.3518          9.6281 
        1.58922         54.3144         9.53935 
        1.59535         54.0486         9.45176 
         1.6015         53.5238         9.36514 
        1.60764          53.394         9.27966 
        1.61376         53.1001         9.19549 
        1.61989         52.7526         9.11229 
        1.62604         52.6537         9.02994 
        1.63218         52.4779         8.94867 
        1.63831         52.1599         8.86858 
        1.64444         51.8711         8.78945 
        1.65059         51.5034          8.7111 
        1.65673         51.3517         8.63379 
        1.66285         51.0663         8.55764 
        1.66898         50.8302         8.48239 
        1.67512         50.5395         8.40789 
        1.68127          50.255         8.33423 
         1.6874         50.1518         8.26161 
        1.69353         49.8318          8.1899 
        1.69967         49.6025         8.11888 
        1.70581         49.5301         8.04873 
        1.71193         49.2542         7.97967 
        1.71806         48.8119         7.91128 
        1.72421         48.7265         7.84356 
        1.73035         48.4458         7.77671 
        1.73649         48.0661         7.71065 
        1.74262          48.048         7.64542 
        1.74876         47.8472         7.58089 
        1.75489         47.5423         7.51725 
        1.76101         47.3774         7.45436 
        1.76715         47.0879         7.39211 
        1.77329         46.8872         7.33049 
        1.77943         46.6818         7.26955 
        1.78557         46.5175          7.2094 
        1.79171         46.2197         7.14991 
        1.79785         46.0264         7.09109 
        1.80399         45.8664         7.03295 
        1.81012         45.6781         6.97553 
        1.81625         45.2607         6.91879 
        1.82239         45.1665         6.86259 
        1.82853         44.8228         6.80705 
        1.83466         44.7646         6.75218 
        1.84078         44.3973         6.69797 
        1.84692         44.2511         6.64427 
        1.85306         44.0622          6.5911 
         1.8592         43.8066         6.53859 
        1.86533         43.6685         6.48668 
        1.87147         43.5064         6.43528 
        1.87761         43.3403         6.38442 
        1.88375         43.0853         6.33417 
        1.88988         43.0492         6.28451 
        1.89601         42.7053         6.23535 
        1.90215         42.5428         6.18669 
        1.90829         42.4386         6.13857 
        1.91442         42.1809         6.09095 
        1.92056         41.9685         6.04389 
         1.9267         41.6803         5.99727 
        1.93284         41.5475         5.95112 
        1.93897         41.4057         5.90554 
        1.94509         41.1258         5.86054 
        1.95123         41.0583         5.81589 
        1.95737         40.7933         5.77168 
        1.96349          40.607         5.72804 
        1.96964         40.4955         5.68473 
        1.97578         40.2623         5.64184 
        1.98192         40.0928         5.59949 
        1.98805         39.9334         5.55757 
        1.99419         39.6549         5.51608 
        2.00033         39.5181         5.47499 
        2.00647         39.3455         5.43433 
         2.0126         39.1625         5.39415 
        2.01874         39.0269         5.35432 
        2.02488         38.9054         5.31486 
        2.03101         38.6391         5.27587 
        2.03714          38.481         5.23731 
        2.04328         38.2773          5.1991 
        2.04941         38.1074         5.16129 
        2.05554         37.8932         5.12389 
        2.06167         37.8416         5.08681 
        2.06781         37.6157          5.0501 
        2.07396         37.4393         5.01369 
        2.08009         37.3135         4.97771 
        2.08622         37.0874         4.94212 
        2.09237         36.9198         4.90681 
        2.09851         36.7362         4.87184 
        2.10464         36.6314         4.83727 
        2.11077         36.4812         4.80307 
        2.11691         36.2932         4.76913 
        2.12305         36.0955         4.73552 
        2.12918         36.0155         4.70232 
        2.13531         35.7827         4.66942 
        2.14145         35.7189         4.63677 
         2.1476         35.4809         4.60439 
        2.15372         35.2875         4.57249 
        2.15985         35.1807         4.54085 
        2.16599         35.1452         4.50942 
        2.17213         35.0024         4.47833 
        2.17827         34.7029         4.44753 
         2.1844          34.567         4.41705 
        2.19054         34.4073         4.38685 
        2.19666         34.2824         4.35698 
         2.2028         34.1266         4.32735 
        2.20893         34.0278         4.29799 
        2.21508          33.866         4.26887 
        2.22122         33.6532            4.24 
        2.22736         33.5601         4.21147 
        2.23349         33.4283          4.1832 
        2.23962         33.2143         4.15519 
        2.24577         33.0742          4.1274 
         2.2519         32.9394          4.0999 
        2.25802         32.8258         4.07271 
        2.26417           32.69         4.04568 
        2.27031         32.5998         4.01887 
        2.27644         32.3483         3.99239 
        2.28257         32.2588         3.96614 
        2.28872         32.0808         3.94009 
        2.29486         32.0266         3.91427 
        2.30099         31.8683         3.88874 
        2.30712         31.7308         3.86342 
        2.31326         31.6395         3.83829 
         2.3194         31.4783         3.81339 
        2.32553         31.2972         3.78876 
        2.33166         31.1745         3.76436 
         2.3378         31.0327         3.74014 
        2.34394         30.8454         3.71612 
        2.35007         30.7498         3.69235 
        2.35619         30.6918         3.66882 
        2.36233         30.5852         3.64544 
        2.36848         30.3531         3.62221 
        2.37462          30.288         3.59923 
        2.38075         30.1382         3.57648 
        2.38689         30.0754          3.5539 
        2.39303         29.8832         3.53152 
        2.39916         29.7143         3.50936 
        2.40529         29.5362         3.48739 
        2.41143         29.4953         3.46559 
        2.41757         29.3958         3.44397 
         2.4237         29.2286         3.42257 
        2.42983         29.1285         3.40136 
        2.43598         28.9704         3.38027 
        2.44211         28.8571         3.35939 
        2.44823         28.7203         3.33874 
        2.45437         28.6516          3.3182 
        2.46052         28.4761         3.29782 
        2.46665         28.4191         3.27765 
        2.47279         28.2926         3.25765 
        2.47892         28.1216         3.23781 
        2.48507         28.0204         3.21811 
         2.4912         27.9226         3.19862 
        2.49733         27.7931          3.1793 
        2.50347         27.6655          3.1601 
        2.50961         27.5823         3.14106 
        2.51575         27.4865         3.12219 
        2.52188         27.3211          3.1035 
        2.52802         27.2689         3.08494 
        2.53416         27.1459         3.06652 
        2.54029         26.9629         3.04829 
        2.54641         26.9361         3.03021 
        2.55255         26.8053         3.01227 
        2.55869         26.6726         2.99443 
        2.56483         26.5799         2.97677 
        2.57096         26.4602         2.95927 
        2.57709         26.3212         2.94191 
        2.58323         26.1946         2.92467 
        2.58937         26.0915         2.90756 
        2.59551          26.009          2.8906 
        2.60164         25.9113         2.87379 
        2.60778         25.7854         2.85709 
        2.61392         25.6785         2.84054 
        2.62006         25.5814         2.82411 
        2.62619         25.4749         2.80784 
        2.63232         25.3432         2.79169 
        2.63846          25.276         2.77565 
        2.64459         25.1657         2.75976 
        2.65072         25.0473         2.74399 
        2.65686         24.9669         2.72834 
          2.663         24.8569         2.71279 
        2.66915         24.7313         2.69736 
        2.67527         24.6431         2.68209 
        2.68141         24.5755         2.66693 
        2.68755         24.4464         2.65186 
        2.69368         24.3417         2.63693 
        2.69981         24.2082         2.62214 
        2.70595           24.14         2.60742 
        2.71209         24.0309         2.59281 
        2.71823         23.9364         2.57834 
        2.72436         23.8658         2.56398 
         2.7305           23.74         2.54972 
        2.73663         23.6546         2.53557 
        2.74276         23.4869         2.52155 
         2.7489         23.4913         2.50762 
        2.75504         23.3633         2.49378 
        2.76118          23.273         2.48004 
        2.76732         23.1788         2.46642 
        2.77345          23.074         2.45291 
        2.77959         22.9851          2.4395 
        2.78572         22.9053         2.42619 
        2.79186         22.7857         2.41298 
        2.79798         22.6985         2.39989 
        2.80412         22.6321         2.38687 
        2.81027         22.5277         2.37394 
         2.8164         22.4314         2.36112 
        2.82253         22.3833          2.3484 
        2.82867         22.2312         2.33577 
        2.83481         22.1554         2.32323 
        2.84095         22.0621         2.31078 
        2.84708         21.9978         2.29844 
        2.85322         21.8549         2.28617 
        2.85935          21.832           2.274 
        2.86549         21.7617         2.26192 
        2.87162         21.6493         2.24993 
        2.87776         21.5853         2.23803 
        2.88389         21.4547         2.22621 
        2.89003         21.3383         2.21448 
        2.89617         21.2834         2.20283 
        2.90231         21.2297         2.19126 
        2.90844          21.123         2.17978 
        2.91458         21.0258         2.16838 
        2.92071         20.9346         2.15708 
        2.92684         20.8665         2.14585 
        2.93298         20.7783          2.1347 
         2.9391         20.7102         2.12365 
        2.94524         20.6075         2.11265 
        2.95138         20.5303         2.10174 
        2.95752         20.4779         2.09088 
        2.96367         20.3646         2.08011 
         2.9698         20.3079         2.06943 
        2.97594         20.2324         2.05882 
        2.98207          20.145         2.04828 
        2.98821         20.0555         2.03782 
        2.99434         19.9634         2.02744 
        3.00048         19.9329         2.01713 
        3.00662         19.8437         2.00688 
        3.01275         19.7265         1.99672 
        3.01888          19.663         1.98663 
        3.02503         19.6023         1.97659 
        3.03117         19.5035         1.96662 
        3.03729         19.4422         1.95675 
        3.04342         19.3582         1.94693 
        3.04957         19.2963         1.93716 
         3.0557         19.2279         1.92748 
        3.06183         19.1398         1.91788 
        3.06796         19.0741         1.90833 
        3.07411         18.9913         1.89882 
        3.08025         18.9028          1.8894 
        3.08637         18.8197         1.88006 
         3.0925         18.7311         1.87076 
        3.09865         18.6749         1.86152 
         3.1048         18.6065         1.85234 
        3.11093         18.5419         1.84323 
        3.11706         18.4745         1.83419 
         3.1232         18.3885         1.82521 
        3.12933         18.3118         1.81628 
        3.13547         18.2571         1.80742 
        3.14159         18.1771         1.79863 
        3.14773         18.1203         1.78988 
        3.15388         18.0318         1.78118 
        3.16001         17.9404         1.77256 
        3.16614         17.9003           1.764 
        3.17228         17.8402         1.75548 
        3.17842         17.7653         1.74702 
        3.18455         17.7135         1.73863 
        3.19068         17.6229         1.73029 
        3.19682         17.5612         1.72199 
        3.20297         17.4885         1.71375 
         3.2091         17.4328         1.70557 
        3.21524         17.3671         1.69744 
        3.22138         17.2975         1.68936 
         3.2275         17.2158         1.68135 
        3.23363         17.1627          1.6734 
        3.23977         17.1014         1.66548 
        3.24591         17.0402         1.65761 
        3.25205         16.9569         1.64979 
        3.25818         16.8693         1.64203 
        3.26432         16.8372         1.63432 
        3.27046         16.7496         1.62665 
         3.2766         16.6984         1.61904 
        3.28273          16.651         1.61147 
        3.28887           16.57         1.60396 
          3.295         16.5056         1.59649 
        3.30113         16.4513         1.58908 
        3.30727         16.4105          1.5817 
        3.31341         16.3218         1.57438 
        3.31954         16.2453         1.56711 
        3.32568         16.1879         1.55987 
        3.33182         16.1504         1.55268 
        3.33795         16.0611         1.54555 
        3.34409         16.0341         1.53845 
        3.35022         15.9582          1.5314 
        3.35636         15.9052          1.5244 
         3.3625         15.8333         1.51743 
        3.36864         15.7909         1.51051 
        3.37477          15.716         1.50363 
        3.38091         15.6624         1.49681 
        3.38704         15.5983         1.49002 
        3.39318         15.5387         1.48327 
        3.39931         15.4881         1.47656 
        3.40545         15.4249          1.4699 
        3.41158         15.3648         1.46328 
        3.41772         15.2971          1.4567 
        3.42385         15.2558         1.45017 
        3.42998         15.1842         1.44367 
        3.43612         15.1221         1.43721 
        3.44226         15.0741         1.43079 
         3.4484         15.0147          1.4244 
        3.45453         14.9764         1.41806 
        3.46066         14.9104         1.41177 
        3.46681         14.8357         1.40549 
        3.47295         14.8091         1.39926 
        3.47908         14.7483         1.39308 
        3.48521         14.6955         1.38693 
        3.49135         14.6354         1.38082 
        3.49749         14.5723         1.37474 
        3.50362         14.5254          1.3687 
        3.50976         14.4699          1.3627 
        3.51589         14.4051         1.35674 
        3.52203         14.3573         1.35081 
        3.52816         14.2974         1.34492 
        3.53429         14.2666         1.33906 
        3.54043         14.2066         1.33323 
        3.54657         14.1519         1.32744 
        3.55271         14.1061         1.32169 
        3.55884         14.0465         1.31597 
        3.56498         13.9903         1.31028 
        3.57112         13.9308         1.30462 
        3.57725         13.8975         1.29901 
        3.58338         13.8235         1.29343 
        3.58952          13.785         1.28787 
        3.59566         13.7194         1.28235 
         3.6018         13.6815         1.27686 
        3.60793         13.6373         1.27141 
        3.61407         13.5787         1.26599 
        3.62021         13.5433          1.2606 
        3.62634          13.477         1.25524 
        3.63247         13.4367         1.24991 
        3.63861          13.396         1.24462 
        3.64475         13.3412         1.23935 
        3.65089         13.2768         1.23411 
        3.65702         13.2476         1.22891 
        3.66316         13.1873         1.22374 
        3.66929         13.1554         1.21859 
        3.67543         13.0951         1.21348 
        3.68156         13.0504          1.2084 
        3.68769         12.9955         1.20334 
        3.69383         12.9633         1.19831 
        3.69997         12.9123         1.19331 
        3.70611         12.8503         1.18835 
        3.71224         12.8248          1.1834 
        3.71838         12.7544         1.17849 
        3.72451         12.7312         1.17361 
        3.73065         12.6922         1.16876 
        3.73678         12.6407         1.16393 
        3.74292         12.5781         1.15912 
        3.74906         12.5323         1.15435 
        3.75519         12.4983          1.1496 
        3.76133         12.4492         1.14488 
        3.76746         12.4006         1.14019 
         3.7736         12.3748         1.13553 
        3.77974         12.3199         1.13088 
        3.78588         12.2689         1.12626 
        3.79201         12.2329         1.12168 
        3.79814         12.1874         1.11712 
        3.80428         12.1409         1.11258 
        3.81042         12.1022         1.10806 
        3.81655         12.0573         1.10358 
        3.82268         12.0128         1.09912 
        3.82882         11.9622         1.09468 
        3.83496         11.9209         1.09027 
        3.84109         11.8929         1.08588 
        3.84723         11.8586         1.08151 
        3.85337         11.7923         1.07717 
        3.85951         11.7596         1.07285 
        3.86565         11.7245         1.06856 
        3.87178         11.6783         1.06429 
        3.87791          11.633         1.06005 
        3.88405         11.5899         1.05582 
        3.89019          11.555         1.05163 
        3.89632         11.5141         1.04745 
        3.90246          11.465          1.0433 
         3.9086         11.4252         1.03916 
        3.91473         11.3959         1.03506 
        3.92086         11.3491         1.03098 
        3.92699         11.3167         1.02691 
        3.93313         11.2722         1.02287 
        3.93927         11.2304         1.01885 
         3.9454         11.1829         1.01485 
        3.95154         11.1706         1.01088 
        3.95768         11.1163         1.00692 
        3.96382         11.0684         1.00298 
        3.96995         11.0306        0.999071 
        3.97609         10.9856         0.99518 
        3.98222         10.9666        0.991312 
        3.98836         10.9158        0.987461 
         3.9945         10.8754        0.983631 
        4.00063         10.8448        0.979824 
        4.00677         10.8079        0.976033 
        4.01291         10.7781        0.972262 
        4.01904         10.7394        0.968518 
        4.02517         10.6998        0.964794 
        4.03131          10.656        0.961082 
        4.03745         10.6209        0.957389 
        4.04358         10.5765        0.953721 
        4.04972         10.5487        0.950073 
        4.05585         10.5072        0.946441 
        4.06199         10.4791        0.942828 
        4.06812         10.4408        0.939236 
        4.07426         10.3998        0.935662 
         4.0804         10.3646        0.932104 
        4.08654         10.3344        0.928565 
        4.09267         10.2934        0.925049 
         4.0988         10.2491        0.921554 
        4.10494         10.2235        0.918072 
        4.11108          10.192        0.914606 
        4.11721         10.1516        0.911162 
        4.12334         10.1143        0.907736 
        4.12948         10.0796        0.904327 
        4.13561         10.0508        0.900933 
        4.14176         10.0185        0.897555 
        4.14789         9.98553        0.894196 
        4.15403          9.9547        0.890857 
        4.16016          9.9193        0.887533 
         4.1663         9.88031        0.884227 
        4.17243         9.84202         0.88094 
        4.17857         9.81578        0.877666 
        4.18471         9.77693        0.874409 
        4.19084         9.75172         0.87117 
        4.19698         9.70779        0.867948 
        4.20312         9.68739         0.86474 
        4.20925          9.6556        0.861551 
        4.21538         9.61286         0.85838 
        4.22152         9.58359         0.85522 
        4.22766         9.55676        0.852077 
         4.2338         9.51695        0.848952 
        4.23993         9.48728        0.845842 
        4.24607         9.46209        0.842748 
         4.2522         9.42269        0.839668 
        4.25834         9.38323        0.836604 
        4.26447         9.36946        0.833558 
        4.27061         9.32656        0.830526 
        4.27674         9.29153        0.827508 
        4.28288         9.27426        0.824503 
        4.28902         9.24208        0.821515 
        4.29515         9.20527        0.818544 
        4.30129         9.17645        0.815585 
        4.30743         9.14321         0.81264 
        4.31356         9.11447         0.80971 
        4.31969         9.09298        0.806799 
        4.32583         9.06714        0.803901 
        4.33197         9.03137        0.801011 
         4.3381         8.99344         0.79814 
        4.34424         8.97024        0.795284 
        4.35038          8.9395        0.792437 
        4.35652         8.90658        0.789607 
        4.36265         8.88477        0.786794 
        4.36878         8.84477        0.783993 
        4.37492         8.82653        0.781203 
        4.38106         8.79573        0.778426 
        4.38719         8.77269        0.775668 
        4.39333         8.74024        0.772923 
        4.39946         8.70474        0.770189 
         4.4056         8.67992        0.767468 
        4.41173         8.64984        0.764761 
        4.41786         8.62576         0.76207 
          4.424          8.5929        0.759388 
        4.43014          8.5721        0.756717 
        4.43628          8.5406         0.75406 
        4.44241         8.52064        0.751418 
        4.44855         8.48964        0.748788 
        4.45469         8.45897        0.746168 
        4.46083         8.43204        0.743565 
        4.46696         8.40317        0.740975 
        4.47309         8.37906        0.738394 
        4.47923         8.35652        0.735826 
        4.48537         8.32597        0.733272 
         4.4915         8.30681        0.730729 
        4.49764         8.27077        0.728197 
        4.50378         8.24501        0.725677 
        4.50991         8.21693        0.723173 
        4.51604         8.19205         0.72068 
        4.52218         8.16928        0.718194 
        4.52832         8.13612        0.715723 
        4.53445         8.11211        0.713265 
        4.54059         8.08632        0.710817 
        4.54673         8.06043         0.70838 
        4.55286          8.0371        0.705954 
          4.559         8.01248        0.703541 
        4.56513         7.98873         0.70114 
        4.57127         7.96551         0.69875 
        4.57741          7.9412        0.696369 
        4.58354           7.915           0.694 
        4.58968          7.8949        0.691643 
        4.59582         7.86404        0.689295 
        4.60195          7.8479        0.686961 
        4.60809         7.81372        0.684638 
        4.61422         7.78641        0.682324 
        4.62036         7.76469        0.680021 
        4.62649         7.73844        0.677728 
        4.63263         7.71715        0.675447 
        4.63876         7.68906        0.673176 
         4.6449         7.66615        0.670915 
        4.65104         7.63996        0.668665 
        4.65717         7.62244        0.666426 
        4.66331         7.59448        0.664197 
        4.66944          7.5793        0.661977 
        4.67558          7.5524         0.65977 
        4.68171         7.53077         0.65757 
        4.68785         7.50956         0.65538 
        4.69399         7.47783        0.653201 
        4.70012         7.46138        0.651035 
        4.70625         7.43575        0.648876 
        4.71239         7.41088        0.646726 
        4.71853         7.38993        0.644586 
        4.72467         7.37022        0.642455 
         4.7308         7.34479        0.640336 
        4.73694         7.32614        0.638226 
        4.74308         7.30006        0.636124 
        4.74922         7.28389        0.634032 
        4.75535         7.25894        0.631951 
        4.76148         7.23906         0.62988 
        4.76762         7.21133        0.627815 
        4.77376         7.18678        0.625761 
        4.77989         7.17813        0.623718 
        4.78602         7.15218        0.621683 
        4.79216         7.13172        0.619655 
         4.7983         7.10436        0.617638 
        4.80443         7.09711        0.615632 
        4.81056          7.0647        0.613633 
         4.8167         7.04057        0.611641 
        4.82284         7.02278        0.609658 
        4.82898         7.00661        0.607686 
        4.83511         6.98555        0.605723 
        4.84125         6.97072        0.603766 
        4.84739          6.9451        0.601819 
        4.85352         6.92636        0.599882 
        4.85965         6.90495        0.597953 
        4.86579         6.88589        0.596032 
        4.87193         6.86701        0.594119 
        4.87807         6.84142        0.592215 
         4.8842         6.82592        0.590319 
        4.89034         6.80909        0.588432 
        4.89647         6.78567        0.586552 
        4.90261         6.76967        0.584682 
        4.90874         6.74722         0.58282 
        4.91488         6.72473        0.580966 
        4.92102         6.70871        0.579119 
        4.92715          6.6908         0.57728 
        4.93329         6.66816        0.575451 
        4.93942         6.65091        0.573628 
        4.94556         6.62857        0.571813 
         4.9517         6.61063        0.570006 
        4.95783         6.59821        0.568207 
        4.96397         6.57807        0.566417 
        4.97011         6.55858        0.564633 
        4.97624         6.54177        0.562858 
        4.98238         6.52349        0.561091 
        4.98851         6.50073        0.559331 
        4.99465         6.48483        0.557578 
        5.00078         6.46547        0.555834 
        5.00691         6.45104        0.554098 
        5.01305         6.43095        0.552368 
        5.01919         6.41706        0.550643 
        5.02533         6.39742        0.548928 
        5.03146         6.37413        0.547221 
         5.0376         6.36714        0.545521 
        5.04374         6.34233        0.543827 
        5.04987         6.32639         0.54214 
        5.05601         6.30582        0.540462 
        5.06215         6.29455        0.538789 
        5.06829         6.27257        0.537124 
        5.07442          6.2636        0.535467 
        5.08055         6.23706        0.533818 
        5.08668         6.21822        0.532174 
        5.09282         6.21247        0.530537 
        5.09896         6.19482        0.528908 
        5.10509         6.18096        0.527286 
        5.11123         6.15922         0.52567 
        5.11736         6.14183        0.524061 
         5.1235         6.12768        0.522458 
        5.12964         6.10949        0.520862 
        5.13577         6.09336        0.519272 
        5.14191         6.07688         0.51769 
        5.14804         6.05988        0.516116 
        5.15418         6.04817        0.514547 
        5.16032         6.03221        0.512984 
        5.16645         6.02165        0.511427 
        5.17259         6.00641        0.509878 
        5.17872         5.98801        0.508335 
        5.18486         5.97211        0.506797 
          5.191         5.95643        0.505267 
        5.19713         5.93935        0.503744 
        5.20327         5.91843        0.502226 
        5.20941         5.90994        0.500714 
        5.21555         5.89153        0.499207 
        5.22168          5.8813        0.497709 
        5.22781           5.864        0.496217 
        5.23395         5.84724        0.494731 
        5.24009         5.83381        0.493249 
        5.24622          5.8194        0.491775 
        5.25236         5.80347        0.490307 
         5.2585         5.78631        0.488844 
        5.26463         5.77602        0.487387 
        5.27077         5.76016        0.485937 
         5.2769         5.74565        0.484493 
        5.28304         5.73032        0.483055 
        5.28917         5.71554        0.481622 
         5.2953         5.70741        0.480196 
        5.30144         5.69493        0.478775 
        5.30757         5.68256         0.47736 
        5.31371         5.66587         0.47595 
        5.31985         5.65166        0.474545 
        5.32599         5.63739        0.473146 
        5.33213         5.62085        0.471753 
        5.33826         5.60821        0.470366 
         5.3444         5.59927        0.468985 
        5.35053         5.58989        0.467609 
        5.35667         5.57282        0.466238 
        5.36281         5.55669        0.464873 
        5.36894         5.54484        0.463514 
        5.37507          5.5353         0.46216 
        5.38121         5.51866        0.460811 
        5.38735         5.51107        0.459468 
        5.39348         5.49479        0.458131 
        5.39961         5.48457        0.456799 
        5.40575         5.47755        0.455471 
        5.41189         5.45136        0.454149 
        5.41803         5.44734        0.452832 
        5.42416          5.4312        0.451521 
         5.4303         5.42073        0.450214 
        5.43644         5.41062        0.448913 
        5.44257         5.39723        0.447618 
        5.44871         5.38393        0.446326 
        5.45484         5.37337        0.445041 
        5.46098         5.36343         0.44376 
        5.46712         5.34427        0.442484 
        5.47325         5.33933        0.441213 
        5.47938         5.32638        0.439949 
        5.48552          5.3143        0.438689 
        5.49165         5.30319        0.437434 
        5.49779         5.29389        0.436183 
        5.50393         5.28291        0.434937 
        5.51006         5.26857        0.433695 
         5.5162         5.25922        0.432459 
        5.52234         5.24769        0.431228 
        5.52847         5.23559        0.430001 
        5.53461         5.22667        0.428779 
        5.54075         5.21719        0.427563 
        5.54688         5.20593        0.426351 
        5.55302         5.19438        0.425143 
        5.55915         5.18222        0.423941 
        5.56529         5.17057        0.422743 
        5.57143         5.16636        0.421549 
        5.57756         5.15226         0.42036 
         5.5837         5.14459        0.419176 
        5.58983          5.1347        0.417997 
        5.59597          5.1238        0.416823 
         5.6021         5.11708        0.415652 
        5.60824         5.10426        0.414485 
        5.61438         5.09821        0.413324 
        5.62051         5.08181        0.412167 
        5.62665         5.07721        0.411015 
        5.63278         5.06731        0.409867 
        5.63892         5.05796        0.408723 
        5.64505         5.05029        0.407584 
        5.65119          5.0385        0.406449 
        5.65733         5.03209        0.405319 
        5.66346          5.0167        0.404193 
         5.6696         5.00598        0.403071 
        5.67573         5.00004        0.401953 
        5.68187         4.98953         0.40084 
          5.688         4.98259        0.399731 
        5.69414         4.97745        0.398626 
        5.70028         4.97116        0.397525 
        5.70642         4.95941        0.396428 
        5.71255         4.95108        0.395336 
        5.71869         4.94467        0.394248 
        5.72482         4.93161        0.393164 
        5.73096         4.92321        0.392084 
        5.73709         4.91746        0.391009 
        5.74322         4.90544        0.389938 
        5.74936         4.89977        0.388869 
         5.7555         4.89478        0.387805 
        5.76164         4.88913        0.386745 
        5.76777         4.88014         0.38569 
        5.77391         4.86838        0.384638 
        5.78005         4.86273         0.38359 
        5.78618          4.8558        0.382546 
        5.79231         4.85016        0.381507 
        5.79845         4.83433        0.380471 
        5.80459         4.82836        0.379438 
        5.81073         4.82458         0.37841 
        5.81686         4.82092        0.377386 
          5.823         4.81359        0.376365 
        5.82914         4.80717        0.375348 
        5.83527         4.79826        0.374336 
         5.8414         4.78881        0.373327 
        5.84754         4.78546        0.372321 
        5.85368         4.77661        0.371318 
        5.85981          4.7719        0.370321 
        5.86595         4.76288        0.369326 
        5.87208         4.75958        0.368336 
        5.87822         4.75047        0.367349 
        5.88435         4.74713        0.366367 
        5.89049         4.73526        0.365387 
        5.89662         4.73388         0.36441 
        5.90276         4.72599        0.363437 
         5.9089         4.72279        0.362468 
        5.91503         4.71525        0.361504 
        5.92117         4.71036        0.360541 
        5.92731         4.70321        0.359583 
        5.93344         4.69464        0.358628 
        5.93958         4.68977        0.357677 
        5.94572         4.69006        0.356729 
        5.95186         4.68617        0.355784 
        5.95799         4.67747        0.354844 
        5.96412         4.67116        0.353907 
        5.97026         4.66544        0.352972 
         5.9764         4.66205        0.352042 
        5.98253         4.65675        0.351116 
        5.98866         4.65712        0.350192 
         5.9948         4.64591        0.349271 
        6.00094         4.64333        0.348354 
        6.00707          4.6398         0.34744 
        6.01321         4.63221        0.346529 
        6.01935         4.62588        0.345622 
        6.02548         4.62402        0.344718 
        6.03162         4.61991        0.343818 
        6.03775         4.61865        0.342921 
        6.04389         4.61436        0.342026 
        6.05003         4.60876        0.341135 
        6.05617         4.60451        0.340246 
         6.0623         4.60519        0.339362 
        6.06844         4.59646        0.338481 
        6.07457          4.5923        0.337603 
         6.0807          4.5925        0.336728 
        6.08684         4.58581        0.335856 
        6.09298         4.58423        0.334987 
        6.09912         4.58241        0.334121 
        6.10525          4.5753        0.333258 
        6.11138         4.57688        0.332399 
        6.11752         4.57259        0.331542 
        6.12366         4.57086        0.330688 
        6.12979         4.56682        0.329838 
        6.13593         4.56334        0.328991 
        6.14207         4.56225        0.328146 
         6.1482          4.5574        0.327304 
        6.15434         4.55775        0.326466 
        6.16047         4.55339        0.325631 
        6.16661         4.55393        0.324798 
        6.17274         4.54747        0.323968 
        6.17887         4.54522        0.323142 
        6.18501         4.54469        0.322318 
        6.19115         4.54349        0.321497 
        6.19729           4.541        0.320678 
        6.20342         4.53911        0.319863 
        6.20956          4.5394         0.31905 
         6.2157          4.5352         0.31824 
        6.22183         4.53424        0.317433 
        6.22797         4.53224         0.31663 
         6.2341          4.5331        0.315829 
        6.24024         4.53307         0.31503 
        6.24638         4.52832        0.314234 
        6.25251         4.52854        0.313441 
        6.25865         4.52784        0.312651 
        6.26478         4.52896        0.311863 
        6.27092         4.52899        0.311079 
        6.27705          4.5282        0.310297 
        6.28318         4.52847        0.309518 
