# k  (h/Mpc)    P(k)  (Mpc/h)^3    P_linear(k)  (Mpc/h)^3
     0.00783031         11768.2         11948.6 
       0.013688         14768.3         14678.7 
       0.019231         14795.3         14783.9 
      0.0249154         13333.3         13588.3 
      0.0312784         11579.2         11692.6 
      0.0375637         9912.39         9913.17 
      0.0433917         8485.59         8617.67 
      0.0492413          7645.4         7693.57 
      0.0555754         6828.71         7018.48 
      0.0619321         6529.83         6521.83 
       0.067871         5937.94         6089.15 
      0.0738098         5471.84         5611.04 
      0.0800417         4877.66         5047.54 
      0.0862327         4376.64         4466.69 
      0.0921407         3942.28         3951.25 
      0.0982031         3490.43         3509.58 
       0.104506         3245.58          3165.7 
       0.110769         2999.87            2931 
       0.116806         2823.47         2776.06 
       0.122832         2703.22         2654.14 
       0.129052         2520.57         2527.71 
       0.135211         2384.88         2380.45 
       0.141259         2262.79         2211.32 
       0.147318         2110.57         2029.14 
       0.153489         1920.74         1849.24 
       0.159709         1800.71         1691.16 
       0.165845         1717.67         1567.46 
       0.171974         1617.94         1476.04 
       0.178125         1543.28          1409.3 
       0.184229         1483.75         1356.74 
        0.19034         1396.89         1306.61 
       0.196428         1369.75         1251.21 
       0.202534         1318.71         1187.26 
       0.208729         1249.66         1115.89 
       0.214876         1185.15         1043.95 
       0.220989         1141.01         977.165 
       0.227147         1084.79         919.067 
        0.23329         1040.13         871.918 
       0.239377          1019.5         834.804 
       0.245482         953.965         804.305 
       0.251667         947.557          776.64 
       0.257832         911.883         749.028 
       0.263955           881.5         719.702 
       0.270079         848.833         688.212 
        0.27624         837.934         655.399 
       0.282372         802.153         623.402 
        0.28843         787.096         594.066 
       0.294538         747.238         567.872 
       0.300721         743.261         545.056 
        0.30691         710.545         525.396 
       0.313033         696.855         508.078 
       0.319153         678.709         491.756 
       0.325316         657.998         475.425 
        0.33145         640.229         458.817 
       0.337538         630.896         442.005 
       0.343633         612.154         425.218 
       0.349808         590.921         408.776 
       0.355968         586.431         393.441 
       0.362074         577.038         379.527 
       0.368217         560.556         366.879 
       0.374374         537.163         355.321 
       0.380519         535.056         344.584 
       0.386598          521.17         334.424 
       0.392688         518.631         324.428 
        0.39888         503.328          314.35 
       0.405048         493.674         304.411 
       0.411186         485.484         294.714 
       0.417313         476.011         285.397 
       0.423458         467.318         276.542 
       0.429607         459.165         268.214 
       0.435692         448.276         260.517 
       0.441815         444.638         253.237 
       0.447964          435.31         246.281 
       0.454126         425.005         239.569 
       0.460267         417.871         233.073 
       0.466387         413.096         226.737 
        0.47254         405.326         220.504 
       0.478662         404.113         214.481 
       0.484765         390.741         208.693 
       0.490885         387.091         203.125 
       0.497035         380.052         197.778 
       0.503198         374.506         192.677 
       0.509342         371.583         187.823 
       0.515458          367.56          183.18 
       0.521598         359.218         178.671 
       0.527764         353.119         174.275 
       0.533884         350.803         170.037 
           0.54         345.838         165.924 
       0.546137         344.402         161.915 
       0.552299         337.292         158.015 
       0.558452         335.346         154.255 
       0.564573         330.279         150.652 
       0.570708         324.494         147.178 
       0.576825         318.433         143.838 
       0.582926         316.371         140.616 
       0.589034         313.462         137.487 
       0.595184         310.475         134.427 
       0.601379         306.526         131.434 
       0.607522         301.666         128.553 
       0.613639         300.241         125.769 
       0.619772         293.305         123.061 
       0.625918         292.317         120.428 
       0.632068         287.769         117.873 
       0.638161         286.622         115.417 
         0.6443         281.742         113.016 
       0.650464         279.175         110.677 
       0.656582         277.375         108.422 
       0.662703         275.888         106.232 
       0.668861         270.877          104.09 
       0.675024         267.942         102.006 
       0.681124         266.563             100 
       0.687237         263.522         98.0438 
       0.693381         259.581         96.1301 
       0.699536          257.32          94.264 
       0.705665         255.411         92.4557 
       0.711789         253.085         90.6969 
       0.717957         251.555         88.9725 
        0.72409         248.848         87.3032 
       0.730186         246.075         85.6877 
       0.736317         243.432          84.105 
       0.742472         242.234         82.5571 
       0.748622         240.047         81.0501 
        0.75476         237.942         79.5843 
       0.760888         234.941         78.1574 
       0.767043         234.978         76.7602 
       0.773185         232.059         75.4002 
       0.779291         227.961         74.0811 
       0.785407         227.509         72.7919 
       0.791564         225.127         71.5256 
       0.797719         222.578         70.2902 
       0.803834         221.264         69.0921 
       0.809972         219.972         67.9179 
       0.816124          219.72         66.7686 
       0.822261         216.661         65.6492 
       0.828378         214.815         64.5591 
       0.834502         214.232         63.4929 
       0.840667         211.217         62.4442 
       0.846816         209.745         61.4224 
       0.852925         208.865           60.43 
       0.859047         206.925         59.4577 
       0.865192         204.822         58.5037 
       0.871341         203.146         57.5702 
       0.877463          201.76         56.6615 
       0.883569         201.032         55.7749 
       0.889708          198.93         54.9028 
       0.895864         196.582         54.0473 
       0.902008         195.881         53.2119 
       0.908149         195.145         52.3949 
       0.914301         192.624         51.5938 
       0.920448          191.31         50.8103 
       0.926574         190.165          50.046 
       0.932687         190.007         49.2991 
       0.938823          187.62         48.5649 
       0.944975         186.125         47.8441 
       0.951105         185.326         47.1406 
       0.957225         183.612         46.4526 
       0.963368           181.4         45.7761 
       0.969511         180.802         45.1131 
       0.975621         179.343         44.4669 
       0.981748         179.245         43.8317 
       0.987916         177.242         43.2051 
        0.99406         175.652         42.5931 
        1.00019         175.628         41.9943 
        1.00632         173.923         41.4076 
        1.01246         172.772         40.8314 
        1.01859          172.18         40.2671 
        1.02471          170.26         39.7143 
        1.03085         168.564           39.17 
        1.03698         167.944         38.6371 
        1.04314         166.465          38.112 
        1.04929         165.439         37.5979 
        1.05541         165.157         37.0954 
        1.06154         163.647         36.6009 
        1.06769         163.521         36.1148 
        1.07382         162.017         35.6391 
        1.07993         160.629         35.1731 
        1.08607         159.873         34.7136 
        1.09222         159.166         34.2618 
        1.09836         157.777         33.8186 
        1.10449         156.253         33.3839 
        1.11063         155.055         32.9564 
        1.11677         154.848         32.5365 
         1.1229         153.453         32.1247 
        1.12903         152.734         31.7197 
        1.13518         152.193         31.3215 
        1.14131         150.652         30.9303 
        1.14745         150.288          30.546 
        1.15359         149.179         30.1683 
        1.15973         148.543         29.7968 
        1.16584         146.967         29.4333 
        1.17197         146.453         29.0754 
        1.17811         145.612         28.7223 
        1.18424         144.867         28.3762 
        1.19038         144.461         28.0348 
        1.19652         143.279         27.6991 
        1.20267         142.541          27.369 
        1.20881         141.303         27.0444 
        1.21495         140.754         26.7255 
        1.22108         139.992         26.4119 
         1.2272         138.725         26.1041 
        1.23334         138.223         25.8005 
        1.23949         137.175          25.501 
        1.24562          136.52         25.2071 
        1.25174         135.243         24.9183 
        1.25789         134.664         24.6332 
        1.26402         133.817         24.3531 
        1.27014         133.004         24.0781 
        1.27628         132.462         23.8065 
        1.28244         131.983         23.5386 
        1.28858         131.272         23.2752 
        1.29471          129.82         23.0164 
        1.30084         129.557         22.7619 
        1.30697          128.57         22.5108 
        1.31312         128.145         22.2632 
        1.31925         127.126         22.0201 
        1.32537         126.552         21.7809 
        1.33151         125.353         21.5443 
        1.33765         125.051         21.3115 
        1.34378          124.31         21.0826 
        1.34992         123.969         20.8568 
        1.35606         123.283          20.634 
         1.3622         122.223         20.4147 
        1.36833         121.505         20.1992 
        1.37445         120.801         19.9869 
        1.38059         120.286         19.7771 
        1.38675         119.491         19.5697 
        1.39288         119.123         19.3662 
        1.39901         118.648         19.1657 
        1.40515          117.65         18.9675 
         1.4113         116.792         18.7723 
        1.41742         116.424         18.5805 
        1.42355         115.622         18.3911 
         1.4297         115.083         18.2038 
        1.43585         114.108         18.0192 
        1.44198          113.88         17.8378 
        1.44809         113.111         17.6593 
        1.45423         112.442         17.4826 
        1.46036         112.075         17.3086 
        1.46649         111.242          17.137 
        1.47263         110.657         16.9675 
        1.47877         110.315         16.8004 
        1.48491         109.178         16.6353 
        1.49104         109.043         16.4728 
        1.49718         108.112         16.3124 
        1.50333         107.729         16.1538 
        1.50947         107.232         15.9977 
         1.5156         106.492         15.8438 
        1.52172         105.879          15.692 
        1.52787         105.403         15.5419 
          1.534         104.753         15.3939 
        1.54013         104.151         15.2481 
        1.54627         103.769         15.1038 
        1.55241         102.997         14.9614 
        1.55855         102.532          14.821 
        1.56467         102.236         14.6829 
         1.5708         101.396         14.5461 
        1.57695         101.262         14.4108 
        1.58308         100.343         14.2776 
        1.58922         100.186          14.146 
        1.59535         99.4882         14.0161 
         1.6015         98.9532         13.8877 
        1.60764         98.4193         13.7609 
        1.61376         98.2284         13.6361 
        1.61989         97.3939         13.5127 
        1.62604         97.1145         13.3906 
        1.63218         96.5724         13.2701 
        1.63831         95.7254         13.1513 
        1.64444         95.4941          13.034 
        1.65059         94.9552         12.9178 
        1.65673         94.1209         12.8032 
        1.66285         93.9724         12.6902 
        1.66898         93.4195         12.5786 
        1.67512         92.9248         12.4682 
        1.68127         92.4466         12.3589 
         1.6874         91.8351         12.2512 
        1.69353         91.3551         12.1449 
        1.69967         90.9521         12.0396 
        1.70581          90.584         11.9356 
        1.71193         90.2421         11.8332 
        1.71806         89.6213         11.7317 
        1.72421         89.0288         11.6313 
        1.73035         88.6739         11.5322 
        1.73649         88.1751         11.4342 
        1.74262         87.6795         11.3375 
        1.74876         87.3755         11.2418 
        1.75489         86.6281         11.1474 
        1.76101         86.3725         11.0542 
        1.76715         85.7758         10.9618 
        1.77329         85.5384         10.8705 
        1.77943          84.848         10.7801 
        1.78557         84.7188         10.6909 
        1.79171         84.0029         10.6027 
        1.79785         83.6542         10.5155 
        1.80399         83.2957         10.4292 
        1.81012         82.9612         10.3441 
        1.81625         82.4111           10.26 
        1.82239         82.1262         10.1766 
        1.82853         81.7791         10.0943 
        1.83466         81.2005         10.0129 
        1.84078         81.0131          9.9325 
        1.84692         80.3448         9.85287 
        1.85306         79.9102         9.77402 
         1.8592          79.591         9.69615 
        1.86533         79.1586         9.61918 
        1.87147         78.6305         9.54296 
        1.87761          78.382         9.46753 
        1.88375         77.9257         9.39301 
        1.88988         77.5409         9.31937 
        1.89601         77.1082         9.24648 
        1.90215         76.7856         9.17432 
        1.90829         76.3718         9.10296 
        1.91442         76.0409         9.03235 
        1.92056         75.4337         8.96255 
         1.9267          75.254         8.89342 
        1.93284          74.755         8.82498 
        1.93897         74.3835         8.75739 
        1.94509         74.1209         8.69066 
        1.95123          73.684         8.62445 
        1.95737         73.3573         8.55889 
        1.96349         72.8152         8.49418 
        1.96964         72.5511         8.42995 
        1.97578         72.2474         8.36636 
        1.98192         71.9273         8.30355 
        1.98805         71.4611         8.24139 
        1.99419          71.051         8.17985 
        2.00033         70.8284         8.11892 
        2.00647         70.4419         8.05863 
         2.0126         69.9755         7.99906 
        2.01874         69.5508         7.93999 
        2.02488         69.2914         7.88147 
        2.03101         69.0356         7.82366 
        2.03714         68.5425         7.76647 
        2.04328         68.3235          7.7098 
        2.04941         67.9593         7.65374 
        2.05554         67.7268         7.59828 
        2.06167         67.2719         7.54329 
        2.06781         66.8814         7.48885 
        2.07396         66.5597         7.43486 
        2.08009         66.3076          7.3815 
        2.08622         66.0076         7.32872 
        2.09237         65.5952         7.27636 
        2.09851         65.4439         7.22451 
        2.10464         64.9769         7.17324 
        2.11077         64.6281         7.12253 
        2.11691         64.3317         7.07221 
        2.12305         64.0198         7.02236 
        2.12918         63.7351         6.97312 
        2.13531         63.3255         6.92434 
        2.14145         63.0358         6.87592 
         2.1476         62.7551         6.82791 
        2.15372         62.4604         6.78059 
        2.15985         62.1014         6.73368 
        2.16599         61.8219         6.68707 
        2.17213         61.5539         6.64096 
        2.17827         61.2174          6.5953 
         2.1844         60.8573          6.5501 
        2.19054         60.6282         6.50532 
        2.19666         60.2769         6.46101 
         2.2028         60.2195         6.41708 
        2.20893         59.8166         6.37354 
        2.21508         59.4501         6.33035 
        2.22122          59.219         6.28755 
        2.22736         58.9381         6.24524 
        2.23349         58.5829         6.20332 
        2.23962         58.2259         6.16177 
        2.24577         57.9522         6.12057 
         2.2519         57.6995          6.0798 
        2.25802         57.4953         6.03946 
        2.26417         57.0573         5.99938 
        2.27031         56.8592         5.95963 
        2.27644         56.6694         5.92036 
        2.28257         56.3048         5.88144 
        2.28872         56.0147          5.8428 
        2.29486         55.7533         5.80452 
        2.30099         55.4634         5.76665 
        2.30712         55.3026         5.72911 
        2.31326         54.9511         5.69184 
         2.3194         54.6602         5.65493 
        2.32553         54.3893          5.6184 
        2.33166         54.0785         5.58221 
         2.3378         53.8411          5.5463 
        2.34394          53.546         5.51068 
        2.35007         53.2655         5.47543 
        2.35619         53.0633         5.44054 
        2.36233         52.8894         5.40586 
        2.36848         52.5585         5.37142 
        2.37462         52.2842         5.33735 
        2.38075         52.1173          5.3036 
        2.38689         51.8128         5.27012 
        2.39303         51.5622         5.23694 
        2.39916         51.3799         5.20407 
        2.40529         51.1331         5.17149 
        2.41143         50.8783         5.13917 
        2.41757         50.5616          5.1071 
         2.4237         50.4142         5.07537 
        2.42983         50.0581         5.04391 
        2.43598         49.8366         5.01264 
        2.44211         49.6751         4.98168 
        2.44823         49.3897         4.95105 
        2.45437         49.1251          4.9206 
        2.46052         48.8542         4.89038 
        2.46665         48.6728         4.86046 
        2.47279         48.4226         4.83081 
        2.47892          48.257         4.80138 
        2.48507         47.9636         4.77218 
         2.4912         47.8286         4.74327 
        2.49733         47.5248         4.71462 
        2.50347         47.2232         4.68615 
        2.50961         47.0641         4.65791 
        2.51575          46.838         4.62993 
        2.52188         46.5739         4.60221 
        2.52802         46.4384         4.57469 
        2.53416         46.2696         4.54738 
        2.54029         46.0246         4.52034 
        2.54641         45.7434         4.49354 
        2.55255         45.6254         4.46692 
        2.55869         45.3529         4.44048 
        2.56483         45.1362         4.41429 
        2.57096         44.8723         4.38834 
        2.57709         44.6132         4.36259 
        2.58323         44.4445         4.33702 
        2.58937         44.2402         4.31165 
        2.59551         44.0379         4.28651 
        2.60164         43.8487         4.26158 
        2.60778         43.6076         4.23682 
        2.61392         43.4678         4.21226 
        2.62006         43.2412         4.18791 
        2.62619         43.0405         4.16378 
        2.63232         42.8204         4.13983 
        2.63846         42.5784         4.11604 
        2.64459         42.4177         4.09248 
        2.65072         42.2243         4.06909 
        2.65686          41.947         4.04589 
          2.663         41.7912         4.02282 
        2.66915         41.6781         3.99995 
        2.67527         41.4447          3.9773 
        2.68141         41.2073         3.95481 
        2.68755         41.1253         3.93248 
        2.69368         40.8127         3.91034 
        2.69981         40.6719          3.8884 
        2.70595         40.4914         3.86657 
        2.71209         40.3947         3.84491 
        2.71823         40.0954         3.82345 
        2.72436         39.9098         3.80215 
         2.7305         39.7467         3.78101 
        2.73663         39.5066         3.76003 
        2.74276         39.3511         3.73923 
         2.7489         39.1948         3.71857 
        2.75504         38.9791         3.69805 
        2.76118         38.8552         3.67767 
        2.76732         38.6273         3.65748 
        2.77345         38.4336         3.63745 
        2.77959          38.266         3.61756 
        2.78572         38.0975         3.59782 
        2.79186         37.9612         3.57824 
        2.79798         37.7789         3.55883 
        2.80412          37.602         3.53952 
        2.81027         37.4251         3.52033 
         2.8164         37.3153         3.50133 
        2.82253         37.1028         3.48247 
        2.82867         36.8964         3.46374 
        2.83481         36.6888         3.44514 
        2.84095         36.4952         3.42668 
        2.84708         36.3794         3.40838 
        2.85322         36.2333         3.39019 
        2.85935         36.0558         3.37214 
        2.86549         35.8744         3.35423 
        2.87162         35.7404         3.33645 
        2.87776         35.5436          3.3188 
        2.88389         35.4057         3.30126 
        2.89003         35.2162         3.28387 
        2.89617         35.0914         3.26659 
        2.90231         34.9259         3.24944 
        2.90844         34.7673         3.23242 
        2.91458         34.5926         3.21552 
        2.92071         34.4789         3.19876 
        2.92684         34.2993          3.1821 
        2.93298         34.0668         3.16557 
         2.9391         33.9914         3.14918 
        2.94524         33.8939         3.13288 
        2.95138         33.6736         3.11669 
        2.95752         33.4953         3.10059 
        2.96367         33.3919         3.08461 
         2.9698         33.1842         3.06878 
        2.97594         33.0718         3.05304 
        2.98207         32.9224         3.03742 
        2.98821         32.8096         3.02191 
        2.99434         32.6425         3.00652 
        3.00048         32.4991         2.99122 
        3.00662         32.2749         2.97602 
        3.01275         32.1969         2.96096 
        3.01888         32.0775         2.94599 
        3.02503         31.9336          2.9311 
        3.03117         31.7512         2.91632 
        3.03729         31.6134         2.90168 
        3.04342         31.4737         2.88713 
        3.04957         31.3372         2.87264 
         3.0557         31.2121         2.85828 
        3.06183         31.0589         2.84404 
        3.06796         30.8814         2.82988 
        3.07411         30.7803         2.81578 
        3.08025         30.6462         2.80181 
        3.08637         30.5088         2.78796 
         3.0925         30.3609         2.77418 
        3.09865          30.187         2.76046 
         3.1048         30.0968         2.74685 
        3.11093         29.9721         2.73335 
        3.11706         29.8494         2.71995 
         3.1232         29.7482         2.70662 
        3.12933         29.5529         2.69338 
        3.13547         29.3861         2.68025 
        3.14159         29.2551         2.66721 
        3.14773         29.1556         2.65424 
        3.15388         29.0398         2.64134 
        3.16001         28.8997         2.62855 
        3.16614         28.7978         2.61585 
        3.17228         28.6442         2.60322 
        3.17842         28.5464         2.59068 
        3.18455         28.4244         2.57823 
        3.19068         28.2819         2.56586 
        3.19682         28.1473         2.55356 
        3.20297         28.0281         2.54134 
         3.2091         27.8933          2.5292 
        3.21524         27.7894         2.51715 
        3.22138         27.6836         2.50518 
         3.2275         27.5483          2.4933 
        3.23363           27.47          2.4815 
        3.23977         27.3114         2.46975 
        3.24591         27.2117         2.45809 
        3.25205         27.0722         2.44649 
        3.25818         26.9727         2.43498 
        3.26432         26.8044         2.42354 
        3.27046         26.7494         2.41218 
         3.2766         26.6028         2.40089 
        3.28273         26.4818         2.38967 
        3.28887         26.3989         2.37853 
          3.295         26.2753         2.36746 
        3.30113         26.1433         2.35646 
        3.30727         26.0744         2.34552 
        3.31341         25.9056         2.33467 
        3.31954          25.814         2.32388 
        3.32568         25.7493         2.31315 
        3.33182         25.5742         2.30249 
        3.33795         25.5229         2.29191 
        3.34409         25.3711         2.28138 
        3.35022         25.2731         2.27093 
        3.35636         25.1615         2.26054 
         3.3625         25.0352         2.25021 
        3.36864         24.9427         2.23995 
        3.37477         24.8457         2.22975 
        3.38091         24.7237         2.21963 
        3.38704         24.6316         2.20956 
        3.39318          24.517         2.19956 
        3.39931         24.4357         2.18961 
        3.40545         24.2924         2.17973 
        3.41158         24.2231         2.16992 
        3.41772         24.0913         2.16016 
        3.42385         24.0157         2.15047 
        3.42998         23.9017         2.14083 
        3.43612         23.7738         2.13126 
        3.44226         23.6869         2.12173 
         3.4484         23.6083         2.11226 
        3.45453         23.5264         2.10286 
        3.46066         23.4192         2.09352 
        3.46681         23.3059         2.08422 
        3.47295         23.2375         2.07497 
        3.47908         23.1178         2.06581 
        3.48521         23.0085          2.0567 
        3.49135         22.9264         2.04763 
        3.49749         22.8172         2.03862 
        3.50362         22.7408         2.02966 
        3.50976         22.6107         2.02076 
        3.51589         22.5111         2.01192 
        3.52203         22.4418         2.00312 
        3.52816         22.3369         1.99439 
        3.53429         22.2496         1.98571 
        3.54043         22.1856         1.97706 
        3.54657         22.0901         1.96847 
        3.55271         21.9552         1.95994 
        3.55884         21.8922         1.95147 
        3.56498         21.7764         1.94303 
        3.57112         21.7079         1.93464 
        3.57725          21.629         1.92631 
        3.58338         21.5279         1.91804 
        3.58952         21.4463          1.9098 
        3.59566         21.3719         1.90161 
         3.6018         21.2812         1.89347 
        3.60793         21.1899         1.88538 
        3.61407         21.0786         1.87735 
        3.62021         21.0032         1.86935 
        3.62634         20.9182         1.86141 
        3.63247         20.8108         1.85351 
        3.63861         20.7464         1.84566 
        3.64475          20.659         1.83784 
        3.65089         20.5769         1.83007 
        3.65702         20.4951         1.82236 
        3.66316         20.3958         1.81469 
        3.66929         20.3443         1.80706 
        3.67543         20.2499         1.79948 
        3.68156         20.1578         1.79194 
        3.68769         20.0823         1.78445 
        3.69383         19.9964         1.77699 
        3.69997         19.9298         1.76958 
        3.70611         19.8263         1.76221 
        3.71224         19.7454         1.75488 
        3.71838         19.6598         1.74759 
        3.72451         19.6083         1.74035 
        3.73065          19.517         1.73316 
        3.73678         19.4308           1.726 
        3.74292         19.3617         1.71887 
        3.74906         19.2785         1.71179 
        3.75519          19.223         1.70476 
        3.76133         19.1374         1.69775 
        3.76746         19.0396          1.6908 
         3.7736         18.9946         1.68388 
        3.77974         18.9056           1.677 
        3.78588         18.8193         1.67015 
        3.79201         18.7483         1.66335 
        3.79814         18.6491         1.65658 
        3.80428         18.6168         1.64985 
        3.81042         18.5447         1.64316 
        3.81655         18.4576          1.6365 
        3.82268          18.383         1.62989 
        3.82882         18.2933         1.62331 
        3.83496         18.2293         1.61677 
        3.84109         18.1666         1.61026 
        3.84723          18.089         1.60379 
        3.85337         18.0098         1.59734 
        3.85951         17.9462         1.59094 
        3.86565         17.8669         1.58457 
        3.87178         17.7989         1.57825 
        3.87791         17.7572         1.57196 
        3.88405         17.6579         1.56569 
        3.89019         17.5911         1.55946 
        3.89632         17.5393         1.55327 
        3.90246          17.464         1.54711 
         3.9086           17.39         1.54098 
        3.91473         17.3238          1.5349 
        3.92086         17.2372         1.52885 
        3.92699         17.1891         1.52282 
        3.93313          17.122         1.51682 
        3.93927         17.0689         1.51086 
         3.9454         16.9573         1.50494 
        3.95154          16.922         1.49904 
        3.95768         16.8707         1.49317 
        3.96382         16.8059         1.48733 
        3.96995          16.722         1.48153 
        3.97609         16.6457         1.47576 
        3.98222         16.5947         1.47003 
        3.98836         16.5296         1.46432 
         3.9945         16.4584         1.45864 
        4.00063         16.4188         1.45299 
        4.00677          16.343         1.44737 
        4.01291         16.2611         1.44178 
        4.01904         16.2041         1.43622 
        4.02517         16.1468          1.4307 
        4.03131         16.0901          1.4252 
        4.03745         16.0255         1.41972 
        4.04358         15.9583         1.41428 
        4.04972         15.9137         1.40887 
        4.05585         15.8523         1.40349 
        4.06199         15.7843         1.39813 
        4.06812          15.725          1.3928 
        4.07426         15.6628          1.3875 
         4.0804         15.5972         1.38223 
        4.08654         15.5381         1.37698 
        4.09267         15.4895         1.37176 
         4.0988         15.4278         1.36658 
        4.10494         15.3754         1.36142 
        4.11108         15.3005         1.35628 
        4.11721         15.2452         1.35117 
        4.12334         15.2012         1.34609 
        4.12948         15.1319         1.34103 
        4.13561          15.071           1.336 
        4.14176         15.0188         1.33099 
        4.14789         14.9714         1.32601 
        4.15403         14.9133         1.32106 
        4.16016         14.8516         1.31613 
         4.1663         14.7988         1.31123 
        4.17243         14.7276         1.30635 
        4.17857         14.6803          1.3015 
        4.18471         14.6312         1.29667 
        4.19084         14.5817         1.29187 
        4.19698         14.5245         1.28709 
        4.20312         14.4756         1.28233 
        4.20925         14.4021          1.2776 
        4.21538         14.3591          1.2729 
        4.22152         14.3233         1.26821 
        4.22766          14.246         1.26355 
         4.2338         14.2048         1.25892 
        4.23993         14.1425         1.25431 
        4.24607         14.0902         1.24972 
         4.2522         14.0482         1.24515 
        4.25834         13.9856         1.24061 
        4.26447         13.9475         1.23609 
        4.27061         13.8994         1.23159 
        4.27674         13.8312         1.22712 
        4.28288         13.7842         1.22266 
        4.28902         13.7346         1.21823 
        4.29515         13.6823         1.21383 
        4.30129         13.6453         1.20944 
        4.30743         13.5857         1.20507 
        4.31356         13.5444         1.20073 
        4.31969         13.4912         1.19641 
        4.32583         13.4381         1.19211 
        4.33197         13.3882         1.18783 
         4.3381         13.3378         1.18357 
        4.34424         13.3052         1.17933 
        4.35038         13.2356         1.17511 
        4.35652         13.2059         1.17091 
        4.36265         13.1487         1.16674 
        4.36878         13.1095         1.16259 
        4.37492         13.0499         1.15845 
        4.38106         13.0106         1.15434 
        4.38719         12.9558         1.15024 
        4.39333         12.9247         1.14617 
        4.39946          12.876         1.14212 
         4.4056         12.8267         1.13808 
        4.41173         12.7758         1.13407 
        4.41786         12.7336         1.13008 
          4.424         12.6917          1.1261 
        4.43014         12.6335         1.12214 
        4.43628         12.5902          1.1182 
        4.44241         12.5671         1.11428 
        4.44855         12.5159         1.11038 
        4.45469         12.4645          1.1065 
        4.46083         12.4255         1.10264 
        4.46696         12.3806          1.0988 
        4.47309          12.327         1.09497 
        4.47923         12.2748         1.09116 
        4.48537         12.2486         1.08737 
         4.4915         12.1987          1.0836 
        4.49764         12.1553         1.07985 
        4.50378         12.1201         1.07611 
        4.50991         12.0839          1.0724 
        4.51604         12.0367          1.0687 
        4.52218         11.9935         1.06502 
        4.52832         11.9467         1.06135 
        4.53445         11.9067         1.05771 
        4.54059         11.8668         1.05408 
        4.54673         11.8335         1.05046 
        4.55286         11.7993         1.04686 
          4.559         11.7344         1.04329 
        4.56513         11.7091         1.03973 
        4.57127         11.6567         1.03618 
        4.57741         11.6198         1.03265 
        4.58354         11.5876         1.02914 
        4.58968         11.5387         1.02564 
        4.59582         11.5054         1.02216 
        4.60195         11.4545          1.0187 
        4.60809          11.427         1.01525 
        4.61422          11.383         1.01182 
        4.62036         11.3512         1.00841 
        4.62649         11.3085         1.00501 
        4.63263         11.2702         1.00163 
        4.63876          11.231        0.998258 
         4.6449         11.1899        0.994905 
        4.65104         11.1594        0.991568 
        4.65717         11.1242        0.988249 
        4.66331         11.0814        0.984942 
        4.66944         11.0374        0.981651 
        4.67558         11.0055        0.978378 
        4.68171         10.9611        0.975116 
        4.68785         10.9283        0.971867 
        4.69399         10.8829        0.968636 
        4.70012         10.8588        0.965424 
        4.70625         10.8244        0.962223 
        4.71239         10.7914        0.959034 
        4.71853         10.7469        0.955861 
        4.72467         10.7085        0.952702 
         4.7308         10.6679        0.949559 
        4.73694         10.6473         0.94643 
        4.74308         10.5973        0.943313 
        4.74922         10.5677        0.940211 
        4.75535         10.5354        0.937125 
        4.76148         10.5053        0.934054 
        4.76762         10.4755        0.930992 
        4.77376         10.4341        0.927946 
        4.77989         10.4067        0.924916 
        4.78602         10.3655        0.921898 
        4.79216         10.3394        0.918892 
         4.7983         10.2995          0.9159 
        4.80443          10.258        0.912925 
        4.81056         10.2255        0.909961 
         4.8167          10.202        0.907007 
        4.82284         10.1657        0.904066 
        4.82898         10.1343        0.901141 
        4.83511          10.107        0.898231 
        4.84125         10.0638        0.895329 
        4.84739         10.0414        0.892442 
        4.85352         10.0082         0.88957 
        4.85965         9.96481        0.886709 
        4.86579         9.94123         0.88386 
        4.87193         9.91053        0.881023 
        4.87807         9.87026          0.8782 
         4.8842         9.84704        0.875389 
        4.89034         9.81946        0.872589 
        4.89647         9.78652        0.869803 
        4.90261         9.75577        0.867029 
        4.90874         9.71717        0.864269 
        4.91488         9.68866        0.861519 
        4.92102         9.67121        0.858779 
        4.92715         9.63157        0.856053 
        4.93329         9.61015         0.85334 
        4.93942         9.57972        0.850637 
        4.94556         9.54231        0.847945 
         4.9517         9.50907        0.845266 
        4.95783         9.47694        0.842599 
        4.96397         9.45171        0.839943 
        4.97011         9.42838        0.837298 
        4.97624         9.39767        0.834666 
        4.98238         9.37552        0.832046 
        4.98851         9.33292        0.829436 
        4.99465         9.31345        0.826837 
        5.00078         9.28584         0.82425 
        5.00691         9.24785        0.821675 
        5.01305         9.22737         0.81911 
        5.01919         9.19461        0.816553 
        5.02533         9.17061        0.814009 
        5.03146          9.1428        0.811478 
         5.0376         9.12081        0.808957 
        5.04374         9.08415        0.806444 
        5.04987         9.05802        0.803943 
        5.05601          9.0228        0.801455 
        5.06215         9.00133        0.798975 
        5.06829          8.9804        0.796504 
        5.07442         8.95411        0.794048 
        5.08055         8.92932        0.791603 
        5.08668          8.9067        0.789165 
        5.09282          8.8705        0.786736 
        5.09896         8.85289        0.784321 
        5.10509         8.82091        0.781916 
        5.11123         8.79547        0.779519 
        5.11736         8.76655        0.777133 
         5.1235         8.74625        0.774756 
        5.12964         8.71385         0.77239 
        5.13577         8.69616        0.770033 
        5.14191         8.67276        0.767686 
        5.14804         8.64377        0.765352 
        5.15418         8.61703        0.763025 
        5.16032         8.58108        0.760707 
        5.16645         8.57013        0.758399 
        5.17259         8.54671        0.756101 
        5.17872         8.52214        0.753813 
        5.18486         8.50209        0.751533 
          5.191         8.47102        0.749263 
        5.19713         8.44931        0.747005 
        5.20327         8.43139        0.744755 
        5.20941         8.40829        0.742512 
        5.21555         8.37802        0.740278 
        5.22168         8.35831        0.738056 
        5.22781         8.32707        0.735844 
        5.23395         8.30991        0.733639 
        5.24009         8.28548        0.731443 
        5.24622         8.26477        0.729256 
        5.25236         8.24557         0.72708 
         5.2585         8.22095         0.72491 
        5.26463         8.19804         0.72275 
        5.27077         8.17961        0.720599 
         5.2769         8.15888        0.718458 
        5.28304         8.13415        0.716325 
        5.28917         8.10473        0.714201 
         5.2953         8.08834        0.712086 
        5.30144         8.06646        0.709979 
        5.30757         8.03538         0.70788 
        5.31371         8.01846        0.705789 
        5.31985         8.00012        0.703706 
        5.32599         7.98474        0.701631 
        5.33213         7.95765        0.699565 
        5.33826         7.93811        0.697509 
         5.3444         7.91188        0.695461 
        5.35053         7.89379         0.69342 
        5.35667         7.88139        0.691388 
        5.36281         7.85468        0.689363 
        5.36894         7.83466        0.687347 
        5.37507         7.81593        0.685341 
        5.38121         7.79383         0.68334 
        5.38735         7.77988        0.681348 
        5.39348         7.75028        0.679365 
        5.39961         7.73641         0.67739 
        5.40575         7.71253        0.675421 
        5.41189          7.6946         0.67346 
        5.41803         7.67839        0.671507 
        5.42416         7.65865        0.669563 
         5.4303         7.64121        0.667625 
        5.43644         7.62166        0.665696 
        5.44257         7.60655        0.663775 
        5.44871          7.5778         0.66186 
        5.45484         7.57234        0.659953 
        5.46098         7.54117        0.658054 
        5.46712          7.5306        0.656162 
        5.47325          7.5082        0.654278 
        5.47938         7.48743        0.652403 
        5.48552         7.47283        0.650535 
        5.49165         7.45503        0.648673 
        5.49779           7.438        0.646818 
        5.50393         7.41568         0.64497 
        5.51006         7.40566        0.643129 
         5.5162         7.38403        0.641296 
        5.52234         7.36558         0.63947 
        5.52847         7.35264        0.637651 
        5.53461         7.33375        0.635839 
        5.54075         7.31277        0.634035 
        5.54688         7.30369        0.632238 
        5.55302         7.28584        0.630447 
        5.55915         7.26219        0.628664 
        5.56529         7.25747        0.626888 
        5.57143           7.235        0.625118 
        5.57756         7.21688        0.623354 
         5.5837         7.19823        0.621599 
        5.58983         7.18533        0.619851 
        5.59597         7.16969        0.618108 
         5.6021         7.15646        0.616372 
        5.60824         7.13369        0.614643 
        5.61438          7.1183        0.612921 
        5.62051         7.10956        0.611205 
        5.62665         7.08826        0.609496 
        5.63278           7.074        0.607794 
        5.63892         7.06193        0.606098 
        5.64505         7.04928        0.604409 
        5.65119         7.03021        0.602726 
        5.65733         7.01781        0.601049 
        5.66346         6.99958         0.59938 
         5.6696         6.98941        0.597716 
        5.67573         6.97301        0.596058 
        5.68187         6.96378        0.594407 
          5.688         6.94458        0.592763 
        5.69414         6.93235        0.591125 
        5.70028         6.91596        0.589492 
        5.70642         6.89936        0.587865 
        5.71255          6.8912        0.586245 
        5.71869          6.8783        0.584632 
        5.72482         6.86597        0.583025 
        5.73096         6.85128        0.581424 
        5.73709         6.83685        0.579829 
        5.74322         6.82067        0.578241 
        5.74936         6.81376        0.576656 
         5.7555         6.79704        0.575078 
        5.76164         6.78856        0.573507 
        5.76777         6.77486        0.571942 
        5.77391         6.76395        0.570382 
        5.78005          6.7472        0.568827 
        5.78618         6.73708         0.56728 
        5.79231         6.72339        0.565739 
        5.79845         6.71519        0.564202 
        5.80459         6.69955         0.56267 
        5.81073         6.69288        0.561146 
        5.81686          6.6728        0.559627 
          5.823         6.66768        0.558113 
        5.82914         6.65434        0.556605 
        5.83527           6.648        0.555104 
         5.8414         6.63331        0.553608 
        5.84754         6.61768        0.552116 
        5.85368         6.60654         0.55063 
        5.85981         6.59936         0.54915 
        5.86595         6.59116        0.547676 
        5.87208         6.58066        0.546207 
        5.87822         6.57427        0.544744 
        5.88435         6.55832        0.543287 
        5.89049          6.5522        0.541834 
        5.89662         6.53885        0.540386 
        5.90276          6.5248        0.538943 
         5.9089         6.52238        0.537506 
        5.91503         6.50637        0.536075 
        5.92117         6.49784        0.534649 
        5.92731         6.48894        0.533227 
        5.93344         6.48122        0.531811 
        5.93958          6.4678        0.530401 
        5.94572         6.46145        0.528995 
        5.95186         6.45427        0.527594 
        5.95799         6.44068          0.5262 
        5.96412         6.43154         0.52481 
        5.97026         6.42386        0.523424 
         5.9764         6.41872        0.522045 
        5.98253         6.41558        0.520671 
        5.98866         6.40559        0.519301 
         5.9948         6.39536        0.517935 
        6.00094         6.38307        0.516575 
        6.00707         6.37672         0.51522 
        6.01321         6.37181         0.51387 
        6.01935         6.36572        0.512524 
        6.02548         6.35272        0.511184 
        6.03162         6.34479        0.509849 
        6.03775         6.33987        0.508519 
        6.04389         6.33353        0.507193 
        6.05003         6.32881         0.50587 
        6.05617         6.31834        0.504553 
         6.0623         6.31826        0.503241 
        6.06844         6.30516        0.501934 
        6.07457         6.30254        0.500632 
         6.0807         6.29746        0.499335 
        6.08684          6.2879        0.498043 
        6.09298         6.28086        0.496754 
        6.09912         6.27624        0.495469 
        6.10525         6.27389         0.49419 
        6.11138         6.26496        0.492916 
        6.11752         6.26135        0.491645 
        6.12366          6.2511        0.490379 
        6.12979         6.25457        0.489118 
        6.13593         6.24821        0.487862 
        6.14207         6.23824        0.486609 
         6.1482         6.23822        0.485361 
        6.15434          6.2285        0.484118 
        6.16047         6.22525        0.482879 
        6.16661         6.21938        0.481644 
        6.17274         6.21293        0.480414 
        6.17887         6.21496        0.479188 
        6.18501         6.21074        0.477966 
        6.19115         6.20856        0.476749 
        6.19729         6.20224        0.475534 
        6.20342          6.1964        0.474326 
        6.20956         6.19674        0.473121 
         6.2157         6.18671        0.471919 
        6.22183         6.18812        0.470723 
        6.22797         6.18575        0.469531 
         6.2341         6.17792        0.468343 
        6.24024         6.17581        0.467159 
        6.24638         6.17322        0.465978 
        6.25251         6.17645        0.464803 
        6.25865         6.16848        0.463631 
        6.26478         6.17348        0.462463 
        6.27092         6.16858          0.4613 
        6.27705         6.16488        0.460141 
        6.28318         6.15876        0.458985 
