# k  (h/Mpc)    Pcb(k)  (Mpc/h)^3    Pcb_linear(k)  (Mpc/h)^3
     0.00783031         19192.5         19488.1 
       0.013688         24212.2         23967.3 
       0.019231         24183.5         24151.6 
      0.0249154         21660.6         22205.2 
      0.0312784         18832.4         19111.5 
      0.0375637         16165.3         16205.2 
      0.0433917         13770.6         14088.7 
      0.0492413         12440.6         12578.8 
      0.0555754         11032.8         11475.6 
      0.0619321         10621.4           10664 
       0.067871         9587.42         9956.81 
      0.0738098         8842.38         9175.24 
      0.0800417          7863.2         8253.98 
      0.0862327         7085.71         7304.26 
      0.0921407         6431.68         6461.46 
      0.0982031         5708.76         5739.27 
       0.104506         5346.84         5176.97 
       0.110769         4945.42         4793.21 
       0.116806         4672.87         4539.86 
       0.122832         4455.21         4340.49 
       0.129052          4136.2         4133.76 
       0.135211         3916.43         3892.95 
       0.141259          3741.3         3616.39 
       0.147318         3512.07         3318.46 
       0.153489         3204.52         3024.26 
       0.159709         3022.57         2765.75 
       0.165845         2912.15         2563.46 
       0.171974         2756.46         2413.95 
       0.178125         2625.76          2304.8 
       0.184229         2509.02         2218.85 
        0.19034         2389.95         2136.87 
       0.196428         2336.39         2046.28 
       0.202534         2240.75          1941.7 
       0.208729         2140.28         1824.98 
       0.214876         2058.39         1707.32 
       0.220989         1983.88          1598.1 
       0.227147         1905.45         1503.09 
        0.23329         1831.07         1425.98 
       0.239377         1805.26         1365.28 
       0.245482         1698.14          1315.4 
       0.251667         1689.73         1270.16 
       0.257832            1623            1225 
       0.263955         1568.81         1177.04 
       0.270079         1516.25         1125.54 
        0.27624          1497.1         1071.88 
       0.282372         1436.52         1019.55 
        0.28843         1432.81         971.572 
       0.294538         1363.64          928.73 
       0.300721         1353.05         891.417 
        0.30691         1305.38         859.266 
       0.313033         1278.47         830.944 
       0.319153         1261.18         804.248 
       0.325316         1219.72          777.54 
        0.33145         1194.07         750.382 
       0.337538         1170.53         722.885 
       0.343633         1149.06          695.43 
       0.349808         1111.57         668.542 
       0.355968         1102.75         643.461 
       0.362074         1093.97         620.705 
       0.368217         1058.22         600.019 
       0.374374         1022.54         581.118 
       0.380519         1025.14         563.556 
       0.386598         994.553         546.942 
       0.392688         990.293         530.592 
        0.39888         962.727         514.111 
       0.405048          953.38         497.856 
       0.411186         939.903         481.997 
       0.417313         920.002          466.76 
       0.423458          903.72         452.276 
       0.429607         894.128         438.659 
       0.435692         876.393         426.068 
       0.441815          868.28         414.163 
       0.447964         851.397         402.785 
       0.454126         846.181         391.809 
       0.460267         824.338         381.185 
       0.466387         813.351         370.823 
        0.47254         813.094         360.629 
       0.478662         801.353         350.779 
       0.484765         779.633         341.312 
       0.490885         775.081         332.206 
       0.497035         758.945         323.463 
       0.503198         754.813         315.119 
       0.509342         746.305          307.18 
       0.515458         742.871         299.587 
       0.521598         724.798         292.212 
       0.527764         712.901         285.023 
       0.533884          709.95         278.092 
           0.54         704.311         271.365 
       0.546137         696.098         264.808 
       0.552299         688.608          258.43 
       0.558452         682.168         252.281 
       0.564573         674.459         246.389 
       0.570708         666.941         240.707 
       0.576825         650.471         235.244 
       0.582926         653.287         229.975 
       0.589034          646.14         224.857 
       0.595184          640.59         219.853 
       0.601379         631.797         214.958 
       0.607522         622.589         210.245 
       0.613639         622.391         205.692 
       0.619772         611.231         201.263 
       0.625918         606.563         196.958 
       0.632068         599.163          192.78 
       0.638161         596.269         188.763 
         0.6443         587.162         184.835 
       0.650464         585.471         181.009 
       0.656582         579.115         177.323 
       0.662703         577.741          173.74 
       0.668861         568.464         170.238 
       0.675024         563.573         166.829 
       0.681124         559.853         163.549 
       0.687237         556.065         160.349 
       0.693381          548.53         157.219 
       0.699536         539.409         154.167 
       0.705665         539.427          151.21 
       0.711789         536.611         148.333 
       0.717957         531.785         145.513 
        0.72409         529.138         142.783 
       0.730186         521.412         140.141 
       0.736317         518.733         137.552 
       0.742472         515.025         135.021 
       0.748622         509.854         132.556 
        0.75476         502.245         130.159 
       0.760888         498.596         127.825 
       0.767043         497.874          125.54 
       0.773185         493.593         123.316 
       0.779291         488.553         121.158 
       0.785407         484.636          119.05 
       0.791564         480.083         116.979 
       0.797719         478.569         114.958 
       0.803834         472.242         112.999 
       0.809972         471.258         111.078 
       0.816124         469.709         109.199 
       0.822261         463.181         107.368 
       0.828378         460.821         105.585 
       0.834502         455.705         103.842 
       0.840667         452.428         102.126 
       0.846816         450.452         100.455 
       0.852925         447.493         98.8322 
       0.859047         445.529         97.2419 
       0.865192         439.585         95.6817 
       0.871341         436.129         94.1551 
       0.877463         436.087         92.6689 
       0.883569         431.403         91.2188 
       0.889708         429.214         89.7926 
       0.895864         428.383         88.3934 
       0.902008         424.302         87.0272 
       0.908149         418.084         85.6909 
       0.914301         416.741         84.3807 
       0.920448         415.069         83.0994 
       0.926574         408.545         81.8493 
       0.932687         407.584         80.6278 
       0.938823          404.05         79.4271 
       0.944975         403.924         78.2482 
       0.951105         399.806         77.0977 
       0.957225         397.061         75.9724 
       0.963368         392.438          74.866 
       0.969511         391.654         73.7816 
       0.975621         389.644         72.7248 
       0.981748         386.585          71.686 
       0.987916         384.668         70.6612 
        0.99406         379.266         69.6603 
        1.00019         377.474          68.681 
        1.00632         376.023         67.7215 
        1.01246         372.887          66.779 
        1.01859         372.555         65.8561 
        1.02471           367.7          64.952 
        1.03085         366.423         64.0618 
        1.03698         364.328         63.1903 
        1.04314         361.739         62.3315 
        1.04929         357.975         61.4907 
        1.05541          358.96         60.6689 
        1.06154         353.134         59.8602 
        1.06769         352.014         59.0651 
        1.07382         349.114         58.2871 
        1.07993         347.597          57.525 
        1.08607         346.666         56.7734 
        1.09222         342.474         56.0346 
        1.09836         340.255         55.3098 
        1.10449         338.348         54.5988 
        1.11063         334.005         53.8996 
        1.11677         335.182         53.2129 
         1.1229         332.109         52.5394 
        1.12903         330.172         51.8771 
        1.13518         326.772         51.2257 
        1.14131          325.45          50.586 
        1.14745         323.266         49.9575 
        1.15359         321.531         49.3397 
        1.15973         319.727         48.7322 
        1.16584         317.062         48.1377 
        1.17197         316.701         47.5523 
        1.17811         313.271         46.9749 
        1.18424         310.744         46.4088 
        1.19038         309.878         45.8504 
        1.19652         307.673         45.3015 
        1.20267         306.646         44.7616 
        1.20881          304.17         44.2306 
        1.21495         302.071         43.7092 
        1.22108         300.242         43.1962 
         1.2272         298.522         42.6928 
        1.23334         297.214         42.1962 
        1.23949         293.929         41.7064 
        1.24562         293.023         41.2258 
        1.25174         291.746         40.7535 
        1.25789         288.874         40.2872 
        1.26402         287.153         39.8291 
        1.27014         285.402         39.3793 
        1.27628          283.19         38.9351 
        1.28244          283.41          38.497 
        1.28858         280.659         38.0662 
        1.29471          279.59          37.643 
        1.30084         276.808         37.2267 
        1.30697         276.144         36.8161 
        1.31312         273.083         36.4111 
        1.31925          271.66         36.0135 
        1.32537         271.151         35.6222 
        1.33151         268.606         35.2354 
        1.33765         266.331         34.8546 
        1.34378         265.819         34.4802 
        1.34992         264.301          34.111 
        1.35606         262.953         33.7465 
         1.3622         260.491          33.388 
        1.36833         259.415         33.0355 
        1.37445         257.543         32.6883 
        1.38059         255.835         32.3451 
        1.38675         254.537          32.006 
        1.39288         253.292         31.6731 
        1.39901         251.622         31.3451 
        1.40515         250.524         31.0211 
         1.4113         248.774         30.7018 
        1.41742         246.884         30.3882 
        1.42355         245.749         30.0784 
         1.4297         244.018          29.772 
        1.43585          242.69           29.47 
        1.44198         242.105         29.1734 
        1.44809           239.7         28.8815 
        1.45423          238.43         28.5925 
        1.46036         237.168         28.3079 
        1.46649          235.88         28.0272 
        1.47263         234.663         27.7501 
        1.47877         232.784         27.4768 
        1.48491         230.618         27.2068 
        1.49104         230.041          26.941 
        1.49718         228.267         26.6786 
        1.50333         227.645         26.4193 
        1.50947         226.073         26.1639 
         1.5156         224.222         25.9123 
        1.52172         223.471         25.6641 
        1.52787         221.617         25.4185 
          1.534         221.078         25.1765 
        1.54013         219.013         24.9379 
        1.54627           218.2          24.702 
        1.55241         216.895         24.4691 
        1.55855         214.712         24.2396 
        1.56467         214.621         24.0136 
         1.5708         213.167         23.7899 
        1.57695         211.896         23.5687 
        1.58308         210.492         23.3508 
        1.58922         208.746         23.1356 
        1.59535         207.512         22.9231 
         1.6015         206.469         22.7131 
        1.60764         205.622         22.5058 
        1.61376         204.492         22.3016 
        1.61989         203.335         22.0998 
        1.62604         201.759         21.9001 
        1.63218         201.008          21.703 
        1.63831         199.374         21.5088 
        1.64444         198.467         21.3169 
        1.65059         197.592         21.1268 
        1.65673         196.262         20.9394 
        1.66285         194.778         20.7547 
        1.66898          194.09         20.5722 
        1.67512         193.011         20.3915 
        1.68127         191.137         20.2128 
         1.6874         190.605         20.0367 
        1.69353         189.299         19.8628 
        1.69967         187.993         19.6905 
        1.70581          187.18         19.5204 
        1.71193         185.687         19.3529 
        1.71806         185.159         19.1871 
        1.72421         183.795         19.0228 
        1.73035         183.158         18.8607 
        1.73649         181.962         18.7005 
        1.74262         180.863         18.5423 
        1.74876         179.438         18.3858 
        1.75489          178.84         18.2314 
        1.76101         177.273         18.0789 
        1.76715         176.753         17.9279 
        1.77329         175.515         17.7785 
        1.77943         174.802         17.6307 
        1.78557         173.546         17.4848 
        1.79171         172.863         17.3405 
        1.79785         171.464         17.1979 
        1.80399         170.717         17.0569 
        1.81012         169.775         16.9176 
        1.81625         169.013           16.78 
        1.82239         167.678         16.6437 
        1.82853         167.034          16.509 
        1.83466         166.076         16.3759 
        1.84078         165.189         16.2444 
        1.84692         163.922         16.1142 
        1.85306         163.304         15.9852 
         1.8592         162.343         15.8579 
        1.86533         161.768          15.732 
        1.87147          160.51         15.6074 
        1.87761         159.502          15.484 
        1.88375         158.688         15.3621 
        1.88988         157.105         15.2417 
        1.89601         157.043         15.1225 
        1.90215         156.092         15.0044 
        1.90829         154.856         14.8877 
        1.91442          154.42         14.7723 
        1.92056         153.306         14.6581 
         1.9267         152.262          14.545 
        1.93284          151.42         14.4331 
        1.93897         150.883         14.3226 
        1.94509         150.097         14.2134 
        1.95123         149.132         14.1051 
        1.95737         148.174         13.9979 
        1.96349         147.522         13.8921 
        1.96964         146.495          13.787 
        1.97578         145.637          13.683 
        1.98192         144.817         13.5803 
        1.98805         144.202         13.4787 
        1.99419         143.226          13.378 
        2.00033         142.534         13.2784 
        2.00647         141.748         13.1798 
         2.0126         140.741         13.0823 
        2.01874         140.354         12.9857 
        2.02488         139.801           12.89 
        2.03101         138.489         12.7955 
        2.03714         137.969         12.7019 
        2.04328         136.953         12.6093 
        2.04941         136.509         12.5176 
        2.05554         135.363         12.4269 
        2.06167         134.901         12.3369 
        2.06781         133.882         12.2479 
        2.07396         133.491         12.1596 
        2.08009         132.486         12.0723 
        2.08622         131.591          11.986 
        2.09237          131.11         11.9004 
        2.09851         130.401         11.8156 
        2.10464         129.913         11.7317 
        2.11077         129.173         11.6488 
        2.11691         128.389         11.5665 
        2.12305         127.775          11.485 
        2.12918         126.991         11.4044 
        2.13531         126.266         11.3246 
        2.14145         125.463         11.2455 
         2.1476         124.593         11.1669 
        2.15372         124.464         11.0895 
        2.15985         123.549         11.0128 
        2.16599          122.82         10.9366 
        2.17213         122.367         10.8612 
        2.17827         121.466         10.7865 
         2.1844         120.819         10.7126 
        2.19054         120.379         10.6393 
        2.19666         119.523         10.5669 
         2.2028         118.866          10.495 
        2.20893         118.429         10.4238 
        2.21508         117.594         10.3532 
        2.22122         117.007         10.2832 
        2.22736         116.421          10.214 
        2.23349         115.899         10.1454 
        2.23962         115.296         10.0775 
        2.24577         114.491         10.0101 
         2.2519         113.966         9.94341 
        2.25802          113.14         9.87744 
        2.26417         112.868         9.81189 
        2.27031         112.119         9.74688 
        2.27644          111.58         9.68265 
        2.28257         110.965           9.619 
        2.28872         110.298          9.5558 
        2.29486         109.661         9.49319 
        2.30099         109.087         9.43126 
        2.30712         108.585         9.36987 
        2.31326         107.989         9.30891 
         2.3194         107.316         9.24854 
        2.32553         106.695          9.1888 
        2.33166         106.182         9.12962 
         2.3378         105.876         9.07087 
        2.34394         105.098         9.01263 
        2.35007         104.558         8.95498 
        2.35619         104.015         8.89791 
        2.36233         103.589          8.8412 
        2.36848          102.95         8.78486 
        2.37462         102.513         8.72914 
        2.38075          101.86         8.67395 
        2.38689         101.369          8.6192 
        2.39303         100.739         8.56492 
        2.39916         100.303         8.51117 
        2.40529         100.072         8.45789 
        2.41143         99.4125         8.40502 
        2.41757         98.7747         8.35258 
         2.4237         98.2498         8.30069 
        2.42983         97.7964         8.24924 
        2.43598         97.1223         8.19809 
        2.44211         96.7801         8.14746 
        2.44823         96.1827         8.09737 
        2.45437         95.8092         8.04756 
        2.46052         95.0875         7.99813 
        2.46665         94.8488         7.94921 
        2.47279          94.327         7.90071 
        2.47892         93.7482         7.85258 
        2.48507         93.3698         7.80482 
         2.4912         92.8677         7.75754 
        2.49733         92.1881         7.71068 
        2.50347         91.8431         7.66412 
        2.50961          91.399         7.61794 
        2.51575         90.8011         7.57217 
        2.52188         90.3552         7.52684 
        2.52802         90.0196         7.48182 
        2.53416         89.3101         7.43716 
        2.54029         88.9745         7.39295 
        2.54641         88.5217          7.3491 
        2.55255         88.0582         7.30558 
        2.55869         87.7189         7.26233 
        2.56483         87.3637         7.21949 
        2.57096         86.7827         7.17706 
        2.57709          86.358         7.13494 
        2.58323         85.7518         7.09313 
        2.58937         85.3931         7.05163 
        2.59551         85.0548         7.01051 
        2.60164         84.5816         6.96974 
        2.60778         84.2492         6.92924 
        2.61392         83.7368         6.88908 
        2.62006         83.3067         6.84925 
        2.62619         82.8861         6.80979 
        2.63232         82.5422         6.77062 
        2.63846         82.0469         6.73172 
        2.64459         81.6846         6.69317 
        2.65072         81.2174         6.65493 
        2.65686         80.6944         6.61698 
          2.663         80.3177         6.57926 
        2.66915         79.9967         6.54184 
        2.67527         79.7017         6.50481 
        2.68141         79.1448         6.46803 
        2.68755         78.7762          6.4315 
        2.69368         78.4792         6.39529 
        2.69981         78.1282         6.35941 
        2.70595         77.6366         6.32371 
        2.71209          77.158         6.28828 
        2.71823         76.9629         6.25318 
        2.72436         76.5044         6.21836 
         2.7305          76.008         6.18378 
        2.73663         75.7062         6.14946 
        2.74276         75.3857         6.11545 
         2.7489         74.9354         6.08166 
        2.75504         74.6437          6.0481 
        2.76118         74.1827         6.01477 
        2.76732         73.8683         5.98175 
        2.77345         73.5108         5.94898 
        2.77959          73.132         5.91646 
        2.78572           72.86         5.88418 
        2.79186         72.4668         5.85215 
        2.79798         72.0977          5.8204 
        2.80412         71.6542         5.78882 
        2.81027         71.3598         5.75745 
         2.8164         71.0216         5.72637 
        2.82253         70.6699         5.69552 
        2.82867         70.4114         5.66489 
        2.83481         69.9384         5.63447 
        2.84095         69.6612         5.60428 
        2.84708         69.2449         5.57435 
        2.85322         68.8287         5.54459 
        2.85935         68.6353         5.51507 
        2.86549         68.3002         5.48578 
        2.87162         67.9032          5.4567 
        2.87776         67.6088         5.42784 
        2.88389         67.2582         5.39916 
        2.89003         66.9933         5.37071 
        2.89617         66.6239         5.34246 
        2.90231         66.3464         5.31441 
        2.90844         66.0044         5.28656 
        2.91458         65.6776         5.25892 
        2.92071         65.3396         5.23151 
        2.92684         65.0482         5.20427 
        2.93298         64.7438         5.17723 
         2.9391         64.3267         5.15042 
        2.94524         64.1157         5.12376 
        2.95138         63.8301         5.09729 
        2.95752         63.4927         5.07097 
        2.96367         63.0791         5.04483 
         2.9698         62.8852         5.01894 
        2.97594         62.6961          4.9932 
        2.98207         62.3468         4.96764 
        2.98821         61.9565         4.94228 
        2.99434         61.6352          4.9171 
        3.00048         61.4593         4.89209 
        3.00662         61.1996         4.86723 
        3.01275         60.9351         4.84259 
        3.01888         60.5168         4.81811 
        3.02503          60.306         4.79376 
        3.03117          59.955          4.7696 
        3.03729         59.7711         4.74565 
        3.04342          59.436         4.72185 
        3.04957         59.1613         4.69815 
         3.0557         58.9027         4.67466 
        3.06183         58.6089         4.65137 
        3.06796         58.3707         4.62821 
        3.07411         57.9552         4.60516 
        3.08025         57.8193         4.58231 
        3.08637          57.495         4.55965 
         3.0925          57.229         4.53712 
        3.09865         56.9477         4.51469 
         3.1048          56.623         4.49242 
        3.11093         56.4976         4.47035 
        3.11706         56.2155         4.44843 
         3.1232         55.9241         4.42664 
        3.12933         55.5938         4.40498 
        3.13547         55.3657          4.3835 
        3.14159         55.0986         4.36218 
        3.14773         54.9341         4.34096 
        3.15388         54.6501         4.31986 
        3.16001         54.3147         4.29895 
        3.16614         54.1022         4.27817 
        3.17228         53.8909         4.25752 
        3.17842         53.6535         4.23701 
        3.18455         53.3858         4.21664 
        3.19068         53.0937         4.19642 
        3.19682         52.8987          4.1763 
        3.20297         52.5915         4.15631 
         3.2091         52.4136         4.13647 
        3.21524         52.1797         4.11675 
        3.22138         51.8812         4.09717 
         3.2275         51.7295         4.07775 
        3.23363         51.4203         4.05844 
        3.23977         51.2471         4.03924 
        3.24591         50.9604         4.02016 
        3.25205         50.7672          4.0012 
        3.25818          50.472         3.98237 
        3.26432         50.2997         3.96366 
        3.27046         50.0582         3.94508 
         3.2766         49.8205         3.92661 
        3.28273         49.5975         3.90826 
        3.28887         49.3579         3.89004 
          3.295         49.0764         3.87193 
        3.30113         48.8886         3.85395 
        3.30727         48.6692         3.83606 
        3.31341         48.5426         3.81831 
        3.31954         48.2708         3.80067 
        3.32568         48.0959         3.78312 
        3.33182         47.8337         3.76568 
        3.33795         47.6955         3.74838 
        3.34409         47.4027         3.73116 
        3.35022          47.201         3.71406 
        3.35636         46.9794         3.69708 
         3.3625         46.8204         3.68018 
        3.36864         46.5683          3.6634 
        3.37477         46.3738         3.64672 
        3.38091         46.1898         3.63016 
        3.38704         45.9988          3.6137 
        3.39318         45.7345         3.59734 
        3.39931         45.4797         3.58107 
        3.40545         45.3775         3.56492 
        3.41158         45.1946         3.54886 
        3.41772         44.9276          3.5329 
        3.42385         44.7236         3.51705 
        3.42998         44.5629         3.50129 
        3.43612         44.2911         3.48563 
        3.44226         44.1224         3.47005 
         3.4484         43.9304         3.45456 
        3.45453         43.7659         3.43919 
        3.46066         43.5551         3.42392 
        3.46681         43.4217          3.4087 
        3.47295         43.1951         3.39358 
        3.47908         42.9533          3.3786 
        3.48521         42.8498         3.36369 
        3.49135         42.6883         3.34886 
        3.49749         42.4458         3.33412 
        3.50362         42.2633         3.31948 
        3.50976          42.113         3.30492 
        3.51589         41.8712         3.29045 
        3.52203         41.7472         3.27607 
        3.52816         41.5297          3.2618 
        3.53429         41.3437         3.24759 
        3.54043         41.1517         3.23345 
        3.54657         40.9438          3.2194 
        3.55271         40.7753         3.20545 
        3.55884         40.6519         3.19159 
        3.56498         40.4355         3.17779 
        3.57112         40.2454         3.16407 
        3.57725          40.052         3.15045 
        3.58338         39.9375         3.13692 
        3.58952          39.745         3.12345 
        3.59566         39.6054         3.11004 
         3.6018         39.4482         3.09673 
        3.60793         39.2367         3.08351 
        3.61407         39.0681         3.07037 
        3.62021         38.8568         3.05729 
        3.62634         38.7211         3.04429 
        3.63247         38.5679         3.03138 
        3.63861          38.447         3.01854 
        3.64475         38.2201         3.00575 
        3.65089         38.0891         2.99305 
        3.65702         37.8957         2.98044 
        3.66316         37.7562         2.96789 
        3.66929          37.622         2.95542 
        3.67543         37.5001         2.94302 
        3.68156         37.2788         2.93069 
        3.68769         37.1466         2.91843 
        3.69383         36.9653         2.90623 
        3.69997          36.813         2.89411 
        3.70611         36.6414         2.88206 
        3.71224         36.4763         2.87007 
        3.71838         36.2935         2.85816 
        3.72451         36.1822         2.84632 
        3.73065         36.0453         2.83455 
        3.73678         35.8791         2.82284 
        3.74292         35.7312         2.81119 
        3.74906         35.5767         2.79961 
        3.75519           35.44          2.7881 
        3.76133         35.3155         2.77665 
        3.76746         35.1206         2.76527 
         3.7736         34.9664         2.75396 
        3.77974         34.8201         2.74269 
        3.78588         34.7083          2.7315 
        3.79201         34.5628         2.72037 
        3.79814         34.4173         2.70931 
        3.80428         34.2576          2.6983 
        3.81042           34.09         2.68735 
        3.81655         33.9908         2.67647 
        3.82268         33.8386         2.66566 
        3.82882         33.7064          2.6549 
        3.83496          33.573         2.64419 
        3.84109         33.4446         2.63354 
        3.84723         33.2535         2.62296 
        3.85337          33.156         2.61243 
        3.85951         33.0122         2.60195 
        3.86565         32.8487         2.59154 
        3.87178         32.7542          2.5812 
        3.87791         32.6096          2.5709 
        3.88405          32.453         2.56066 
        3.89019         32.3458         2.55047 
        3.89632          32.215         2.54035 
        3.90246         32.0609         2.53027 
         3.9086          31.952         2.52025 
        3.91473          31.777          2.5103 
        3.92086         31.7106          2.5004 
        3.92699          31.533         2.49054 
        3.93313         31.4372         2.48073 
        3.93927         31.2879         2.47099 
         3.9454         31.1616         2.46129 
        3.95154         31.0409         2.45164 
        3.95768         30.9183         2.44205 
        3.96382         30.8242         2.43251 
        3.96995         30.6375         2.42302 
        3.97609         30.5257         2.41358 
        3.98222         30.4061          2.4042 
        3.98836         30.2771         2.39486 
         3.9945         30.1599         2.38557 
        4.00063         30.0619         2.37634 
        4.00677         29.9244         2.36714 
        4.01291         29.7801           2.358 
        4.01904         29.7034         2.34892 
        4.02517         29.5785         2.33988 
        4.03131          29.462         2.33088 
        4.03745         29.3348         2.32193 
        4.04358          29.237         2.31303 
        4.04972         29.0844         2.30418 
        4.05585         29.0191         2.29537 
        4.06199         28.8556         2.28661 
        4.06812         28.7891          2.2779 
        4.07426         28.6584         2.26923 
         4.0804         28.5251          2.2606 
        4.08654         28.4152         2.25202 
        4.09267         28.3184         2.24349 
         4.0988         28.1834         2.23502 
        4.10494         28.0722         2.22657 
        4.11108         27.9755         2.21817 
        4.11721         27.8877         2.20981 
        4.12334          27.757          2.2015 
        4.12948         27.6521         2.19323 
        4.13561          27.529           2.185 
        4.14176         27.4196         2.17681 
        4.14789          27.297         2.16866 
        4.15403         27.2143         2.16057 
        4.16016         27.0919         2.15251 
         4.1663         26.9755         2.14449 
        4.17243         26.9005         2.13652 
        4.17857         26.8026         2.12858 
        4.18471         26.7103         2.12068 
        4.19084         26.5873         2.11282 
        4.19698         26.4807         2.10501 
        4.20312         26.3592         2.09723 
        4.20925         26.2313         2.08949 
        4.21538         26.1692          2.0818 
        4.22152         26.0809         2.07414 
        4.22766         25.9835         2.06651 
         4.2338         25.8586         2.05894 
        4.23993         25.7796         2.05139 
        4.24607         25.6851         2.04389 
         4.2522         25.5402         2.03642 
        4.25834         25.4566         2.02899 
        4.26447         25.3435          2.0216 
        4.27061         25.2705         2.01425 
        4.27674         25.1511         2.00693 
        4.28288          25.047         1.99964 
        4.28902         24.9928         1.99239 
        4.29515         24.8685         1.98519 
        4.30129         24.7828         1.97801 
        4.30743         24.6894         1.97087 
        4.31356         24.5796         1.96376 
        4.31969         24.5035          1.9567 
        4.32583         24.3892         1.94967 
        4.33197         24.3132         1.94267 
         4.3381         24.2215          1.9357 
        4.34424         24.1372         1.92878 
        4.35038         24.0549         1.92187 
        4.35652          23.967         1.91501 
        4.36265         23.8825         1.90818 
        4.36878         23.7732         1.90139 
        4.37492         23.6796         1.89463 
        4.38106         23.5901         1.88789 
        4.38719         23.5081          1.8812 
        4.39333          23.403         1.87454 
        4.39946         23.3218         1.86791 
         4.4056         23.2284         1.86131 
        4.41173         23.1459         1.85475 
        4.41786         23.0845         1.84822 
          4.424         22.9542         1.84172 
        4.43014         22.8867         1.83524 
        4.43628         22.8228          1.8288 
        4.44241         22.7318         1.82239 
        4.44855         22.6484         1.81601 
        4.45469         22.5691         1.80966 
        4.46083         22.4953         1.80334 
        4.46696         22.3893         1.79706 
        4.47309         22.3205          1.7908 
        4.47923         22.2489         1.78457 
        4.48537         22.1376         1.77838 
         4.4915         22.0671         1.77221 
        4.49764         21.9771         1.76607 
        4.50378         21.8995         1.75996 
        4.50991         21.8426         1.75389 
        4.51604         21.7382         1.74784 
        4.52218         21.6626         1.74181 
        4.52832         21.5788         1.73582 
        4.53445          21.504         1.72986 
        4.54059         21.4222         1.72392 
        4.54673          21.362         1.71801 
        4.55286         21.2829         1.71213 
          4.559         21.1951         1.70627 
        4.56513         21.1076         1.70045 
        4.57127         21.0413         1.69465 
        4.57741         20.9958         1.68888 
        4.58354         20.8932         1.68314 
        4.58968         20.7914         1.67742 
        4.59582         20.7282         1.67172 
        4.60195         20.6646         1.66606 
        4.60809          20.606         1.66043 
        4.61422         20.5289         1.65482 
        4.62036         20.4311         1.64923 
        4.62649         20.3661         1.64367 
        4.63263         20.3051         1.63814 
        4.63876          20.233         1.63263 
         4.6449         20.1506         1.62715 
        4.65104         20.0843         1.62169 
        4.65717         20.0113         1.61626 
        4.66331         19.9349         1.61085 
        4.66944         19.8654         1.60547 
        4.67558         19.7812         1.60012 
        4.68171         19.7272         1.59478 
        4.68785         19.6488         1.58947 
        4.69399         19.5933         1.58419 
        4.70012         19.5072         1.57893 
        4.70625          19.478          1.5737 
        4.71239         19.3889         1.56848 
        4.71853         19.3254         1.56329 
        4.72467         19.2436         1.55812 
         4.7308         19.1982         1.55298 
        4.73694         19.0988         1.54787 
        4.74308         19.0523         1.54277 
        4.74922         18.9907          1.5377 
        4.75535         18.9351         1.53265 
        4.76148         18.8547         1.52763 
        4.76762         18.7858         1.52262 
        4.77376          18.718         1.51764 
        4.77989         18.6574         1.51268 
        4.78602         18.5752         1.50775 
        4.79216         18.5348         1.50283 
         4.7983         18.4546         1.49794 
        4.80443         18.4041         1.49307 
        4.81056         18.3301         1.48822 
         4.8167         18.2699         1.48339 
        4.82284         18.2157         1.47858 
        4.82898         18.1685          1.4738 
        4.83511         18.0959         1.46904 
        4.84125         18.0394         1.46429 
        4.84739         17.9732         1.45957 
        4.85352         17.9006         1.45487 
        4.85965          17.849         1.45019 
        4.86579         17.7945         1.44554 
        4.87193         17.7421          1.4409 
        4.87807         17.6611         1.43628 
         4.8842         17.6016         1.43168 
        4.89034         17.5531          1.4271 
        4.89647         17.4874         1.42254 
        4.90261         17.4228         1.41801 
        4.90874         17.3852         1.41349 
        4.91488          17.318           1.409 
        4.92102         17.2509         1.40452 
        4.92715         17.2027         1.40006 
        4.93329         17.1397         1.39562 
        4.93942         17.0873          1.3912 
        4.94556         17.0376          1.3868 
         4.9517         16.9884         1.38241 
        4.95783         16.9201         1.37805 
        4.96397          16.869         1.37371 
        4.97011         16.7992         1.36938 
        4.97624         16.7624         1.36508 
        4.98238         16.6944         1.36079 
        4.98851         16.6512         1.35653 
        4.99465         16.6068         1.35227 
        5.00078         16.5479         1.34804 
        5.00691         16.4856         1.34383 
        5.01305         16.4303         1.33964 
        5.01919         16.3684         1.33546 
        5.02533         16.3209         1.33129 
        5.03146         16.2684         1.32715 
         5.0376         16.2263         1.32303 
        5.04374         16.1722         1.31892 
        5.04987          16.109         1.31483 
        5.05601         16.0754         1.31076 
        5.06215         16.0168         1.30671 
        5.06829         15.9649         1.30267 
        5.07442         15.9094         1.29865 
        5.08055         15.8611         1.29465 
        5.08668         15.7851         1.29066 
        5.09282         15.7569         1.28669 
        5.09896         15.6945         1.28274 
        5.10509         15.6428         1.27881 
        5.11123          15.619         1.27489 
        5.11736         15.5596         1.27098 
         5.1235         15.5068          1.2671 
        5.12964         15.4643         1.26323 
        5.13577         15.4113         1.25937 
        5.14191         15.3672         1.25553 
        5.14804         15.3075         1.25172 
        5.15418         15.2729         1.24791 
        5.16032         15.2305         1.24412 
        5.16645         15.1816         1.24034 
        5.17259         15.1303         1.23659 
        5.17872         15.0784         1.23285 
        5.18486         15.0405         1.22912 
          5.191         14.9804          1.2254 
        5.19713         14.9448         1.22171 
        5.20327         14.9018         1.21803 
        5.20941         14.8559         1.21436 
        5.21555         14.8089         1.21071 
        5.22168         14.7608         1.20707 
        5.22781         14.7223         1.20346 
        5.23395         14.6695         1.19985 
        5.24009         14.6251         1.19626 
        5.24622         14.5846         1.19268 
        5.25236         14.5594         1.18912 
         5.2585         14.4947         1.18557 
        5.26463         14.4447         1.18204 
        5.27077         14.4231         1.17852 
         5.2769         14.3692         1.17502 
        5.28304         14.3159         1.17153 
        5.28917         14.2811         1.16806 
         5.2953         14.2382          1.1646 
        5.30144         14.1989         1.16116 
        5.30757         14.1643         1.15772 
        5.31371         14.1213          1.1543 
        5.31985         14.0788          1.1509 
        5.32599         14.0448          1.1475 
        5.33213         14.0069         1.14412 
        5.33826         13.9615         1.14076 
         5.3444         13.9099         1.13741 
        5.35053         13.8881         1.13407 
        5.35667         13.8344         1.13075 
        5.36281         13.8074         1.12744 
        5.36894         13.7592         1.12414 
        5.37507         13.7227         1.12086 
        5.38121         13.6813         1.11759 
        5.38735         13.6471         1.11433 
        5.39348         13.6117         1.11109 
        5.39961          13.568         1.10786 
        5.40575         13.5206         1.10464 
        5.41189         13.5049         1.10143 
        5.41803         13.4687         1.09823 
        5.42416         13.4277         1.09506 
         5.4303         13.3854         1.09189 
        5.43644         13.3524         1.08873 
        5.44257         13.3095         1.08559 
        5.44871         13.2748         1.08246 
        5.45484         13.2325         1.07934 
        5.46098         13.2042         1.07623 
        5.46712          13.169         1.07314 
        5.47325         13.1255         1.07006 
        5.47938         13.0973         1.06699 
        5.48552         13.0569         1.06394 
        5.49165          13.025         1.06089 
        5.49779         12.9993         1.05786 
        5.50393         12.9562         1.05483 
        5.51006         12.9263         1.05182 
         5.5162         12.8773         1.04883 
        5.52234         12.8553         1.04584 
        5.52847         12.8192         1.04286 
        5.53461         12.7848          1.0399 
        5.54075         12.7475         1.03695 
        5.54688         12.7268         1.03401 
        5.55302         12.6816         1.03108 
        5.55915         12.6589         1.02817 
        5.56529         12.6278         1.02526 
        5.57143           12.59         1.02237 
        5.57756          12.568         1.01948 
         5.5837         12.5326         1.01661 
        5.58983         12.4934         1.01375 
        5.59597         12.4596          1.0109 
         5.6021         12.4361         1.00806 
        5.60824         12.4063         1.00523 
        5.61438         12.3817         1.00242 
        5.62051         12.3485        0.999612 
        5.62665         12.3082        0.996817 
        5.63278         12.2861        0.994033 
        5.63892         12.2552        0.991259 
        5.64505         12.2228        0.988497 
        5.65119         12.1874        0.985744 
        5.65733         12.1677        0.983002 
        5.66346         12.1378        0.980271 
         5.6696         12.1123         0.97755 
        5.67573         12.0905         0.97484 
        5.68187         12.0518        0.972139 
          5.688         12.0266        0.969451 
        5.69414         12.0041        0.966771 
        5.70028         11.9765          0.9641 
        5.70642         11.9393         0.96144 
        5.71255          11.921        0.958791 
        5.71869         11.8977        0.956153 
        5.72482         11.8605        0.953524 
        5.73096         11.8373        0.950905 
        5.73709         11.8177        0.948297 
        5.74322         11.8043        0.945699 
        5.74936         11.7637        0.943108 
         5.7555         11.7381        0.940526 
        5.76164         11.7087        0.937957 
        5.76777         11.6884        0.935398 
        5.77391         11.6624        0.932846 
        5.78005         11.6402        0.930303 
        5.78618         11.6246        0.927773 
        5.79231         11.5922        0.925254 
        5.79845         11.5681         0.92274 
        5.80459         11.5412        0.920234 
        5.81073         11.5122        0.917741 
        5.81686         11.4858        0.915258 
          5.823         11.4638        0.912781 
        5.82914         11.4478        0.910314 
        5.83527         11.4276         0.90786 
         5.8414         11.4039        0.905413 
        5.84754         11.3878        0.902973 
        5.85368          11.364        0.900542 
        5.85981          11.337        0.898122 
        5.86595         11.3134        0.895711 
        5.87208         11.2928        0.893309 
        5.87822         11.2692        0.890916 
        5.88435          11.251        0.888533 
        5.89049         11.2297        0.886156 
        5.89662         11.2025        0.883788 
        5.90276         11.1955        0.881429 
         5.9089         11.1748        0.879078 
        5.91503         11.1512        0.876738 
        5.92117         11.1235        0.874405 
        5.92731         11.1053         0.87208 
        5.93344         11.0904        0.869765 
        5.93958         11.0715        0.867458 
        5.94572         11.0512        0.865159 
        5.95186         11.0365        0.862867 
        5.95799         11.0103        0.860587 
        5.96412         11.0008        0.858314 
        5.97026         10.9854        0.856048 
         5.9764         10.9682        0.853792 
        5.98253          10.943        0.851545 
        5.98866         10.9305        0.849304 
         5.9948         10.9098        0.847071 
        6.00094         10.8897        0.844846 
        6.00707         10.8755         0.84263 
        6.01321         10.8603        0.840422 
        6.01935         10.8473        0.838221 
        6.02548         10.8332        0.836029 
        6.03162         10.8192        0.833845 
        6.03775         10.7968         0.83167 
        6.04389         10.7881        0.829501 
        6.05003         10.7788        0.827339 
        6.05617         10.7489        0.825184 
         6.0623          10.743        0.823039 
        6.06844          10.725        0.820901 
        6.07457         10.7104        0.818772 
         6.0807            10.7         0.81665 
        6.08684         10.6845        0.814537 
        6.09298          10.684        0.812428 
        6.09912         10.6559        0.810328 
        6.10525         10.6406        0.808236 
        6.11138         10.6313        0.806152 
        6.11752         10.6205        0.804073 
        6.12366         10.6118        0.802003 
        6.12979         10.5901        0.799941 
        6.13593         10.5891        0.797887 
        6.14207          10.573        0.795837 
         6.1482         10.5661        0.793796 
        6.15434           10.55        0.791763 
        6.16047         10.5414        0.789737 
        6.16661         10.5298        0.787717 
        6.17274         10.5166        0.785705 
        6.17887          10.508        0.783701 
        6.18501         10.4935        0.781702 
        6.19115         10.4915        0.779711 
        6.19729          10.474        0.777725 
        6.20342         10.4656        0.775748 
        6.20956         10.4558        0.773778 
         6.2157         10.4458        0.771813 
        6.22183         10.4423        0.769856 
        6.22797         10.4281        0.767907 
         6.2341         10.4291        0.765964 
        6.24024         10.4215        0.764026 
        6.24638           10.41        0.762096 
        6.25251         10.4023        0.760173 
        6.25865          10.396        0.758257 
        6.26478         10.3982        0.756347 
        6.27092         10.3816        0.754445 
        6.27705         10.3803        0.752549 
        6.28318         10.3662        0.750659 
