# k  (h/Mpc)    P(k)  (Mpc/h)^3    P_linear(k)  (Mpc/h)^3
     0.00783031         15658.9         15892.7 
       0.013688         19690.9         19521.3 
       0.019231         19685.5         19659.7 
      0.0249154         17675.5         18068.8 
      0.0312784         15357.4         15547.5 
      0.0375637         13164.6           13181 
      0.0433917           11238         11458.3 
      0.0492413         10139.8         10229.4 
      0.0555754         9020.59         9331.72 
      0.0619321          8658.8          8671.3 
       0.067871         7841.03         8095.96 
      0.0738098         7228.41         7460.23 
      0.0800417          6434.4            6711 
      0.0862327         5786.93         5938.69 
      0.0921407          5234.8         5253.37 
      0.0982031         4640.19         4666.14 
       0.104506         4332.88         4208.92 
       0.110769         4005.92         3896.88 
       0.116806         3777.87         3690.87 
       0.122832         3608.68         3528.76 
       0.129052         3355.91         3360.66 
       0.135211         3177.39         3164.87 
       0.141259         3026.09         2940.02 
       0.147318         2832.32         2697.79 
       0.153489         2580.78         2458.61 
       0.159709         2428.61         2248.44 
       0.165845         2329.21         2083.98 
       0.171974         2200.47         1962.43 
       0.178125         2096.69         1873.69 
       0.184229         2009.68         1803.81 
        0.19034         1902.14         1737.16 
       0.196428         1863.06         1663.51 
       0.202534         1790.37         1578.49 
       0.208729         1703.87          1483.6 
       0.214876         1628.52         1387.95 
       0.220989         1569.05         1299.16 
       0.227147         1500.72         1221.91 
        0.23329         1440.62         1159.23 
       0.239377         1416.82         1109.88 
       0.245482         1328.81         1069.34 
       0.251667         1321.82         1032.55 
       0.257832          1269.8         995.844 
       0.263955         1227.77         956.854 
       0.270079         1184.44         914.988 
        0.27624         1170.42         871.361 
       0.282372         1121.29         828.822 
        0.28843         1111.32         789.818 
       0.294538          1055.4         754.993 
       0.300721         1049.47         724.659 
        0.30691         1007.61          698.52 
       0.313033         987.956         675.495 
       0.319153         969.163         653.796 
       0.325316         938.039         632.083 
        0.33145         916.166         610.003 
       0.337538         900.388         587.651 
       0.343633         879.125         565.332 
       0.349808         848.741         543.472 
       0.355968         843.007         523.085 
       0.362074          833.94         504.586 
       0.368217         808.123          487.77 
       0.374374         776.598         472.403 
       0.380519         777.255         458.128 
       0.386598         755.382         444.621 
       0.392688         752.879          431.33 
        0.39888         730.618         417.932 
       0.405048         720.352         404.717 
       0.411186         710.213         391.826 
       0.417313          695.41         379.438 
       0.423458         682.889         367.665 
       0.429607         673.907         356.594 
       0.435692         659.005          346.36 
       0.441815         653.389         336.681 
       0.447964         639.884         327.432 
       0.454126         632.339         318.509 
       0.460267         617.573         309.873 
       0.466387         610.553          301.45 
        0.47254         604.411         293.162 
       0.478662         599.731         285.155 
       0.484765          580.93         277.459 
       0.490885         577.012         270.057 
       0.497035         565.465         262.948 
       0.503198         561.155         256.166 
       0.509342         555.968         249.713 
       0.515458         551.904         243.539 
       0.521598         537.904         237.545 
       0.527764         528.652           231.7 
       0.533884         526.631         226.066 
           0.54         520.336         220.597 
       0.546137         517.009         215.267 
       0.552299         508.708         210.083 
       0.558452         505.583         205.084 
       0.564573         498.857         200.294 
       0.570708         492.467         195.675 
       0.576825         479.714         191.234 
       0.582926         480.573          186.95 
       0.589034          476.17         182.791 
       0.595184         472.043         178.722 
       0.601379         464.873         174.743 
       0.607522         458.473         170.912 
       0.613639         457.833          167.21 
       0.619772         447.826          163.61 
       0.625918         445.983         160.111 
       0.632068         439.309         156.714 
       0.638161         437.679         153.448 
         0.6443         430.214         150.256 
       0.650464         427.696         147.145 
       0.656582         424.409         144.148 
       0.662703          423.03         141.236 
       0.668861         415.778         138.389 
       0.675024         412.387         135.618 
       0.681124           409.2         132.951 
       0.687237          405.62          130.35 
       0.693381         400.076         127.806 
       0.699536         394.762         125.325 
       0.705665         393.219         122.921 
       0.711789         391.303         120.582 
       0.717957         387.791          118.29 
        0.72409         385.266          116.07 
       0.730186          380.07         113.923 
       0.736317         377.046         111.818 
       0.742472         375.153          109.76 
       0.748622         371.074         107.757 
        0.75476         366.438         105.808 
       0.760888         362.826         103.911 
       0.767043         363.334         102.053 
       0.773185         359.171         100.245 
       0.779291         354.445         98.4914 
       0.785407         353.134         96.7775 
       0.791564         348.813         95.0938 
       0.797719         346.606         93.4514 
       0.803834         343.108         91.8585 
       0.809972         342.409         90.2973 
       0.816124         341.457         88.7694 
       0.822261         336.884         87.2811 
       0.828378         334.661         85.8318 
       0.834502         331.456         84.4144 
       0.840667         328.828         83.0201 
       0.846816         327.351         81.6615 
       0.852925         325.051         80.3421 
       0.859047         322.998         79.0494 
       0.865192         319.108         77.7811 
       0.871341         316.706         76.5401 
       0.877463         316.004         75.3319 
       0.883569         313.693         74.1531 
       0.889708         310.739         72.9937 
       0.895864         308.934         71.8563 
       0.902008         306.556         70.7457 
       0.908149         303.941         69.6594 
       0.914301         301.132         68.5943 
       0.920448         299.525         67.5527 
       0.926574         295.845         66.5365 
       0.932687         296.096         65.5435 
       0.938823         292.868         64.5674 
       0.944975         292.337         63.6091 
       0.951105         289.662         62.6738 
       0.957225         287.761         61.7591 
       0.963368         284.153         60.8596 
       0.969511         283.253         59.9782 
       0.975621         281.018          59.119 
       0.981748         280.252         58.2746 
       0.987916         278.417         57.4415 
        0.99406         274.327         56.6279 
        1.00019         273.699         55.8318 
        1.00632         272.344         55.0518 
        1.01246         270.008         54.2856 
        1.01859         270.544         53.5354 
        1.02471         266.041         52.8004 
        1.03085         264.687         52.0768 
        1.03698         263.682         51.3683 
        1.04314          261.04         50.6701 
        1.04929         259.202         49.9867 
        1.05541         259.823         49.3186 
        1.06154         255.508         48.6612 
        1.06769         255.087         48.0149 
        1.07382         253.194         47.3824 
        1.07993         251.575         46.7629 
        1.08607         250.915         46.1519 
        1.09222         248.614         45.5513 
        1.09836         246.931         44.9621 
        1.10449         244.561         44.3841 
        1.11063         242.551         43.8157 
        1.11677         242.271         43.2575 
         1.1229          240.31           42.71 
        1.12903         239.078         42.1716 
        1.13518         237.321         41.6421 
        1.14131          235.58          41.122 
        1.14745         235.325         40.6112 
        1.15359         233.212          40.109 
        1.15973         231.499         39.6151 
        1.16584         229.946         39.1318 
        1.17197         230.018         38.6559 
        1.17811         227.041         38.1865 
        1.18424         225.824         37.7263 
        1.19038         225.247         37.2724 
        1.19652           223.3         36.8262 
        1.20267         222.846         36.3873 
        1.20881         220.881         35.9557 
        1.21495         219.517         35.5318 
        1.22108         218.203         35.1148 
         1.2272         216.773         34.7055 
        1.23334         215.919         34.3019 
        1.23949         214.145         33.9037 
        1.24562         213.327          33.513 
        1.25174         211.902         33.1291 
        1.25789         210.371         32.7501 
        1.26402         208.548         32.3777 
        1.27014         207.433          32.012 
        1.27628         206.448         31.6509 
        1.28244         206.344         31.2947 
        1.28858         203.988         30.9446 
        1.29471         202.661         30.6005 
        1.30084         201.722         30.2621 
        1.30697         200.278         29.9283 
        1.31312         198.629         29.5991 
        1.31925         197.958         29.2758 
        1.32537           197.3         28.9578 
        1.33151         195.329         28.6434 
        1.33765         194.079         28.3338 
        1.34378         193.459         28.0294 
        1.34992         192.428         27.7293 
        1.35606         192.377          27.433 
         1.3622         190.346         27.1415 
        1.36833         188.588          26.855 
        1.37445         187.983         26.5728 
        1.38059         186.398         26.2938 
        1.38675         185.814         26.0181 
        1.39288         184.746         25.7475 
        1.39901         184.234         25.4809 
        1.40515         182.336         25.2175 
         1.4113         181.539         24.9579 
        1.41742         180.188          24.703 
        1.42355         179.354         24.4511 
         1.4297         177.936         24.2021 
        1.43585          177.25         23.9566 
        1.44198         176.348         23.7155 
        1.44809         175.476         23.4782 
        1.45423         174.558         23.2432 
        1.46036         173.318         23.0119 
        1.46649          172.15         22.7837 
        1.47263         171.121         22.5584 
        1.47877         170.079         22.3363 
        1.48491          168.58         22.1168 
        1.49104         168.427         21.9007 
        1.49718         166.773         21.6874 
        1.50333         166.147         21.4766 
        1.50947         165.275          21.269 
         1.5156         164.107         21.0645 
        1.52172         163.444         20.8627 
        1.52787         161.908         20.6631 
          1.534          161.62         20.4664 
        1.54013         160.489         20.2724 
        1.54627         159.531         20.0806 
        1.55241         158.506         19.8913 
        1.55855         157.611         19.7047 
        1.56467         156.467          19.521 
         1.5708         155.764         19.3391 
        1.57695         155.155         19.1593 
        1.58308         154.261         18.9822 
        1.58922         153.393         18.8072 
        1.59535         152.126         18.6345 
         1.6015         151.727         18.4638 
        1.60764         150.744         18.2952 
        1.61376         149.815         18.1293 
        1.61989          149.02         17.9653 
        1.62604         147.899         17.8029 
        1.63218         147.499         17.6427 
        1.63831         146.369         17.4848 
        1.64444         145.749         17.3288 
        1.65059         144.846         17.1743 
        1.65673         143.756         17.0219 
        1.66285         143.274         16.8718 
        1.66898         142.172         16.7234 
        1.67512         141.981         16.5765 
        1.68127         140.628         16.4313 
         1.6874         139.737         16.2881 
        1.69353         139.289         16.1467 
        1.69967         138.303         16.0067 
        1.70581         137.622         15.8684 
        1.71193         136.753         15.7323 
        1.71806         136.191         15.5974 
        1.72421         135.368         15.4639 
        1.73035          135.07         15.3321 
        1.73649         134.078         15.2019 
        1.74262         133.115         15.0733 
        1.74876         132.539         14.9461 
        1.75489          131.67         14.8206 
        1.76101         130.701         14.6966 
        1.76715         130.389         14.5738 
        1.77329          129.85         14.4524 
        1.77943         128.864         14.3322 
        1.78557         128.365         14.2136 
        1.79171         127.508         14.0964 
        1.79785         126.728         13.9804 
        1.80399         125.998         13.8657 
        1.81012         125.409         13.7526 
        1.81625         124.846         13.6407 
        1.82239         124.228         13.5299 
        1.82853         123.455         13.4204 
        1.83466         122.668         13.3122 
        1.84078         122.177         13.2053 
        1.84692         121.073         13.0995 
        1.85306         120.945         12.9946 
         1.8592         120.055         12.8911 
        1.86533         119.238         12.7888 
        1.87147         118.554         12.6874 
        1.87761         117.882         12.5872 
        1.88375         117.144         12.4881 
        1.88988         116.612         12.3902 
        1.89601         115.982         12.2933 
        1.90215         115.364         12.1973 
        1.90829         114.795         12.1024 
        1.91442         114.216         12.0086 
        1.92056         113.442         11.9158 
         1.9267         113.095         11.8239 
        1.93284         112.357         11.7329 
        1.93897         111.677          11.643 
        1.94509          111.22         11.5543 
        1.95123         110.595         11.4663 
        1.95737         110.064         11.3791 
        1.96349         109.441         11.2931 
        1.96964         108.474         11.2077 
        1.97578         107.913         11.1231 
        1.98192         107.676         11.0396 
        1.98805           106.9          10.957 
        1.99419         106.498         10.8752 
        2.00033         105.731         10.7942 
        2.00647         105.406          10.714 
         2.0126         104.544         10.6348 
        2.01874         103.999         10.5563 
        2.02488         103.673         10.4785 
        2.03101         102.848         10.4016 
        2.03714         102.314         10.3256 
        2.04328         101.844         10.2502 
        2.04941         101.277         10.1757 
        2.05554         100.642          10.102 
        2.06167         100.334         10.0289 
        2.06781          99.569         9.95647 
        2.07396         99.1683          9.8847 
        2.08009         98.6942         9.81375 
        2.08622         98.0213         9.74359 
        2.09237         97.5321         9.67397 
        2.09851         97.0649         9.60503 
        2.10464         96.6051         9.53687 
        2.11077         96.0789         9.46946 
        2.11691          95.678         9.40255 
        2.12305         94.9285         9.33628 
        2.12918         94.3651         9.27081 
        2.13531         94.0062         9.20596 
        2.14145         93.2806         9.14159 
         2.1476         92.7826         9.07775 
        2.15372         92.4899         9.01484 
        2.15985         92.0418         8.95247 
        2.16599           91.37         8.89051 
        2.17213         90.9836         8.82921 
        2.17827         90.5394         8.76849 
         2.1844         89.8854          8.7084 
        2.19054         89.6252         8.64886 
        2.19666         89.1827         8.58996 
         2.2028         88.6028         8.53155 
        2.20893         88.2145         8.47366 
        2.21508         87.6953         8.41625 
        2.22122         87.2197         8.35934 
        2.22736         86.7849         8.30308 
        2.23349         86.4148         8.24736 
        2.23962         85.9398         8.19212 
        2.24577          85.516         8.13733 
         2.2519         85.1664         8.08313 
        2.25802         84.4691         8.02951 
        2.26417         84.1529         7.97622 
        2.27031          83.704         7.92337 
        2.27644         83.1836         7.87115 
        2.28257         82.6901         7.81941 
        2.28872          82.507         7.76804 
        2.29486         81.8515         7.71714 
        2.30099         81.4023          7.6668 
        2.30712          81.135         7.61689 
        2.31326         80.6434         7.56734 
         2.3194         80.1837         7.51826 
        2.32553         79.8988          7.4697 
        2.33166         79.4528         7.42159 
         2.3378         78.9025         7.37384 
        2.34394         78.5561         7.32649 
        2.35007         78.1903         7.27963 
        2.35619         77.8531         7.23323 
        2.36233         77.3254         7.18713 
        2.36848         76.9133         7.14133 
        2.37462         76.4839         7.09604 
        2.38075          76.191         7.05117 
        2.38689         75.7411         7.00666 
        2.39303         75.2481         6.96254 
        2.39916         75.0002         6.91885 
        2.40529         74.7214         6.87553 
        2.41143         74.1151         6.83255 
        2.41757         73.8991         6.78993 
         2.4237         73.5489         6.74774 
        2.42983         73.0601         6.70592 
        2.43598         72.6605         6.66434 
        2.44211         72.5064         6.62318 
        2.44823         72.0136         6.58246 
        2.45437         71.4731         6.54197 
        2.46052         71.1967         6.50179 
        2.46665          70.973         6.46202 
        2.47279         70.4781         6.42259 
        2.47892         70.1837         6.38347 
        2.48507          69.755         6.34464 
         2.4912         69.4649         6.30621 
        2.49733         69.1369         6.26811 
        2.50347         68.8489         6.23026 
        2.50961         68.5211         6.19273 
        2.51575          68.135         6.15552 
        2.52188         67.6889         6.11867 
        2.52802          67.365         6.08207 
        2.53416         67.1338         6.04577 
        2.54029         66.6306         6.00983 
        2.54641         66.3795         5.97419 
        2.55255         66.0285          5.9388 
        2.55869          65.665         5.90365 
        2.56483         65.4132         5.86882 
        2.57096         65.0334         5.83433 
        2.57709         64.6865         5.80009 
        2.58323         64.2493          5.7661 
        2.58937          64.095         5.73236 
        2.59551         63.8069         5.69894 
        2.60164         63.3984         5.66579 
        2.60778         63.2066         5.63287 
        2.61392         62.8195         5.60023 
        2.62006          62.572         5.56785 
        2.62619         62.2012         5.53577 
        2.63232         61.8463         5.50393 
        2.63846         61.5569          5.4723 
        2.64459           61.26         5.44097 
        2.65072         60.8965         5.40988 
        2.65686         60.6385         5.37903 
          2.663         60.3718         5.34837 
        2.66915         60.1088         5.31795 
        2.67527         59.6807         5.28784 
        2.68141         59.4333         5.25795 
        2.68755         59.2315         5.22826 
        2.69368          59.007         5.19882 
        2.69981         58.6489         5.16965 
        2.70595         58.2854         5.14063 
        2.71209         58.0333         5.11183 
        2.71823         57.7822          5.0833 
        2.72436         57.4567         5.05499 
         2.7305         57.1968         5.02687 
        2.73663         56.9625         4.99898 
        2.74276         56.5906         4.97133 
         2.7489         56.3741         4.94386 
        2.75504         56.0947         4.91658 
        2.76118         55.7854         4.88949 
        2.76732         55.4897         4.86265 
        2.77345         55.2905         4.83601 
        2.77959         54.9704         4.80957 
        2.78572         54.6978         4.78333 
        2.79186         54.3849         4.75729 
        2.79798         54.1828         4.73148 
        2.80412         53.9405         4.70581 
        2.81027         53.5855         4.68031 
         2.8164         53.3732         4.65504 
        2.82253         53.1527         4.62997 
        2.82867         52.8588         4.60506 
        2.83481         52.6303         4.58034 
        2.84095         52.2992         4.55579 
        2.84708         52.0705         4.53146 
        2.85322         51.8101         4.50728 
        2.85935         51.6249         4.48328 
        2.86549         51.3027         4.45946 
        2.87162         51.1573         4.43582 
        2.87776         50.8471         4.41236 
        2.88389         50.6238         4.38905 
        2.89003         50.4255         4.36593 
        2.89617          50.035         4.34296 
        2.90231         49.8949         4.32015 
        2.90844          49.688         4.29752 
        2.91458         49.4292         4.27505 
        2.92071         49.1915         4.25277 
        2.92684         48.9628         4.23062 
        2.93298          48.705         4.20864 
         2.9391         48.4685         4.18685 
        2.94524          48.288         4.16518 
        2.95138          48.057         4.14365 
        2.95752         47.7705         4.12226 
        2.96367         47.6665         4.10101 
         2.9698         47.4206         4.07996 
        2.97594         47.2044         4.05904 
        2.98207         46.9699         4.03826 
        2.98821         46.7569         4.01765 
        2.99434         46.4198         3.99718 
        3.00048         46.2387         3.97684 
        3.00662         46.0671         3.95664 
        3.01275          45.842         3.93661 
        3.01888         45.6174         3.91671 
        3.02503          45.346         3.89692 
        3.03117         45.1792         3.87727 
        3.03729         45.0169         3.85781 
        3.04342         44.7344         3.83846 
        3.04957         44.5977         3.81919 
         3.0557         44.3473          3.8001 
        3.06183         44.1309         3.78117 
        3.06796         43.9455         3.76234 
        3.07411         43.7718          3.7436 
        3.08025         43.5247         3.72502 
        3.08637         43.2861          3.7066 
         3.0925         43.1847         3.68828 
        3.09865         42.9568         3.67005 
         3.1048         42.7349         3.65195 
        3.11093         42.5227         3.63401 
        3.11706         42.3536         3.61619 
         3.1232         42.1725         3.59847 
        3.12933         41.9388         3.58087 
        3.13547          41.719          3.5634 
        3.14159         41.5708         3.54607 
        3.14773         41.3756         3.52882 
        3.15388           41.21         3.51167 
        3.16001         40.9359         3.49467 
        3.16614         40.7828         3.47779 
        3.17228         40.5638           3.461 
        3.17842         40.3759         3.44432 
        3.18455         40.2362         3.42777 
        3.19068         39.9996         3.41133 
        3.19682         39.8677         3.39497 
        3.20297           39.64         3.37872 
         3.2091         39.4548         3.36259 
        3.21524         39.2768         3.34657 
        3.22138         39.1784         3.33065 
         3.2275         39.0132         3.31485 
        3.23363         38.8223         3.29916 
        3.23977         38.6358         3.28355 
        3.24591          38.456         3.26805 
        3.25205         38.2609         3.25263 
        3.25818         38.1082         3.23732 
        3.26432          37.926         3.22212 
        3.27046          37.752         3.20701 
         3.2766         37.5602         3.19199 
        3.28273         37.3857         3.17708 
        3.28887          37.221         3.16227 
          3.295         37.0405         3.14755 
        3.30113          36.902         3.13292 
        3.30727         36.7363         3.11839 
        3.31341         36.5507         3.10395 
        3.31954         36.3844         3.08961 
        3.32568         36.2691         3.07535 
        3.33182         36.1161         3.06118 
        3.33795          35.929         3.04711 
        3.34409         35.7832         3.03311 
        3.35022         35.5708         3.01921 
        3.35636         35.4552          3.0054 
         3.3625         35.2712         2.99167 
        3.36864         35.1141         2.97803 
        3.37477         34.9643         2.96447 
        3.38091         34.7962         2.95101 
        3.38704         34.6412         2.93763 
        3.39318         34.4943         2.92432 
        3.39931         34.3501          2.9111 
        3.40545         34.2323         2.89797 
        3.41158         34.0628         2.88492 
        3.41772         33.9536         2.87194 
        3.42385         33.8058         2.85906 
        3.42998          33.583         2.84625 
        3.43612         33.4652         2.83352 
        3.44226         33.3565         2.82085 
         3.4484         33.1555         2.80826 
        3.45453         33.0734         2.79576 
        3.46066          32.875         2.78335 
        3.46681         32.7128         2.77098 
        3.47295         32.5939         2.75869 
        3.47908         32.4226         2.74651 
        3.48521         32.3037         2.73439 
        3.49135         32.1818         2.72233 
        3.49749         32.0305         2.71035 
        3.50362         31.9196         2.69845 
        3.50976         31.7315         2.68662 
        3.51589         31.5988         2.67486 
        3.52203         31.4687         2.66316 
        3.52816         31.3449         2.65156 
        3.53429         31.2021         2.64001 
        3.54043         31.0834         2.62852 
        3.54657         30.9305         2.61709 
        3.55271         30.8081         2.60575 
        3.55884           30.65         2.59449 
        3.56498         30.5505         2.58327 
        3.57112         30.3968         2.57211 
        3.57725         30.2514         2.56104 
        3.58338         30.1549         2.55004 
        3.58952         30.0202         2.53909 
        3.59566         29.8895          2.5282 
         3.6018         29.7667         2.51738 
        3.60793         29.6272         2.50663 
        3.61407         29.4539         2.49594 
        3.62021         29.4034         2.48531 
        3.62634         29.2426         2.47475 
        3.63247         29.1413         2.46425 
        3.63861          29.004         2.45381 
        3.64475          28.874         2.44341 
        3.65089         28.7607         2.43309 
        3.65702         28.6687         2.42284 
        3.66316         28.5289         2.41264 
        3.66929         28.4115          2.4025 
        3.67543         28.3105         2.39242 
        3.68156         28.1606          2.3824 
        3.68769         28.0153         2.37243 
        3.69383         27.9268         2.36252 
        3.69997         27.7913         2.35266 
        3.70611         27.7126         2.34287 
        3.71224         27.5911         2.33312 
        3.71838         27.4553         2.32344 
        3.72451         27.3742         2.31381 
        3.73065         27.2227         2.30424 
        3.73678         27.1224         2.29473 
        3.74292         27.0209         2.28525 
        3.74906         26.8811         2.27584 
        3.75519         26.7979         2.26648 
        3.76133         26.6599         2.25717 
        3.76746         26.5595         2.24792 
         3.7736         26.4565         2.23873 
        3.77974         26.3522         2.22957 
        3.78588         26.2377         2.22047 
        3.79201         26.1129         2.21143 
        3.79814         26.0171         2.20243 
        3.80428         25.9312         2.19349 
        3.81042         25.8166         2.18459 
        3.81655         25.7135         2.17574 
        3.82268         25.5948         2.16695 
        3.82882         25.4813          2.1582 
        3.83496         25.3675          2.1495 
        3.84109         25.2962         2.14084 
        3.84723         25.1642         2.13224 
        3.85337         25.0764         2.12368 
        3.85951         24.9899         2.11516 
        3.86565         24.8612          2.1067 
        3.87178         24.7499         2.09829 
        3.87791         24.6621         2.08992 
        3.88405         24.5756          2.0816 
        3.89019         24.4847         2.07332 
        3.89632         24.3545         2.06509 
        3.90246         24.2599         2.05689 
         3.9086         24.1684         2.04875 
        3.91473         24.0973         2.04065 
        3.92086         23.9695         2.03261 
        3.92699         23.8917          2.0246 
        3.93313         23.7834         2.01662 
        3.93927         23.7094          2.0087 
         3.9454         23.5741         2.00082 
        3.95154         23.4935         1.99298 
        3.95768         23.4013         1.98518 
        3.96382         23.3341         1.97742 
        3.96995         23.2214          1.9697 
        3.97609         23.1144         1.96203 
        3.98222         23.0317         1.95441 
        3.98836         22.9581         1.94682 
         3.9945          22.841         1.93926 
        4.00063         22.7506         1.93176 
        4.00677         22.6708         1.92428 
        4.01291         22.5645         1.91685 
        4.01904         22.4844         1.90947 
        4.02517         22.3825         1.90213 
        4.03131         22.3239         1.89481 
        4.03745         22.2075         1.88753 
        4.04358         22.1412         1.88029 
        4.04972         22.0389          1.8731 
        4.05585         21.9545         1.86594 
        4.06199         21.8466         1.85882 
        4.06812         21.7725         1.85174 
        4.07426         21.7074         1.84469 
         4.0804         21.5985         1.83768 
        4.08654         21.5017          1.8307 
        4.09267         21.4314         1.82377 
         4.0988         21.3526         1.81688 
        4.10494         21.2815         1.81001 
        4.11108         21.1765         1.80318 
        4.11721         21.1233         1.79639 
        4.12334         21.0132         1.78963 
        4.12948         20.9207         1.78291 
        4.13561         20.8746         1.77622 
        4.14176         20.7718         1.76956 
        4.14789         20.6972         1.76294 
        4.15403         20.6061         1.75635 
        4.16016         20.5354          1.7498 
         4.1663         20.4712         1.74328 
        4.17243           20.38          1.7368 
        4.17857         20.2912         1.73035 
        4.18471         20.2056         1.72393 
        4.19084         20.1811         1.71754 
        4.19698         20.0716         1.71119 
        4.20312         19.9828         1.70486 
        4.20925         19.9101         1.69858 
        4.21538          19.854         1.69233 
        4.22152         19.7415          1.6861 
        4.22766         19.6761          1.6799 
         4.2338         19.6021         1.67374 
        4.23993         19.5487         1.66761 
        4.24607          19.456         1.66151 
         4.2522          19.389         1.65543 
        4.25834         19.3053         1.64939 
        4.26447         19.2292         1.64339 
        4.27061         19.1659         1.63741 
        4.27674         19.1016         1.63146 
        4.28288         19.0286         1.62554 
        4.28902         18.9509         1.61964 
        4.29515         18.8745         1.61379 
        4.30129         18.7996         1.60795 
        4.30743         18.7496         1.60215 
        4.31356         18.6553         1.59637 
        4.31969         18.5812         1.59063 
        4.32583          18.526         1.58492 
        4.33197         18.4544         1.57922 
         4.3381         18.3855         1.57356 
        4.34424          18.319         1.56793 
        4.35038         18.2745         1.56232 
        4.35652         18.1826         1.55674 
        4.36265         18.1107         1.55119 
        4.36878         18.0472         1.54567 
        4.37492         17.9764         1.54017 
        4.38106         17.9009         1.53469 
        4.38719         17.8587         1.52926 
        4.39333         17.7891         1.52384 
        4.39946         17.7003         1.51845 
         4.4056         17.6509         1.51309 
        4.41173         17.5783         1.50775 
        4.41786         17.5178         1.50245 
          4.424         17.4567         1.49716 
        4.43014         17.3986         1.49189 
        4.43628         17.3192         1.48665 
        4.44241         17.2581         1.48145 
        4.44855         17.1917         1.47626 
        4.45469         17.1444          1.4711 
        4.46083         17.0682         1.46596 
        4.46696         17.0175         1.46086 
        4.47309         16.9637         1.45577 
        4.47923         16.8917          1.4507 
        4.48537         16.8383         1.44567 
         4.4915         16.7685         1.44066 
        4.49764         16.7078         1.43567 
        4.50378         16.6516          1.4307 
        4.50991         16.5761         1.42576 
        4.51604         16.5159         1.42084 
        4.52218         16.4662         1.41594 
        4.52832         16.4063         1.41107 
        4.53445         16.3667         1.40623 
        4.54059         16.2955          1.4014 
        4.54673         16.2324         1.39659 
        4.55286         16.1864         1.39181 
          4.559         16.1125         1.38705 
        4.56513         16.0509         1.38232 
        4.57127         16.0033         1.37761 
        4.57741         15.9505         1.37291 
        4.58354         15.8917         1.36824 
        4.58968         15.8203          1.3636 
        4.59582          15.777         1.35897 
        4.60195         15.7284         1.35437 
        4.60809         15.6614         1.34979 
        4.61422         15.6212         1.34522 
        4.62036         15.5627         1.34068 
        4.62649         15.5038         1.33616 
        4.63263          15.446         1.33167 
        4.63876         15.4026         1.32719 
         4.6449         15.3316         1.32273 
        4.65104         15.2819         1.31829 
        4.65717         15.2331         1.31388 
        4.66331         15.1781         1.30949 
        4.66944         15.1271         1.30511 
        4.67558         15.0768         1.30076 
        4.68171         15.0217         1.29642 
        4.68785         14.9613          1.2921 
        4.69399          14.905         1.28781 
        4.70012         14.8674         1.28354 
        4.70625         14.8207         1.27928 
        4.71239         14.7679         1.27504 
        4.71853          14.705         1.27082 
        4.72467         14.6594         1.26662 
         4.7308          14.603         1.26244 
        4.73694         14.5692         1.25828 
        4.74308         14.5084         1.25414 
        4.74922         14.4574         1.25001 
        4.75535         14.4004         1.24591 
        4.76148         14.3555         1.24183 
        4.76762         14.3166         1.23776 
        4.77376         14.2654         1.23371 
        4.77989         14.2063         1.22968 
        4.78602         14.1735         1.22567 
        4.79216         14.1303         1.22167 
         4.7983         14.0655         1.21769 
        4.80443         14.0249         1.21374 
        4.81056         13.9743          1.2098 
         4.8167         13.9479         1.20587 
        4.82284         13.8857         1.20196 
        4.82898         13.8471         1.19807 
        4.83511          13.794          1.1942 
        4.84125         13.7524         1.19034 
        4.84739         13.6975         1.18651 
        4.85352          13.658         1.18269 
        4.85965         13.6214         1.17888 
        4.86579         13.5664          1.1751 
        4.87193         13.5022         1.17132 
        4.87807         13.4684         1.16757 
         4.8842         13.4333         1.16383 
        4.89034         13.4037         1.16011 
        4.89647         13.3501         1.15641 
        4.90261         13.3088         1.15272 
        4.90874         13.2582         1.14905 
        4.91488         13.2204         1.14539 
        4.92102         13.1822         1.14175 
        4.92715         13.1206         1.13813 
        4.93329          13.086         1.13452 
        4.93942         13.0431         1.13092 
        4.94556         13.0056         1.12735 
         4.9517         12.9757         1.12378 
        4.95783         12.9226         1.12024 
        4.96397         12.8733         1.11671 
        4.97011         12.8482         1.11319 
        4.97624         12.8044         1.10969 
        4.98238         12.7548         1.10621 
        4.98851         12.7089         1.10274 
        4.99465         12.6817         1.09928 
        5.00078         12.6272         1.09584 
        5.00691         12.5914         1.09242 
        5.01305         12.5483         1.08901 
        5.01919         12.5183         1.08561 
        5.02533          12.475         1.08223 
        5.03146         12.4328         1.07886 
         5.0376         12.3971         1.07551 
        5.04374         12.3585         1.07217 
        5.04987         12.3194         1.06885 
        5.05601         12.2818         1.06554 
        5.06215         12.2428         1.06224 
        5.06829         12.2039         1.05896 
        5.07442         12.1654         1.05569 
        5.08055         12.1268         1.05244 
        5.08668         12.0867          1.0492 
        5.09282         12.0537         1.04597 
        5.09896         12.0164         1.04276 
        5.10509         11.9812         1.03956 
        5.11123         11.9485         1.03637 
        5.11736         11.9065          1.0332 
         5.1235         11.8709         1.03004 
        5.12964          11.835          1.0269 
        5.13577         11.8066         1.02376 
        5.14191         11.7626         1.02064 
        5.14804         11.7216         1.01754 
        5.15418         11.6894         1.01444 
        5.16032         11.6475         1.01136 
        5.16645         11.6214         1.00829 
        5.17259         11.5894         1.00524 
        5.17872         11.5536          1.0022 
        5.18486         11.5137        0.999166 
          5.191         11.4837        0.996148 
        5.19713         11.4492        0.993145 
        5.20327         11.4188        0.990154 
        5.20941         11.3837        0.987172 
        5.21555         11.3516        0.984202 
        5.22168         11.3122        0.981248 
        5.22781         11.2897        0.978307 
        5.23395         11.2544        0.975376 
        5.24009         11.2213        0.972456 
        5.24622         11.1908        0.969549 
        5.25236         11.1547        0.966656 
         5.2585         11.1118         0.96377 
        5.26463         11.0823        0.960898 
        5.27077         11.0549        0.958039 
         5.2769         11.0261        0.955193 
        5.28304         10.9948        0.952356 
        5.28917         10.9664        0.949533 
         5.2953          10.932        0.946721 
        5.30144         10.8971         0.94392 
        5.30757         10.8709        0.941129 
        5.31371         10.8387        0.938349 
        5.31985         10.8042         0.93558 
        5.32599         10.7758        0.932821 
        5.33213         10.7548        0.930074 
        5.33826         10.7264         0.92734 
         5.3444         10.6906        0.924617 
        5.35053          10.667        0.921905 
        5.35667         10.6277        0.919203 
        5.36281         10.5966         0.91651 
        5.36894          10.579        0.913831 
        5.37507         10.5432        0.911163 
        5.38121          10.511        0.908503 
        5.38735         10.4835        0.905854 
        5.39348         10.4621        0.903218 
        5.39961         10.4351        0.900593 
        5.40575         10.3992        0.897975 
        5.41189         10.3714        0.895367 
        5.41803         10.3481        0.892771 
        5.42416          10.326        0.890186 
         5.4303         10.2943         0.88761 
        5.43644          10.262        0.885045 
        5.44257         10.2366        0.882491 
        5.44871         10.2082        0.879945 
        5.45484         10.1877         0.87741 
        5.46098         10.1568        0.874885 
        5.46712         10.1244        0.872369 
        5.47325         10.1102        0.869865 
        5.47938         10.0817        0.867372 
        5.48552         10.0545        0.864888 
        5.49165         10.0239        0.862413 
        5.49779         10.0074        0.859947 
        5.50393         9.97626         0.85749 
        5.51006         9.95574        0.855042 
         5.5162          9.9253        0.852605 
        5.52234         9.89399        0.850178 
        5.52847         9.87916         0.84776 
        5.53461         9.85434         0.84535 
        5.54075         9.83215        0.842952 
        5.54688         9.80642        0.840563 
        5.55302          9.7838        0.838182 
        5.55915         9.75829        0.835811 
        5.56529         9.72979        0.833449 
        5.57143         9.71172        0.831096 
        5.57756         9.69094        0.828751 
         5.5837         9.66009        0.826417 
        5.58983         9.63992        0.824093 
        5.59597         9.61224        0.821777 
         5.6021           9.601        0.819469 
        5.60824         9.56653         0.81717 
        5.61438         9.54245         0.81488 
        5.62051          9.5313        0.812599 
        5.62665         9.51449        0.810327 
        5.63278         9.48415        0.808064 
        5.63892          9.4694        0.805809 
        5.64505         9.43569        0.803563 
        5.65119          9.4198        0.801326 
        5.65733         9.39861        0.799097 
        5.66346         9.38253        0.796877 
         5.6696         9.35827        0.794665 
        5.67573         9.33799        0.792461 
        5.68187         9.31868        0.790266 
          5.688         9.28664        0.788081 
        5.69414         9.27253        0.785902 
        5.70028         9.25902        0.783731 
        5.70642         9.24484        0.781568 
        5.71255         9.21089        0.779415 
        5.71869         9.18429         0.77727 
        5.72482         9.17593        0.775134 
        5.73096         9.16496        0.773004 
        5.73709         9.14145        0.770885 
        5.74322         9.12023        0.768773 
        5.74936         9.09642        0.766666 
         5.7555         9.07676        0.764568 
        5.76164         9.05737        0.762479 
        5.76777         9.04736        0.760399 
        5.77391         9.02508        0.758324 
        5.78005         9.00248        0.756257 
        5.78618         8.98468          0.7542 
        5.79231         8.97456        0.752152 
        5.79845          8.9565        0.750109 
        5.80459         8.93674        0.748071 
        5.81073         8.92099        0.746045 
        5.81686          8.9084        0.744026 
          5.823         8.88951        0.742013 
        5.82914         8.86609        0.740008 
        5.83527         8.85543        0.738012 
         5.8414         8.83168        0.736023 
        5.84754         8.82691         0.73404 
        5.85368         8.80348        0.732064 
        5.85981         8.79088        0.730097 
        5.86595         8.77219        0.728137 
        5.87208         8.75448        0.726184 
        5.87822         8.73974        0.724239 
        5.88435         8.72847        0.722301 
        5.89049         8.71206        0.720369 
        5.89662         8.70016        0.718445 
        5.90276         8.67984        0.716526 
         5.9089           8.664        0.714615 
        5.91503         8.66506        0.712714 
        5.92117         8.63767        0.710817 
        5.92731         8.62481        0.708927 
        5.93344         8.61003        0.707045 
        5.93958         8.59818         0.70517 
        5.94572         8.58854          0.7033 
        5.95186         8.56415        0.701437 
        5.95799         8.55716        0.699584 
        5.96412         8.54791        0.697736 
        5.97026          8.5319        0.695894 
         5.9764         8.52195         0.69406 
        5.98253         8.50389        0.692234 
        5.98866         8.49656        0.690412 
         5.9948         8.48098        0.688596 
        6.00094         8.46589        0.686788 
        6.00707         8.45186        0.684987 
        6.01321         8.44559        0.683191 
        6.01935         8.42679        0.681402 
        6.02548         8.42486         0.67962 
        6.03162         8.41018        0.677845 
        6.03775         8.40393        0.676077 
        6.04389         8.38799        0.674314 
        6.05003          8.3759        0.672556 
        6.05617         8.36921        0.670804 
         6.0623         8.35536        0.669061 
        6.06844         8.34311        0.667323 
        6.07457         8.34211        0.665592 
         6.0807           8.324        0.663867 
        6.08684         8.31755        0.662149 
        6.09298         8.30403        0.660435 
        6.09912         8.30197        0.658727 
        6.10525         8.28909        0.657027 
        6.11138         8.27836        0.655333 
        6.11752         8.26616        0.653643 
        6.12366         8.26205         0.65196 
        6.12979         8.25499        0.650284 
        6.13593         8.24444        0.648614 
        6.14207         8.24003        0.646948 
         6.1482         8.22928        0.645288 
        6.15434         8.22469        0.643636 
        6.16047         8.21695        0.641989 
        6.16661         8.20435        0.640347 
        6.17274         8.20898        0.638711 
        6.17887         8.19425        0.637082 
        6.18501         8.19087        0.635457 
        6.19115         8.18486        0.633838 
        6.19729         8.17919        0.632224 
        6.20342         8.17291        0.630617 
        6.20956         8.16394        0.629015 
         6.2157         8.15885        0.627418 
        6.22183         8.15653        0.625827 
        6.22797         8.14102        0.624243 
         6.2341         8.13447        0.622664 
        6.24024         8.13089        0.621089 
        6.24638         8.13231        0.619519 
        6.25251          8.1256        0.617956 
        6.25865         8.12047        0.616399 
        6.26478         8.11688        0.614846 
        6.27092         8.11932        0.613299 
        6.27705         8.10179        0.611758 
        6.28318         8.10213        0.610222 
