# k  (h/Mpc)    Pcb(k)  (Mpc/h)^3    Pcb_linear(k)  (Mpc/h)^3
     0.00783031         407.731         411.485 
       0.013688          504.92          506.54 
       0.019231         510.572         510.891 
      0.0249154          468.25          470.05 
      0.0312784         404.726         404.769 
      0.0375637         344.127         343.324 
      0.0433917           298.6         298.545 
      0.0492413         267.039          266.59 
      0.0555754         242.756          243.24 
      0.0619321         226.758         226.058 
       0.067871         210.653         211.082 
      0.0738098          194.07         194.523 
      0.0800417         174.346             175 
      0.0862327          154.74          154.87 
      0.0921407         137.097         137.005 
      0.0982031         121.634         121.695 
       0.104506         110.285         109.775 
       0.110769         102.025         101.639 
       0.116806         96.2165         96.2686 
       0.122832         92.2217         92.0423 
       0.129052         87.4982         87.6595 
       0.135211         82.3688         82.5538 
       0.141259         76.7741         76.6898 
       0.147318         70.6888         70.3724 
       0.153489         64.3257          64.134 
       0.159709          58.901         58.6523 
       0.165845         54.9122         54.3628 
       0.171974         51.4168         51.1925 
       0.178125         49.1564         48.8779 
       0.184229         47.3954         47.0554 
        0.19034         45.3591         45.3171 
       0.196428           43.62          43.396 
       0.202534          41.626         41.1782 
       0.208729         39.0168          38.703 
       0.214876         36.4268         36.2079 
       0.220989         34.3448         33.8918 
       0.227147         32.1294         31.8768 
        0.23329         30.5044         30.2415 
       0.239377         29.2707         28.9544 
       0.245482         28.0849         27.8967 
       0.251667         27.2898         26.9371 
       0.257832         26.2719         25.9796 
       0.263955         25.2822         24.9625 
       0.270079         24.2009         23.8703 
        0.27624         23.1838         22.7322 
       0.282372         22.0806         21.6225 
        0.28843         20.9846          20.605 
       0.294538         20.0819         19.6965 
       0.300721         19.3885         18.9051 
        0.30691         18.5935         18.2233 
       0.313033          18.006         17.6227 
       0.319153          17.296         17.0565 
       0.325316         16.9215         16.4901 
        0.33145         16.3108         15.9141 
       0.337538         15.7288          15.331 
       0.343633         15.1065         14.7487 
       0.349808          14.587         14.1785 
       0.355968         14.0591         13.6466 
       0.362074         13.5569          13.164 
       0.368217         13.1291         12.7253 
       0.374374         12.6762         12.3244 
       0.380519         12.3467          11.952 
       0.386598          12.013         11.5996 
       0.392688         11.6943         11.2529 
        0.39888         11.3201         10.9034 
       0.405048         10.9894         10.5586 
       0.411186         10.6637         10.2223 
       0.417313          10.303         9.89915 
       0.423458         10.0185         9.59198 
       0.429607         9.70165         9.30318 
       0.435692         9.42679         9.03615 
       0.441815         9.18436         8.78366 
       0.447964         8.98521         8.54237 
       0.454126          8.6943         8.30959 
       0.460267         8.48007         8.08428 
       0.466387         8.22849         7.86452 
        0.47254         8.03976         7.64832 
       0.478662         7.84854         7.43942 
       0.484765         7.61677         7.23865 
       0.490885          7.4252         7.04553 
       0.497035         7.29428         6.86009 
       0.503198         7.08801         6.68314 
       0.509342         6.92161         6.51478 
       0.515458         6.74616         6.35373 
       0.521598         6.59578         6.19732 
       0.527764         6.42227         6.04485 
       0.533884          6.3056         5.89787 
           0.54         6.14995         5.75519 
       0.546137         6.01853         5.61614 
       0.552299         5.88494         5.48088 
       0.558452         5.72154         5.35046 
       0.564573         5.61897         5.22551 
       0.570708         5.49593         5.10499 
       0.576825         5.35962         4.98913 
       0.582926         5.26285         4.87738 
       0.589034          5.1159         4.76886 
       0.595184         5.02236         4.66272 
       0.601379         4.91197          4.5589 
       0.607522         4.83164         4.45896 
       0.613639         4.75213         4.36239 
       0.619772         4.62319         4.26846 
       0.625918         4.55091         4.17716 
       0.632068         4.47332         4.08854 
       0.638161         4.36715         4.00335 
         0.6443         4.27768         3.92005 
       0.650464         4.18274         3.83891 
       0.656582         4.12511         3.76073 
       0.662703         4.04558         3.68474 
       0.668861         3.97954         3.61046 
       0.675024         3.89238         3.53818 
       0.681124         3.81302          3.4686 
       0.687237         3.75714         3.40074 
       0.693381         3.69017         3.33436 
       0.699536         3.59507         3.26963 
       0.705665          3.5399         3.20691 
       0.711789         3.48329         3.14591 
       0.717957         3.41538         3.08609 
        0.72409           3.357         3.02819 
       0.730186         3.29799         2.97216 
       0.736317         3.26232         2.91726 
       0.742472         3.20352         2.86357 
       0.748622         3.14031          2.8113 
        0.75476         3.07737         2.76046 
       0.760888         3.02869         2.71097 
       0.767043         2.99454          2.6625 
       0.773185          2.9308         2.61533 
       0.779291         2.89157         2.56957 
       0.785407         2.84233         2.52486 
       0.791564         2.79948         2.48093 
       0.797719         2.75848         2.43808 
       0.803834         2.71978         2.39653 
       0.809972         2.67644          2.3558 
       0.816124         2.62662         2.31593 
       0.822261         2.57965         2.27711 
       0.828378          2.5471         2.23929 
       0.834502         2.51822         2.20232 
       0.840667         2.46371         2.16594 
       0.846816         2.42692          2.1305 
       0.852925         2.40365         2.09607 
       0.859047         2.36711         2.06235 
       0.865192         2.33059         2.02926 
       0.871341         2.29863         1.99688 
       0.877463         2.27038         1.96536 
       0.883569         2.22849         1.93461 
       0.889708         2.19552         1.90436 
       0.895864         2.16662         1.87468 
       0.902008         2.13111         1.84571 
       0.908149          2.1055         1.81737 
       0.914301         2.06499         1.78958 
       0.920448         2.04059         1.76241 
       0.926574         2.01072          1.7359 
       0.932687         1.98449         1.70999 
       0.938823         1.96541         1.68452 
       0.944975         1.93633         1.65952 
       0.951105         1.91264         1.63512 
       0.957225         1.89461         1.61126 
       0.963368         1.86589         1.58779 
       0.969511         1.83717         1.56479 
       0.975621         1.80866         1.54238 
       0.981748         1.79288         1.52035 
       0.987916         1.76705         1.49861 
        0.99406         1.73954         1.47739 
        1.00019         1.72399         1.45662 
        1.00632         1.69709         1.43627 
        1.01246         1.67675         1.41628 
        1.01859         1.65837         1.39671 
        1.02471         1.63451         1.37753 
        1.03085         1.61902         1.35865 
        1.03698         1.59479         1.34017 
        1.04314         1.57837         1.32195 
        1.04929         1.55625         1.30412 
        1.05541         1.54007         1.28669 
        1.06154         1.51973         1.26954 
        1.06769         1.50211         1.25268 
        1.07382          1.4843         1.23618 
        1.07993         1.46168         1.22002 
        1.08607          1.4531         1.20408 
        1.09222         1.43165         1.18841 
        1.09836         1.42098         1.17304 
        1.10449         1.40361         1.15796 
        1.11063         1.38251         1.14313 
        1.11677         1.36554         1.12856 
         1.1229         1.35164         1.11428 
        1.12903         1.33454         1.10023 
        1.13518         1.32351         1.08642 
        1.14131         1.30487         1.07285 
        1.14745         1.28293         1.05952 
        1.15359         1.27581         1.04642 
        1.15973         1.25613         1.03353 
        1.16584         1.25121         1.02093 
        1.17197         1.23478         1.00851 
        1.17811         1.22257        0.996264 
        1.18424         1.21263        0.984258 
        1.19038         1.19528        0.972416 
        1.19652         1.18069        0.960774 
        1.20267           1.173        0.949324 
        1.20881         1.15576        0.938063 
        1.21495         1.14772        0.927004 
        1.22108         1.13529        0.916125 
         1.2272         1.12622        0.905448 
        1.23334          1.1113        0.894917 
        1.23949         1.09916        0.884529 
        1.24562         1.08979        0.874336 
        1.25174         1.07842         0.86432 
        1.25789         1.06829         0.85443 
        1.26402         1.05352        0.844715 
        1.27014         1.04357        0.835175 
        1.27628         1.03813        0.825754 
        1.28244         1.02218        0.816462 
        1.28858         1.01369        0.807326 
        1.29471         1.00507        0.798351 
        1.30084        0.993272        0.789521 
        1.30697         0.98413        0.780812 
        1.31312        0.970194        0.772223 
        1.31925        0.964637         0.76379 
        1.32537        0.956126        0.755493 
        1.33151        0.948098        0.747289 
        1.33765        0.937582        0.739213 
        1.34378        0.925885        0.731272 
        1.34992        0.921022        0.723443 
        1.35606        0.909548        0.715711 
         1.3622        0.902751        0.708107 
        1.36833        0.893304        0.700632 
        1.37445         0.88243        0.693269 
        1.38059        0.875247         0.68599 
        1.38675         0.87322        0.678798 
        1.39288        0.860862        0.671738 
        1.39901        0.853349        0.664782 
        1.40515        0.846173        0.657909 
         1.4113        0.837158        0.651137 
        1.41742        0.829661        0.644486 
        1.42355        0.826554        0.637916 
         1.4297        0.814813        0.631419 
        1.43585        0.808373        0.625014 
        1.44198        0.804922        0.618724 
        1.44809        0.793707        0.612532 
        1.45423        0.787535        0.606402 
        1.46036        0.780873        0.600368 
        1.46649        0.774211        0.594414 
        1.47263        0.766761        0.588536 
        1.47877        0.759323        0.582741 
        1.48491        0.753161        0.577015 
        1.49104        0.745678        0.571378 
        1.49718        0.741472        0.565812 
        1.50333        0.734232        0.560312 
        1.50947         0.72893        0.554897 
         1.5156        0.721665        0.549561 
        1.52172        0.715832        0.544295 
        1.52787        0.709105        0.539088 
          1.534        0.704564        0.533956 
        1.54013        0.696499        0.528896 
        1.54627        0.691207        0.523892 
        1.55241        0.685051        0.518953 
        1.55855        0.679209        0.514084 
        1.56467        0.676261        0.509292 
         1.5708        0.668284        0.504547 
        1.57695         0.66472        0.499856 
        1.58308        0.658817        0.495236 
        1.58922        0.653339         0.49067 
        1.59535        0.648009        0.486165 
         1.6015        0.642981         0.48171 
        1.60764        0.638441        0.477313 
        1.61376        0.631419        0.472983 
        1.61989        0.628064        0.468704 
        1.62604        0.622483        0.464468 
        1.63218        0.618935        0.460288 
        1.63831        0.613038        0.456168 
        1.64444        0.607949        0.452098 
        1.65059        0.603849        0.448068 
        1.65673        0.598562        0.444092 
        1.66285        0.594172        0.440175 
        1.66898        0.591008        0.436304 
        1.67512        0.584417        0.432472 
        1.68127        0.579941        0.428683 
         1.6874        0.577543        0.424948 
        1.69353        0.571734         0.42126 
        1.69967        0.567705        0.417606 
        1.70581        0.563518        0.413998 
        1.71193        0.559313        0.410446 
        1.71806        0.555086        0.406928 
        1.72421        0.551032        0.403445 
        1.73035        0.546191        0.400006 
        1.73649        0.543538        0.396609 
        1.74262         0.53934        0.393253 
        1.74876        0.534588        0.389934 
        1.75489        0.530646        0.386661 
        1.76101        0.526429        0.383426 
        1.76715          0.5229        0.380224 
        1.77329        0.519298        0.377054 
        1.77943        0.515095         0.37392 
        1.78557        0.511797        0.370826 
        1.79171        0.508553        0.367766 
        1.79785        0.504555        0.364741 
        1.80399        0.500901         0.36175 
        1.81012        0.497875        0.358797 
        1.81625        0.493945        0.355878 
        1.82239        0.491272        0.352987 
        1.82853        0.485726        0.350131 
        1.83466        0.483537        0.347308 
        1.84078        0.479388         0.34452 
        1.84692        0.477062        0.341758 
        1.85306        0.473897        0.339023 
         1.8592        0.470751        0.336322 
        1.86533        0.467641        0.333652 
        1.87147        0.464138        0.331008 
        1.87761         0.46143        0.328392 
        1.88375        0.456657        0.325807 
        1.88988        0.454799        0.323253 
        1.89601        0.451098        0.320725 
        1.90215         0.44865        0.318221 
        1.90829        0.445045        0.315746 
        1.91442         0.44227        0.313297 
        1.92056        0.439426        0.310876 
         1.9267        0.436045        0.308478 
        1.93284        0.433557        0.306104 
        1.93897        0.430797         0.30376 
        1.94509         0.42814        0.301445 
        1.95123        0.424578        0.299149 
        1.95737        0.422512        0.296875 
        1.96349        0.419197         0.29463 
        1.96964        0.416628        0.292402 
        1.97578        0.413677        0.290196 
        1.98192        0.412101        0.288018 
        1.98805        0.408969        0.285862 
        1.99419        0.406096        0.283727 
        2.00033        0.404112        0.281614 
        2.00647        0.401302        0.279523 
         2.0126        0.398318        0.277456 
        2.01874        0.396242        0.275407 
        2.02488        0.394078        0.273378 
        2.03101        0.390728        0.271372 
        2.03714        0.388128        0.269389 
        2.04328        0.386442        0.267423 
        2.04941        0.383876        0.265479 
        2.05554         0.38131        0.263555 
        2.06167        0.379344        0.261648 
        2.06781        0.375716        0.259759 
        2.07396        0.373549        0.257886 
        2.08009         0.37153        0.256036 
        2.08622        0.369451        0.254205 
        2.09237        0.368209        0.252389 
        2.09851        0.365734         0.25059 
        2.10464        0.363331        0.248812 
        2.11077        0.360836        0.247053 
        2.11691        0.358462        0.245307 
        2.12305        0.356413        0.243578 
        2.12918        0.354408         0.24187 
        2.13531        0.352038        0.240179 
        2.14145        0.350251        0.238499 
         2.1476        0.348096        0.236834 
        2.15372        0.346721        0.235192 
        2.15985        0.343855        0.233565 
        2.16599        0.341452        0.231949 
        2.17213        0.340081        0.230349 
        2.17827        0.338436        0.228765 
         2.1844        0.336611        0.227198 
        2.19054        0.334339        0.225644 
        2.19666        0.331793        0.224107 
         2.2028        0.330552        0.222584 
        2.20893        0.328682        0.221073 
        2.21508        0.326307        0.219575 
        2.22122        0.324071        0.218091 
        2.22736        0.322638        0.216623 
        2.23349         0.32117        0.215169 
        2.23962        0.319503        0.213728 
        2.24577        0.316723        0.212299 
         2.2519        0.315856        0.210885 
        2.25802        0.313497        0.209486 
        2.26417        0.311751        0.208095 
        2.27031        0.309884        0.206717 
        2.27644        0.308631        0.205354 
        2.28257        0.306619        0.204004 
        2.28872        0.305002        0.202664 
        2.29486        0.303123        0.201336 
        2.30099        0.301604        0.200023 
        2.30712        0.300324        0.198721 
        2.31326        0.298074        0.197428 
         2.3194        0.297795        0.196147 
        2.32553        0.295951        0.194881 
        2.33166        0.294215        0.193625 
         2.3378        0.292661        0.192379 
        2.34394        0.290063        0.191144 
        2.35007        0.288921        0.189922 
        2.35619        0.287328        0.188711 
        2.36233        0.285244        0.187508 
        2.36848        0.284383        0.186314 
        2.37462        0.282524        0.185132 
        2.38075        0.281785        0.183961 
        2.38689        0.279735          0.1828 
        2.39303        0.278887        0.181649 
        2.39916        0.276543        0.180509 
        2.40529        0.275357        0.179379 
        2.41143        0.274165        0.178258 
        2.41757        0.272564        0.177146 
         2.4237        0.271225        0.176045 
        2.42983        0.269814        0.174954 
        2.43598        0.268923        0.173869 
        2.44211        0.267344        0.172795 
        2.44823        0.266323        0.171733 
        2.45437        0.263984        0.170677 
        2.46052        0.263417        0.169628 
        2.46665        0.261691        0.168591 
        2.47279        0.260285        0.167562 
        2.47892        0.258983        0.166541 
        2.48507        0.257753        0.165528 
         2.4912        0.256623        0.164526 
        2.49733        0.255547        0.163532 
        2.50347         0.25419        0.162544 
        2.50961        0.252642        0.161565 
        2.51575        0.251261        0.160594 
        2.52188        0.250392        0.159633 
        2.52802        0.248806        0.158678 
        2.53416        0.247741        0.157731 
        2.54029        0.246349        0.156793 
        2.54641        0.245635        0.155863 
        2.55255        0.244018         0.15494 
        2.55869        0.243046        0.154023 
        2.56483         0.24166        0.153115 
        2.57096        0.240935        0.152214 
        2.57709        0.239815        0.151321 
        2.58323        0.238368        0.150434 
        2.58937        0.236578        0.149554 
        2.59551        0.236527        0.148682 
        2.60164        0.234488        0.147818 
        2.60778        0.234165        0.146959 
        2.61392         0.23266        0.146107 
        2.62006        0.231575        0.145262 
        2.62619        0.230572        0.144425 
        2.63232        0.229438        0.143595 
        2.63846        0.228322         0.14277 
        2.64459        0.227723        0.141952 
        2.65072        0.226308        0.141141 
        2.65686        0.225668        0.140336 
          2.663        0.224439        0.139536 
        2.66915         0.22351        0.138743 
        2.67527        0.222387        0.137957 
        2.68141        0.221315        0.137177 
        2.68755        0.220054        0.136402 
        2.69368        0.219337        0.135634 
        2.69981        0.218269        0.134873 
        2.70595        0.217322        0.134116 
        2.71209        0.216717        0.133365 
        2.71823         0.21515        0.132621 
        2.72436        0.214548        0.131882 
         2.7305        0.213851        0.131149 
        2.73663        0.212898        0.130421 
        2.74276        0.211699        0.129699 
         2.7489        0.211085        0.128983 
        2.75504        0.209812        0.128271 
        2.76118        0.209226        0.127564 
        2.76732        0.208027        0.126864 
        2.77345         0.20731        0.126169 
        2.77959        0.206412        0.125479 
        2.78572        0.205601        0.124794 
        2.79186        0.204633        0.124115 
        2.79798        0.204182        0.123442 
        2.80412        0.203213        0.122772 
        2.81027        0.202185        0.122107 
         2.8164         0.20144        0.121448 
        2.82253        0.200004        0.120793 
        2.82867        0.199472        0.120144 
        2.83481        0.198886        0.119499 
        2.84095        0.197763        0.118858 
        2.84708        0.197112        0.118223 
        2.85322        0.196703        0.117592 
        2.85935        0.195598        0.116966 
        2.86549        0.194711        0.116345 
        2.87162        0.193737        0.115728 
        2.87776        0.193362        0.115116 
        2.88389        0.192356        0.114508 
        2.89003        0.191812        0.113905 
        2.89617        0.190895        0.113305 
        2.90231        0.190383         0.11271 
        2.90844         0.18967         0.11212 
        2.91458        0.188918        0.111534 
        2.92071        0.188285        0.110952 
        2.92684        0.187256        0.110375 
        2.93298        0.186568        0.109801 
         2.9391        0.186068        0.109233 
        2.94524        0.185135        0.108667 
        2.95138        0.184578        0.108106 
        2.95752        0.183742        0.107548 
        2.96367        0.183123        0.106993 
         2.9698         0.18256        0.106444 
        2.97594        0.181838        0.105898 
        2.98207        0.180809        0.105356 
        2.98821        0.180249        0.104818 
        2.99434        0.179795        0.104284 
        3.00048         0.17903        0.103754 
        3.00662        0.178341        0.103227 
        3.01275        0.177835        0.102704 
        3.01888        0.177168        0.102185 
        3.02503        0.176502        0.101668 
        3.03117        0.175944        0.101156 
        3.03729        0.175268        0.100648 
        3.04342        0.174649        0.100143 
        3.04957        0.174035       0.0996408 
         3.0557        0.173484       0.0991425 
        3.06183        0.172421       0.0986486 
        3.06796        0.172221       0.0981574 
        3.07411        0.171801       0.0976685 
        3.08025        0.171307       0.0971839 
        3.08637        0.170614       0.0967033 
         3.0925        0.169992       0.0962254 
        3.09865        0.169469       0.0957497 
         3.1048        0.168734       0.0952775 
        3.11093         0.16808       0.0948093 
        3.11706        0.167834       0.0943444 
         3.1232        0.167197       0.0938822 
        3.12933        0.166756       0.0934231 
        3.13547        0.166151       0.0929673 
        3.14159        0.165153       0.0925152 
        3.14773        0.164942       0.0920652 
        3.15388        0.164418       0.0916177 
        3.16001        0.164479       0.0911741 
        3.16614        0.163754       0.0907336 
        3.17228        0.163025       0.0902956 
        3.17842        0.162628       0.0898606 
        3.18455        0.162054       0.0894287 
        3.19068        0.161589       0.0889997 
        3.19682        0.161265        0.088573 
        3.20297        0.160829        0.088149 
         3.2091        0.160221       0.0877282 
        3.21524        0.159686       0.0873101 
        3.22138        0.159142       0.0868948 
         3.2275        0.158971       0.0864828 
        3.23363        0.158634       0.0860734 
        3.23977        0.157926       0.0856662 
        3.24591        0.157752       0.0852616 
        3.25205        0.157429       0.0848593 
        3.25818        0.156705         0.08446 
        3.26432        0.156404       0.0840633 
        3.27046        0.156092       0.0836691 
         3.2766        0.155668       0.0832774 
        3.28273        0.155024       0.0828884 
        3.28887        0.154658       0.0825019 
          3.295        0.154321       0.0821179 
        3.30113        0.154088       0.0817364 
        3.30727        0.153579       0.0813571 
        3.31341         0.15327       0.0809805 
        3.31954        0.152839       0.0806064 
        3.32568        0.152594       0.0802342 
        3.33182        0.152307       0.0798645 
        3.33795        0.152068       0.0794975 
        3.34409        0.151786       0.0791323 
        3.35022        0.151498       0.0787696 
        3.35636        0.151139       0.0784094 
         3.3625        0.151035       0.0780511 
        3.36864        0.150927       0.0776951 
        3.37477         0.15026       0.0773415 
        3.38091        0.150005       0.0769902 
        3.38704        0.149656       0.0766412 
        3.39318        0.149612       0.0762941 
        3.39931        0.149514       0.0759491 
        3.40545        0.149032       0.0756065 
        3.41158        0.148762       0.0752659 
        3.41772        0.148718       0.0749274 
        3.42385        0.148233       0.0745913 
        3.42998        0.148356       0.0742571 
        3.43612        0.147978        0.073925 
        3.44226        0.147992       0.0735946 
         3.4484         0.14774       0.0732659 
        3.45453        0.147378         0.07294 
        3.46066        0.147366       0.0726161 
        3.46681        0.147173       0.0722934 
        3.47295        0.147045       0.0719728 
        3.47908        0.146839        0.071655 
        3.48521        0.146712       0.0713389 
        3.49135        0.146707       0.0710242 
        3.49749         0.14623       0.0707117 
        3.50362        0.146382       0.0704011 
        3.50976        0.146418       0.0700925 
        3.51589        0.146243       0.0697856 
        3.52203        0.145938       0.0694805 
        3.52816        0.146032       0.0691778 
        3.53429        0.145899       0.0688765 
        3.54043        0.145821       0.0685766 
        3.54657        0.145795       0.0682786 
        3.55271        0.145789       0.0679827 
        3.55884          0.1459       0.0676888 
        3.56498        0.145599       0.0673961 
        3.57112        0.145867       0.0671051 
        3.57725        0.145737       0.0668162 
        3.58338        0.145644       0.0665292 
        3.58952        0.145769       0.0662436 
        3.59566        0.145743       0.0659593 
         3.6018        0.145579       0.0656771 
        3.60793        0.145857       0.0653966 
        3.61407        0.145811       0.0651179 
        3.62021        0.145933       0.0648405 
        3.62634        0.145991       0.0645649 
        3.63247        0.146129        0.064291 
        3.63861        0.146009       0.0640186 
        3.64475        0.146284       0.0637474 
        3.65089        0.146307       0.0634782 
        3.65702        0.146321       0.0632107 
        3.66316         0.14641       0.0629445 
        3.66929        0.146568         0.06268 
        3.67543        0.146915       0.0624169 
        3.68156        0.146905       0.0621555 
        3.68769        0.147009       0.0618955 
        3.69383        0.147224       0.0616368 
        3.69997        0.147413       0.0613797 
        3.70611        0.147717       0.0611241 
        3.71224        0.147697       0.0608699 
        3.71838          0.1478       0.0606172 
        3.72451        0.148191       0.0603661 
        3.73065        0.148359       0.0601165 
        3.73678        0.148439       0.0598682 
        3.74292        0.148565        0.059621 
        3.74906        0.149055       0.0593754 
        3.75519        0.149268       0.0591313 
        3.76133        0.149327       0.0588885 
        3.76746        0.149935       0.0586472 
         3.7736        0.150058       0.0584072 
        3.77974        0.150625       0.0581684 
        3.78588        0.150554       0.0579309 
        3.79201        0.151011       0.0576949 
        3.79814         0.15123       0.0574603 
        3.80428        0.151818       0.0572269 
        3.81042        0.152268       0.0569947 
        3.81655        0.152267       0.0567639 
        3.82268        0.152893       0.0565346 
        3.82882        0.153163       0.0563064 
        3.83496        0.153589       0.0560793 
        3.84109        0.154012       0.0558535 
        3.84723        0.154571       0.0556291 
        3.85337        0.154677       0.0554056 
        3.85951        0.155174       0.0551834 
        3.86565        0.155529       0.0549626 
        3.87178        0.156221       0.0547433 
        3.87791        0.156504        0.054525 
        3.88405         0.15705       0.0543077 
        3.89019        0.157445       0.0540917 
        3.89632        0.158016        0.053877 
        3.90246        0.158702       0.0536633 
         3.9086        0.159039       0.0534507 
        3.91473        0.159588       0.0532396 
        3.92086        0.160187       0.0530297 
        3.92699        0.160715       0.0528207 
        3.93313         0.16135       0.0526126 
        3.93927        0.161872       0.0524059 
         3.9454         0.16265       0.0522003 
        3.95154        0.163164       0.0519957 
        3.95768        0.163564       0.0517922 
        3.96382        0.164483       0.0515898 
        3.96995        0.165267       0.0513885 
        3.97609        0.165674       0.0511884 
        3.98222        0.166634       0.0509894 
        3.98836        0.167052       0.0507914 
         3.9945        0.167791       0.0505944 
        4.00063        0.168304       0.0503985 
        4.00677        0.169136       0.0502035 
        4.01291        0.170029       0.0500096 
        4.01904        0.170454        0.049817 
        4.02517         0.17152       0.0496254 
        4.03131        0.172148       0.0494345 
        4.03745        0.172991       0.0492446 
        4.04358        0.173668       0.0490559 
        4.04972        0.174511       0.0488682 
        4.05585        0.175667       0.0486814 
        4.06199        0.176486       0.0484956 
        4.06812        0.176945       0.0483108 
        4.07426        0.178167        0.048127 
         4.0804        0.178853        0.047944 
        4.08654         0.17963        0.047762 
        4.09267        0.180748       0.0475811 
         4.0988        0.181703       0.0474013 
        4.10494        0.183138       0.0472222 
        4.11108        0.183244       0.0470439 
        4.11721        0.184666       0.0468668 
        4.12334        0.185541       0.0466906 
        4.12948        0.186754       0.0465152 
        4.13561        0.187695       0.0463407 
        4.14176        0.188604       0.0461669 
        4.14789         0.18997       0.0459941 
        4.15403        0.191159       0.0458224 
        4.16016        0.191971       0.0456514 
         4.1663        0.193346       0.0454813 
        4.17243        0.194262       0.0453123 
        4.17857        0.195471       0.0451439 
        4.18471        0.196604       0.0449764 
        4.19084        0.197911       0.0448098 
        4.19698        0.199076        0.044644 
        4.20312        0.200563        0.044479 
        4.20925         0.20158        0.044315 
        4.21538        0.202732       0.0441519 
        4.22152        0.204401       0.0439894 
        4.22766        0.205277       0.0438277 
         4.2338        0.206516       0.0436669 
        4.23993        0.208145        0.043507 
        4.24607        0.209273       0.0433478 
         4.2522        0.210716       0.0431894 
        4.25834        0.212497       0.0430318 
        4.26447        0.213487       0.0428751 
        4.27061         0.21525       0.0427192 
        4.27674        0.216386       0.0425639 
        4.28288        0.218195       0.0424094 
        4.28902        0.219547       0.0422557 
        4.29515        0.221103       0.0421028 
        4.30129        0.222645       0.0419507 
        4.30743        0.224125       0.0417992 
        4.31356        0.226116       0.0416485 
        4.31969         0.22725       0.0414988 
        4.32583        0.228978       0.0413497 
        4.33197        0.229978        0.041201 
         4.3381        0.232265       0.0410533 
        4.34424        0.233517       0.0409064 
        4.35038        0.235996         0.04076 
        4.35652        0.237013       0.0406144 
        4.36265        0.239217       0.0404697 
        4.36878        0.240783       0.0403257 
        4.37492        0.242301       0.0401822 
        4.38106        0.244954       0.0400393 
        4.38719        0.246714       0.0398975 
        4.39333        0.248188       0.0397563 
        4.39946        0.250686       0.0396156 
         4.4056        0.252122       0.0394757 
        4.41173        0.253455       0.0393364 
        4.41786        0.255659        0.039198 
          4.424        0.257375       0.0390601 
        4.43014         0.25994       0.0389227 
        4.43628        0.261708        0.038786 
        4.44241        0.264429       0.0386501 
        4.44855        0.266657       0.0385148 
        4.45469        0.268399       0.0383801 
        4.46083        0.270705       0.0382462 
        4.46696         0.27309        0.038113 
        4.47309        0.274174       0.0379802 
        4.47923        0.277547       0.0378481 
        4.48537        0.279564       0.0377168 
         4.4915        0.282124        0.037586 
        4.49764        0.284569       0.0374557 
        4.50378        0.286489       0.0373261 
        4.50991        0.288869       0.0371973 
        4.51604        0.290778       0.0370691 
        4.52218        0.293746       0.0369412 
        4.52832        0.296699       0.0368141 
        4.53445        0.299407       0.0366877 
        4.54059        0.301515       0.0365618 
        4.54673        0.303656       0.0364364 
        4.55286        0.306959       0.0363116 
          4.559        0.309201       0.0361875 
        4.56513        0.312304        0.036064 
        4.57127        0.314666        0.035941 
        4.57741         0.31765       0.0358186 
        4.58354        0.319975       0.0356968 
        4.58968        0.322125       0.0355755 
        4.59582        0.325768       0.0354548 
        4.60195        0.328483       0.0353347 
        4.60809        0.332044       0.0352152 
        4.61422        0.334172       0.0350962 
        4.62036        0.337252       0.0349777 
        4.62649        0.340992       0.0348598 
        4.63263        0.343398       0.0347425 
        4.63876        0.346042       0.0346256 
         4.6449        0.348951       0.0345093 
        4.65104        0.351354       0.0343936 
        4.65717        0.355018       0.0342784 
        4.66331        0.359236       0.0341638 
        4.66944        0.363336       0.0340496 
        4.67558         0.36625       0.0339361 
        4.68171        0.369851       0.0338229 
        4.68785        0.371611       0.0337103 
        4.69399        0.376159       0.0335982 
        4.70012        0.380365       0.0334868 
        4.70625        0.383879       0.0333757 
        4.71239         0.38653       0.0332651 
        4.71853        0.389752       0.0331551 
        4.72467         0.39455       0.0330455 
         4.7308        0.397249       0.0329365 
        4.73694        0.400669       0.0328279 
        4.74308        0.404298       0.0327198 
        4.74922        0.409582       0.0326122 
        4.75535        0.411968       0.0325052 
        4.76148        0.416227       0.0323987 
        4.76762        0.420613       0.0322924 
        4.77376        0.423826       0.0321868 
        4.77989        0.428498       0.0320817 
        4.78602        0.433113        0.031977 
        4.79216        0.435688       0.0318727 
         4.7983         0.44119        0.031769 
        4.80443        0.445923       0.0316658 
        4.81056        0.448762       0.0315629 
         4.8167        0.452978       0.0314605 
        4.82284        0.457735       0.0313585 
        4.82898        0.461807        0.031257 
        4.83511        0.466048       0.0311561 
        4.84125        0.470045       0.0310554 
        4.84739        0.476394       0.0309553 
        4.85352        0.480729       0.0308557 
        4.85965        0.485161       0.0307564 
        4.86579        0.488737       0.0306576 
        4.87193        0.495171       0.0305592 
        4.87807        0.499714       0.0304613 
         4.8842        0.504049       0.0303638 
        4.89034        0.508558       0.0302667 
        4.89647        0.514107         0.03017 
        4.90261        0.518317       0.0300738 
        4.90874        0.524215       0.0299781 
        4.91488        0.529335       0.0298827 
        4.92102        0.532584       0.0297877 
        4.92715        0.539367       0.0296931 
        4.93329        0.544336        0.029599 
        4.93942         0.55034       0.0295052 
        4.94556        0.554828       0.0294119 
         4.9517        0.560744       0.0293189 
        4.95783        0.566354       0.0292264 
        4.96397        0.573241       0.0291343 
        4.97011        0.576497       0.0290426 
        4.97624        0.583449       0.0289513 
        4.98238        0.587367       0.0288604 
        4.98851        0.594342       0.0287699 
        4.99465        0.600324       0.0286797 
        5.00078        0.605827         0.02859 
        5.00691        0.612931       0.0285007 
        5.01305        0.618933       0.0284117 
        5.01919        0.623673        0.028323 
        5.02533         0.62953       0.0282347 
        5.03146        0.635344        0.028147 
         5.0376        0.642233       0.0280595 
        5.04374        0.650987       0.0279724 
        5.04987        0.654577       0.0278856 
        5.05601        0.663662       0.0277993 
        5.06215        0.668473       0.0277133 
        5.06829        0.674576       0.0276276 
        5.07442        0.683927       0.0275424 
        5.08055        0.689287       0.0274576 
        5.08668        0.693328        0.027373 
        5.09282         0.70099       0.0272888 
        5.09896        0.706699        0.027205 
        5.10509        0.714918       0.0271216 
        5.11123        0.722389       0.0270384 
        5.11736         0.72931       0.0269557 
         5.1235        0.738959       0.0268732 
        5.12964         0.74464       0.0267911 
        5.13577         0.75072       0.0267094 
        5.14191        0.760538        0.026628 
        5.14804        0.764638        0.026547 
        5.15418        0.772566       0.0264663 
        5.16032        0.781175       0.0263859 
        5.16645        0.787019       0.0263058 
        5.17259        0.796828       0.0262262 
        5.17872        0.806251       0.0261468 
        5.18486        0.814849       0.0260677 
          5.191          0.8168        0.025989 
        5.19713        0.828617       0.0259106 
        5.20327        0.834361       0.0258326 
        5.20941         0.84519       0.0257548 
        5.21555        0.852677       0.0256773 
        5.22168        0.860206       0.0256002 
        5.22781        0.866905       0.0255235 
        5.23395        0.874528        0.025447 
        5.24009        0.885871       0.0253708 
        5.24622        0.893766        0.025295 
        5.25236        0.903526       0.0252195 
         5.2585        0.910614       0.0251442 
        5.26463          0.9214       0.0250693 
        5.27077        0.926543       0.0249947 
         5.2769        0.937129       0.0249205 
        5.28304        0.943774       0.0248465 
        5.28917         0.95428       0.0247728 
         5.2953        0.962159       0.0246994 
        5.30144        0.972069       0.0246264 
        5.30757         0.98209       0.0245535 
        5.31371         0.99049        0.024481 
        5.31985         1.00127       0.0244088 
        5.32599         1.00643       0.0243368 
        5.33213         1.01672       0.0242651 
        5.33826         1.02773       0.0241938 
         5.3444         1.03546       0.0241228 
        5.35053         1.04542        0.024052 
        5.35667         1.05657       0.0239815 
        5.36281         1.06518       0.0239113 
        5.36894         1.07844       0.0238413 
        5.37507         1.08477       0.0237717 
        5.38121         1.09318       0.0237023 
        5.38735         1.10511       0.0236332 
        5.39348         1.11403       0.0235645 
        5.39961         1.12415        0.023496 
        5.40575         1.13151       0.0234277 
        5.41189         1.14493       0.0233596 
        5.41803         1.15092       0.0232919 
        5.42416         1.16799       0.0232245 
         5.4303         1.17228       0.0231573 
        5.43644         1.18634       0.0230903 
        5.44257         1.19109       0.0230237 
        5.44871         1.20611       0.0229573 
        5.45484         1.21651       0.0228912 
        5.46098         1.22767       0.0228253 
        5.46712         1.23602       0.0227596 
        5.47325         1.24853       0.0226943 
        5.47938         1.25978       0.0226293 
        5.48552          1.2662       0.0225645 
        5.49165         1.28028       0.0224999 
        5.49779         1.28729       0.0224355 
        5.50393         1.29823       0.0223714 
        5.51006         1.31236       0.0223076 
         5.5162         1.32044        0.022244 
        5.52234         1.33555       0.0221807 
        5.52847          1.3462       0.0221176 
        5.53461         1.35317       0.0220547 
        5.54075         1.37166       0.0219922 
        5.54688         1.37476       0.0219298 
        5.55302         1.38889       0.0218677 
        5.55915         1.39564       0.0218058 
        5.56529         1.40966       0.0217442 
        5.57143         1.41519       0.0216828 
        5.57756         1.43328       0.0216217 
         5.5837         1.44487       0.0215608 
        5.58983         1.44277       0.0215001 
        5.59597         1.46415       0.0214397 
         5.6021         1.47834       0.0213795 
        5.60824         1.48446       0.0213195 
        5.61438         1.49609       0.0212598 
        5.62051         1.51158       0.0212003 
        5.62665         1.51937        0.021141 
        5.63278         1.52733       0.0210819 
        5.63892         1.54092       0.0210231 
        5.64505         1.55569       0.0209645 
        5.65119         1.56164       0.0209062 
        5.65733         1.57595        0.020848 
        5.66346         1.58842       0.0207901 
         5.6696         1.59614       0.0207324 
        5.67573         1.61182       0.0206749 
        5.68187         1.61828       0.0206176 
          5.688         1.63499       0.0205606 
        5.69414         1.64512       0.0205038 
        5.70028         1.65582       0.0204471 
        5.70642         1.66608       0.0203907 
        5.71255         1.68157       0.0203345 
        5.71869           1.692       0.0202786 
        5.72482          1.6966       0.0202228 
        5.73096         1.71392       0.0201673 
        5.73709         1.71957        0.020112 
        5.74322         1.73215       0.0200569 
        5.74936         1.73619       0.0200019 
         5.7555         1.75882       0.0199472 
        5.76164         1.76907       0.0198927 
        5.76777          1.7724       0.0198384 
        5.77391         1.78693       0.0197843 
        5.78005         1.79978       0.0197303 
        5.78618         1.80304       0.0196767 
        5.79231         1.81561       0.0196232 
        5.79845         1.83189       0.0195699 
        5.80459         1.84108       0.0195168 
        5.81073         1.85522       0.0194639 
        5.81686         1.86506       0.0194112 
          5.823         1.86657       0.0193587 
        5.82914         1.87881       0.0193064 
        5.83527         1.89368       0.0192543 
         5.8414         1.90492       0.0192024 
        5.84754         1.90638       0.0191507 
        5.85368         1.92721       0.0190991 
        5.85981         1.92893       0.0190478 
        5.86595         1.93623       0.0189967 
        5.87208          1.9459       0.0189457 
        5.87822         1.96981        0.018895 
        5.88435         1.97058       0.0188444 
        5.89049         1.98344        0.018794 
        5.89662         1.98989       0.0187438 
        5.90276         2.00152       0.0186938 
         5.9089          2.0114       0.0186439 
        5.91503         2.02516       0.0185943 
        5.92117         2.02585       0.0185448 
        5.92731          2.0423       0.0184955 
        5.93344         2.04529       0.0184464 
        5.93958         2.06037       0.0183975 
        5.94572         2.06764       0.0183487 
        5.95186         2.07972       0.0183001 
        5.95799         2.08795       0.0182518 
        5.96412         2.08989       0.0182036 
        5.97026         2.09919       0.0181555 
         5.9764         2.11144       0.0181076 
        5.98253         2.11603         0.01806 
        5.98866         2.12658       0.0180125 
         5.9948         2.13131       0.0179651 
        6.00094         2.14981       0.0179179 
        6.00707         2.14914       0.0178709 
        6.01321         2.15495       0.0178241 
        6.01935         2.16864       0.0177774 
        6.02548          2.1765       0.0177309 
        6.03162         2.18142       0.0176846 
        6.03775         2.19571       0.0176385 
        6.04389         2.20617       0.0175925 
        6.05003         2.20948       0.0175466 
        6.05617         2.21809       0.0175009 
         6.0623         2.22251       0.0174554 
        6.06844         2.23903       0.0174101 
        6.07457         2.23935       0.0173649 
         6.0807         2.23884       0.0173199 
        6.08684         2.24704       0.0172751 
        6.09298          2.2553       0.0172304 
        6.09912         2.26601       0.0171858 
        6.10525         2.26877       0.0171415 
        6.11138          2.2742       0.0170973 
        6.11752         2.29371       0.0170532 
        6.12366         2.29445       0.0170093 
        6.12979         2.29727       0.0169656 
        6.13593         2.29841        0.016922 
        6.14207         2.30212       0.0168785 
         6.1482         2.30864       0.0168352 
        6.15434         2.32712       0.0167921 
        6.16047         2.32216       0.0167491 
        6.16661         2.32678       0.0167063 
        6.17274         2.34075       0.0166636 
        6.17887         2.33529       0.0166211 
        6.18501         2.34241       0.0165787 
        6.19115         2.35274       0.0165365 
        6.19729         2.35641       0.0164944 
        6.20342         2.35423       0.0164524 
        6.20956         2.35873       0.0164107 
         6.2157         2.36965        0.016369 
        6.22183         2.36856       0.0163275 
        6.22797         2.37803       0.0162861 
         6.2341         2.37871       0.0162449 
        6.24024         2.37634       0.0162039 
        6.24638         2.38266       0.0161629 
        6.25251         2.39057       0.0161221 
        6.25865          2.3793       0.0160815 
        6.26478         2.39555        0.016041 
        6.27092         2.38817       0.0160006 
        6.27705         2.40231       0.0159604 
        6.28318         2.28914       0.0159204 
