# k  (h/Mpc)    P(k)  (Mpc/h)^3    P_linear(k)  (Mpc/h)^3
     0.00783031         293.358         301.753 
       0.013688         363.107         371.283 
       0.019231         367.259          374.22 
      0.0249154         336.989         344.105 
      0.0312784          291.21          296.19 
      0.0375637         247.555         251.163 
      0.0433917         214.891         218.367 
      0.0492413         192.132         194.969 
      0.0555754         174.746         177.874 
      0.0619321         163.089         165.296 
       0.067871         151.607         154.336 
      0.0738098         139.677         142.223 
      0.0800417         125.513         127.944 
      0.0862327         111.361         113.223 
      0.0921407         98.6388          100.16 
      0.0982031         87.5349         88.9652 
       0.104506         79.3046         80.2492 
       0.110769           73.37         74.3008 
       0.116806         69.2257         70.3737 
       0.122832         66.3269         67.2834 
       0.129052         62.9625         64.0788 
       0.135211         59.2713         60.3461 
       0.141259         55.2183         56.0591 
       0.147318         50.8205         51.4409 
       0.153489         46.2548         46.8804 
       0.159709         42.3403         42.8731 
       0.165845         39.4414         39.7375 
       0.171974         36.9528           37.42 
       0.178125           35.32         35.7279 
       0.184229         34.0486         34.3956 
        0.19034          32.617         33.1248 
       0.196428         31.3421         31.7205 
       0.202534          29.886         30.0993 
       0.208729         28.0192           28.29 
       0.214876         26.1652         26.4661 
       0.220989         24.6436         24.7731 
       0.227147         23.0672         23.3002 
        0.23329         21.8952         22.1049 
       0.239377         20.9983          21.164 
       0.245482         20.1648         20.3909 
       0.251667         19.5749         19.6895 
       0.257832         18.8441         18.9895 
       0.263955         18.1328          18.246 
       0.270079         17.3535         17.4477 
        0.27624         16.6076         16.6159 
       0.282372         15.8125         15.8047 
        0.28843          15.029          15.061 
       0.294538         14.3804         14.3969 
       0.300721         13.8711         13.8185 
        0.30691          13.309           13.32 
       0.313033         12.8861          12.881 
       0.319153         12.3902         12.4672 
       0.325316         12.1037         12.0532 
        0.33145         11.6694         11.6321 
       0.337538         11.2466         11.2059 
       0.343633         10.8021         10.7803 
       0.349808         10.4242         10.3635 
       0.355968         10.0436         9.97473 
       0.362074         9.68317         9.62197 
       0.368217         9.37459         9.30131 
       0.374374         9.05155         9.00829 
       0.380519         8.81201         8.73608 
       0.386598         8.57191         8.47851 
       0.392688         8.33934         8.22508 
        0.39888         8.07208         7.96959 
       0.405048         7.83123          7.7176 
       0.411186         7.59564         7.47177 
       0.417313         7.34086         7.23556 
       0.423458         7.13593         7.01106 
       0.429607         6.90814         6.79993 
       0.435692         6.71293         6.60479 
       0.441815         6.53631         6.42022 
       0.447964         6.38906         6.24386 
       0.454126         6.18695          6.0737 
       0.460267         6.02953         5.90901 
       0.466387         5.85359         5.74839 
        0.47254         5.71289         5.59037 
       0.478662         5.57277         5.43767 
       0.484765         5.41028         5.29092 
       0.490885         5.27332         5.14977 
       0.497035         5.17397         5.01421 
       0.503198         5.02749         4.88489 
       0.509342         4.90994         4.76182 
       0.515458         4.78441          4.6441 
       0.521598         4.67464         4.52979 
       0.527764         4.55054         4.41833 
       0.533884         4.46587          4.3109 
           0.54         4.35446         4.20662 
       0.546137         4.25936         4.10498 
       0.552299         4.16176         4.00611 
       0.558452          4.0496         3.91079 
       0.564573         3.97254         3.81945 
       0.570708         3.88415         3.73137 
       0.576825         3.78929         3.64668 
       0.582926          3.7191           3.565 
       0.589034         3.61631         3.48568 
       0.595184         3.54748         3.40809 
       0.601379         3.46983         3.33221 
       0.607522         3.40996         3.25917 
       0.613639         3.35121         3.18858 
       0.619772         3.26167         3.11992 
       0.625918         3.20602         3.05319 
       0.632068         3.14986         2.98842 
       0.638161         3.07639         2.92615 
         0.6443         3.01346         2.86526 
       0.650464         2.94589         2.80596 
       0.656582         2.90114         2.74881 
       0.662703         2.84484         2.69327 
       0.668861         2.79849         2.63897 
       0.675024         2.73675         2.58614 
       0.681124         2.67942         2.53529 
       0.687237         2.63922         2.48568 
       0.693381         2.59117         2.43716 
       0.699536         2.52586         2.38985 
       0.705665         2.48483         2.34401 
       0.711789         2.44495         2.29942 
       0.717957         2.39613          2.2557 
        0.72409         2.35499         2.21338 
       0.730186         2.31177         2.17242 
       0.736317         2.28533          2.1323 
       0.742472         2.24276         2.09305 
       0.748622          2.1984         2.05484 
        0.75476         2.15525         2.01768 
       0.760888         2.11897         1.98151 
       0.767043         2.09516         1.94608 
       0.773185         2.05046          1.9116 
       0.779291         2.02053         1.87816 
       0.785407         1.98628         1.84548 
       0.791564         1.95573         1.81337 
       0.797719         1.92699         1.78205 
       0.803834         1.89804         1.75168 
       0.809972         1.86615         1.72191 
       0.816124         1.83215         1.69277 
       0.822261         1.79953         1.66439 
       0.828378         1.77617         1.63675 
       0.834502         1.75415         1.60972 
       0.840667         1.71656         1.58314 
       0.846816         1.69105         1.55723 
       0.852925         1.67365         1.53207 
       0.859047         1.64763         1.50742 
       0.865192         1.62028         1.48323 
       0.871341         1.59688         1.45957 
       0.877463         1.57815         1.43653 
       0.883569         1.54903         1.41405 
       0.889708         1.52594         1.39194 
       0.895864         1.50488         1.37025 
       0.902008         1.47979         1.34907 
       0.908149         1.46081         1.32836 
       0.914301         1.43253         1.30805 
       0.920448         1.41544         1.28818 
       0.926574         1.39447         1.26881 
       0.932687         1.37509         1.24987 
       0.938823         1.36209         1.23126 
       0.944975         1.34124         1.21298 
       0.951105         1.32435         1.19515 
       0.957225         1.31019          1.1777 
       0.963368         1.29027         1.16055 
       0.969511         1.27024         1.14374 
       0.975621         1.25038         1.12736 
       0.981748         1.23935         1.11126 
       0.987916         1.22091         1.09537 
        0.99406         1.20225         1.07986 
        1.00019         1.19112         1.06467 
        1.00632         1.17105          1.0498 
        1.01246         1.15643         1.03519 
        1.01859         1.14377         1.02088 
        1.02471         1.12721         1.00687 
        1.03085         1.11681         0.99307 
        1.03698         1.09937         0.97956 
        1.04314         1.08736        0.966246 
        1.04929         1.07171        0.953213 
        1.05541         1.06066        0.940473 
        1.06154         1.04578        0.927937 
        1.06769          1.0325        0.915612 
        1.07382         1.02078        0.903552 
        1.07993         1.00522        0.891738 
        1.08607        0.998624        0.880087 
        1.09222        0.983411        0.868634 
        1.09836        0.975756        0.857399 
        1.10449        0.963554        0.846377 
        1.11063        0.948709        0.835537 
        1.11677        0.936453        0.824893 
         1.1229        0.927019        0.814453 
        1.12903        0.915029        0.804186 
        1.13518        0.906921        0.794088 
        1.14131         0.89434        0.784171 
        1.14745        0.879169        0.774429 
        1.15359        0.873689        0.764852 
        1.15973        0.860361        0.755434 
        1.16584        0.856093        0.746218 
        1.17197        0.844717        0.737143 
        1.17811        0.836163        0.728192 
        1.18424        0.829017        0.719417 
        1.19038        0.816977        0.710761 
        1.19652        0.806196        0.702252 
        1.20267        0.801004        0.693883 
        1.20881        0.789478        0.685652 
        1.21495        0.783496        0.677569 
        1.22108        0.774455        0.669617 
         1.2272        0.767766        0.661813 
        1.23334        0.757862        0.654115 
        1.23949        0.749627        0.646523 
        1.24562        0.742362        0.639072 
        1.25174        0.734968        0.631751 
        1.25789        0.727766        0.624523 
        1.26402        0.717607        0.617422 
        1.27014        0.710646        0.610449 
        1.27628        0.706028        0.603563 
        1.28244        0.695147        0.596771 
        1.28858        0.689295        0.590093 
        1.29471        0.683876        0.583533 
        1.30084        0.675225        0.577079 
        1.30697        0.668517        0.570714 
        1.31312        0.659062        0.564435 
        1.31925         0.65461        0.558272 
        1.32537        0.649035        0.552207 
        1.33151         0.64351        0.546211 
        1.33765        0.636358        0.540308 
        1.34378        0.628109        0.534504 
        1.34992        0.624079        0.528781 
        1.35606        0.616812         0.52313 
         1.3622        0.611346        0.517572 
        1.36833        0.605178        0.512108 
        1.37445        0.597386        0.506726 
        1.38059        0.592441        0.501406 
        1.38675        0.590685        0.496149 
        1.39288        0.582586        0.490989 
        1.39901        0.577337        0.485905 
        1.40515        0.572334        0.480881 
         1.4113        0.565662        0.475931 
        1.41742        0.560508         0.47107 
        1.42355        0.557906        0.466268 
         1.4297        0.550272        0.461519 
        1.43585        0.545583        0.456838 
        1.44198        0.543075         0.45224 
        1.44809        0.535794        0.447714 
        1.45423        0.531252        0.443234 
        1.46036        0.526483        0.438823 
        1.46649        0.522292        0.434471 
        1.47263        0.516896        0.430175 
        1.47877        0.511521        0.425939 
        1.48491        0.507604        0.421754 
        1.49104        0.501946        0.417634 
        1.49718        0.498636        0.413566 
        1.50333        0.494499        0.409546 
        1.50947         0.49022        0.405587 
         1.5156        0.485178        0.401687 
        1.52172        0.481342        0.397838 
        1.52787        0.476728        0.394032 
          1.534          0.4731        0.390281 
        1.54013        0.467974        0.386582 
        1.54627        0.464676        0.382925 
        1.55241        0.460149        0.379315 
        1.55855        0.455702        0.375756 
        1.56467        0.454214        0.372253 
         1.5708        0.448872        0.368786 
        1.57695        0.445686        0.365357 
        1.58308         0.44164        0.361979 
        1.58922        0.438124        0.358643 
        1.59535        0.434089        0.355349 
         1.6015        0.430625        0.352093 
        1.60764        0.427445        0.348879 
        1.61376        0.422627        0.345715 
        1.61989        0.420331        0.342587 
        1.62604        0.416737        0.339491 
        1.63218        0.413885        0.336435 
        1.63831        0.410318        0.333424 
        1.64444        0.406625        0.330449 
        1.65059        0.403699        0.327504 
        1.65673        0.400101        0.324597 
        1.66285        0.397359        0.321734 
        1.66898        0.394668        0.318905 
        1.67512         0.39045        0.316104 
        1.68127        0.387108        0.313335 
         1.6874        0.385476        0.310605 
        1.69353        0.381568        0.307909 
        1.69967        0.379057        0.305239 
        1.70581        0.375532        0.302601 
        1.71193        0.372941        0.300005 
        1.71806          0.3697        0.297434 
        1.72421         0.36727        0.294888 
        1.73035        0.363887        0.292374 
        1.73649        0.361968        0.289891 
        1.74262        0.358962        0.287438 
        1.74876        0.355878        0.285012 
        1.75489        0.353448         0.28262 
        1.76101        0.350339        0.280255 
        1.76715        0.347824        0.277915 
        1.77329        0.345161        0.275598 
        1.77943         0.34242        0.273307 
        1.78557        0.340465        0.271046 
        1.79171        0.337915        0.268809 
        1.79785        0.335182        0.266598 
        1.80399         0.33262        0.264412 
        1.81012        0.330606        0.262253 
        1.81625        0.327921         0.26012 
        1.82239        0.325943        0.258007 
        1.82853          0.3225        0.255919 
        1.83466        0.320726        0.253856 
        1.84078        0.318073        0.251818 
        1.84692        0.316112        0.249799 
        1.85306        0.314272          0.2478 
         1.8592        0.311776        0.245826 
        1.86533        0.309866        0.243875 
        1.87147        0.307481        0.241942 
        1.87761        0.305644         0.24003 
        1.88375        0.302593         0.23814 
        1.88988         0.30094        0.236273 
        1.89601        0.298516        0.234426 
        1.90215        0.296819        0.232596 
        1.90829        0.294428        0.230787 
        1.91442        0.292811        0.228997 
        1.92056        0.290483        0.227227 
         1.9267        0.288264        0.225474 
        1.93284        0.286364        0.223739 
        1.93897        0.284563        0.222026 
        1.94509        0.282915        0.220334 
        1.95123         0.28047        0.218655 
        1.95737        0.279159        0.216993 
        1.96349         0.27689        0.215352 
        1.96964        0.274893        0.213724 
        1.97578        0.272967        0.212112 
        1.98192        0.271637         0.21052 
        1.98805        0.269905        0.208943 
        1.99419        0.267701        0.207383 
        2.00033         0.26604        0.205839 
        2.00647        0.264733         0.20431 
         2.0126        0.262467          0.2028 
        2.01874         0.26107        0.201302 
        2.02488        0.259455        0.199819 
        2.03101        0.257403        0.198353 
        2.03714        0.255705        0.196903 
        2.04328        0.254318        0.195466 
        2.04941        0.252568        0.194045 
        2.05554        0.251066        0.192639 
        2.06167        0.249729        0.191245 
        2.06781        0.247156        0.189864 
        2.07396        0.245802        0.188496 
        2.08009        0.244292        0.187143 
        2.08622        0.243035        0.185805 
        2.09237        0.241879        0.184477 
        2.09851        0.240272        0.183163 
        2.10464        0.238623        0.181863 
        2.11077        0.236978        0.180577 
        2.11691        0.235473        0.179301 
        2.12305         0.23406        0.178038 
        2.12918        0.232742        0.176789 
        2.13531        0.231066        0.175553 
        2.14145        0.229607        0.174325 
         2.1476        0.228404        0.173108 
        2.15372        0.227354        0.171908 
        2.15985        0.225509        0.170719 
        2.16599        0.223869        0.169537 
        2.17213        0.222995        0.168368 
        2.17827        0.221582         0.16721 
         2.1844        0.220445        0.166065 
        2.19054        0.218903        0.164929 
        2.19666        0.217093        0.163806 
         2.2028         0.21634        0.162692 
        2.20893        0.215291        0.161588 
        2.21508        0.213387        0.160493 
        2.22122        0.212114        0.159408 
        2.22736        0.211211        0.158335 
        2.23349        0.209869        0.157273 
        2.23962        0.208939        0.156219 
        2.24577        0.207214        0.155175 
         2.2519        0.206486        0.154141 
        2.25802        0.204894        0.153118 
        2.26417        0.203793        0.152102 
        2.27031        0.202499        0.151095 
        2.27644        0.201489        0.150099 
        2.28257        0.200271        0.149112 
        2.28872        0.199157        0.148132 
        2.29486        0.198023        0.147162 
        2.30099         0.19697        0.146202 
        2.30712        0.195886         0.14525 
        2.31326        0.194357        0.144305 
         2.3194        0.194231        0.143369 
        2.32553        0.193021        0.142443 
        2.33166        0.191891        0.141526 
         2.3378        0.190735        0.140615 
        2.34394        0.189315        0.139712 
        2.35007        0.188439        0.138819 
        2.35619        0.187194        0.137934 
        2.36233        0.185966        0.137055 
        2.36848        0.185283        0.136182 
        2.37462        0.183996        0.135318 
        2.38075        0.183461        0.134462 
        2.38689        0.182212        0.133613 
        2.39303        0.181667        0.132772 
        2.39916        0.180015        0.131939 
        2.40529        0.179285        0.131113 
        2.41143        0.178371        0.130293 
        2.41757        0.177284         0.12948 
         2.4237        0.176469        0.128676 
        2.42983        0.175351        0.127878 
        2.43598          0.1749        0.127086 
        2.44211        0.173704        0.126301 
        2.44823         0.17311        0.125524 
        2.45437        0.171621        0.124752 
        2.46052        0.171028        0.123986 
        2.46665        0.170003        0.123227 
        2.47279        0.169042        0.122476 
        2.47892         0.16811         0.12173 
        2.48507        0.167152        0.120989 
         2.4912        0.166537        0.120256 
        2.49733        0.165995         0.11953 
        2.50347        0.164867        0.118808 
        2.50961        0.163921        0.118092 
        2.51575        0.163015        0.117383 
        2.52188        0.162343         0.11668 
        2.52802        0.161377        0.115982 
        2.53416        0.160643         0.11529 
        2.54029         0.15968        0.114604 
        2.54641        0.159201        0.113925 
        2.55255         0.15815         0.11325 
        2.55869        0.157521         0.11258 
        2.56483        0.156494        0.111916 
        2.57096        0.156088        0.111258 
        2.57709        0.155259        0.110605 
        2.58323        0.154486        0.109957 
        2.58937        0.153332        0.109313 
        2.59551        0.153102        0.108676 
        2.60164        0.151888        0.108044 
        2.60778         0.15149        0.107416 
        2.61392        0.150493        0.106794 
        2.62006        0.149943        0.106176 
        2.62619        0.149177        0.105564 
        2.63232        0.148302        0.104957 
        2.63846        0.147759        0.104354 
        2.64459        0.147329        0.103757 
        2.65072        0.146291        0.103164 
        2.65686        0.145846        0.102576 
          2.663        0.145065        0.101991 
        2.66915        0.144417        0.101411 
        2.67527        0.143674        0.100837 
        2.68141        0.143081        0.100267 
        2.68755        0.142032       0.0997004 
        2.69368        0.141649        0.099139 
        2.69981        0.141075       0.0985828 
        2.70595        0.140388       0.0980294 
        2.71209        0.139867       0.0974802 
        2.71823        0.138915       0.0969361 
        2.72436        0.138417       0.0963962 
         2.7305        0.138049       0.0958602 
        2.73663        0.137457       0.0953283 
        2.74276        0.136555        0.094801 
         2.7489        0.136096       0.0942772 
        2.75504        0.135416       0.0937569 
        2.76118         0.13499       0.0932403 
        2.76732        0.134212       0.0927284 
        2.77345        0.133644       0.0922205 
        2.77959        0.133153       0.0917162 
        2.78572        0.132473       0.0912159 
        2.79186        0.131931       0.0907194 
        2.79798        0.131593       0.0902272 
        2.80412        0.130833       0.0897377 
        2.81027        0.130218       0.0892513 
         2.8164        0.129734       0.0887695 
        2.82253        0.128836       0.0882914 
        2.82867         0.12862       0.0878165 
        2.83481        0.128052        0.087345 
        2.84095        0.127353       0.0868769 
        2.84708        0.126872       0.0864129 
        2.85322        0.126651       0.0859517 
        2.85935        0.125821       0.0854941 
        2.86549        0.125369         0.08504 
        2.87162        0.124782       0.0845892 
        2.87776        0.124472       0.0841418 
        2.88389        0.123789       0.0836973 
        2.89003        0.123443       0.0832563 
        2.89617        0.122804       0.0828182 
        2.90231        0.122544       0.0823834 
        2.90844        0.121925       0.0819518 
        2.91458        0.121536       0.0815233 
        2.92071        0.121073       0.0810984 
        2.92684        0.120379       0.0806761 
        2.93298        0.119995       0.0802569 
         2.9391        0.119554       0.0798414 
        2.94524        0.119022       0.0794281 
        2.95138        0.118675       0.0790177 
        2.95752        0.118119       0.0786097 
        2.96367        0.117688       0.0782046 
         2.9698        0.117296       0.0778031 
        2.97594        0.116809       0.0774041 
        2.98207        0.116281       0.0770079 
        2.98821        0.115739       0.0766149 
        2.99434        0.115532       0.0762245 
        3.00048        0.115002       0.0758367 
        3.00662        0.114537       0.0754514 
        3.01275        0.114234       0.0750694 
        3.01888        0.113819         0.07469 
        3.02503          0.1134       0.0743125 
        3.03117        0.113011       0.0739379 
        3.03729        0.112479       0.0735667 
        3.04342        0.112049       0.0731977 
        3.04957        0.111684       0.0728304 
         3.0557        0.111333       0.0724663 
        3.06183        0.110739       0.0721052 
        3.06796        0.110602       0.0717462 
        3.07411        0.110291       0.0713889 
        3.08025        0.109932       0.0710346 
        3.08637         0.10938       0.0706834 
         3.0925        0.109159        0.070334 
        3.09865         0.10876       0.0699864 
         3.1048         0.10835       0.0696412 
        3.11093        0.107831        0.069299 
        3.11706        0.107615       0.0689592 
         3.1232        0.107252       0.0686214 
        3.12933        0.106902       0.0682858 
        3.13547        0.106562       0.0679526 
        3.14159        0.105999       0.0676222 
        3.14773         0.10589       0.0672933 
        3.15388         0.10551       0.0669662 
        3.16001        0.105458        0.066642 
        3.16614        0.104891         0.06632 
        3.17228        0.104376       0.0659998 
        3.17842        0.104258       0.0656818 
        3.18455        0.103877       0.0653662 
        3.19068        0.103454       0.0650526 
        3.19682        0.103294       0.0647408 
        3.20297        0.103075       0.0644309 
         3.2091        0.102555       0.0641233 
        3.21524        0.102425       0.0638177 
        3.22138        0.101956       0.0635141 
         3.2275        0.101788        0.063213 
        3.23363        0.101574       0.0629137 
        3.23977        0.101071       0.0626161 
        3.24591        0.101001       0.0623204 
        3.25205        0.100683       0.0620263 
        3.25818        0.100402       0.0617344 
        3.26432        0.100152       0.0614445 
        3.27046        0.099956       0.0611564 
         3.2766       0.0996413       0.0608701 
        3.28273       0.0993285       0.0605857 
        3.28887        0.099071       0.0603032 
          3.295        0.098863       0.0600225 
        3.30113       0.0987199       0.0597437 
        3.30727       0.0982893       0.0594665 
        3.31341       0.0981656       0.0591912 
        3.31954       0.0979247       0.0589177 
        3.32568       0.0978075       0.0586457 
        3.33182       0.0976102       0.0583755 
        3.33795       0.0974212       0.0581072 
        3.34409       0.0971348       0.0578403 
        3.35022       0.0969738       0.0575752 
        3.35636        0.096777       0.0573119 
         3.3625       0.0966344         0.05705 
        3.36864       0.0966302       0.0567899 
        3.37477       0.0962604       0.0565314 
        3.38091       0.0960824       0.0562746 
        3.38704       0.0957833       0.0560195 
        3.39318       0.0957992       0.0557658 
        3.39931       0.0958136       0.0555137 
        3.40545       0.0954825       0.0552632 
        3.41158       0.0953492       0.0550143 
        3.41772       0.0953133       0.0547669 
        3.42385       0.0951189       0.0545212 
        3.42998       0.0952505       0.0542769 
        3.43612       0.0949647       0.0540342 
        3.44226       0.0950012       0.0537927 
         3.4484       0.0947473       0.0535524 
        3.45453       0.0946332       0.0533142 
        3.46066       0.0945915       0.0530775 
        3.46681       0.0945188       0.0528416 
        3.47295       0.0945462       0.0526073 
        3.47908       0.0943876        0.052375 
        3.48521       0.0942855       0.0521439 
        3.49135       0.0942856       0.0519139 
        3.49749       0.0941056       0.0516855 
        3.50362       0.0941745       0.0514585 
        3.50976       0.0941519       0.0512329 
        3.51589       0.0941456       0.0510086 
        3.52203       0.0938675       0.0507856 
        3.52816       0.0939677       0.0505643 
        3.53429        0.093953       0.0503441 
        3.54043       0.0940163       0.0501249 
        3.54657       0.0939462       0.0499071 
        3.55271       0.0939315       0.0496908 
        3.55884        0.094072        0.049476 
        3.56498        0.093888        0.049262 
        3.57112       0.0941363       0.0490494 
        3.57725       0.0940676       0.0488382 
        3.58338       0.0940268       0.0486284 
        3.58952       0.0941496       0.0484196 
        3.59566       0.0941489       0.0482119 
         3.6018         0.09417       0.0480056 
        3.60793       0.0942067       0.0478006 
        3.61407       0.0943625       0.0475968 
        3.62021       0.0943509       0.0473941 
        3.62634       0.0945627       0.0471927 
        3.63247       0.0946347       0.0469925 
        3.63861       0.0947448       0.0467934 
        3.64475        0.094805       0.0465951 
        3.65089       0.0949401       0.0463983 
        3.65702        0.094885       0.0462029 
        3.66316       0.0950838       0.0460082 
        3.66929       0.0951999       0.0458149 
        3.67543       0.0954664       0.0456227 
        3.68156       0.0954644       0.0454316 
        3.68769       0.0956237       0.0452415 
        3.69383       0.0958011       0.0450524 
        3.69997       0.0960053       0.0448645 
        3.70611       0.0962398       0.0446777 
        3.71224        0.096327       0.0444919 
        3.71838       0.0963967       0.0443072 
        3.72451       0.0967217       0.0441237 
        3.73065       0.0969416       0.0439412 
        3.73678       0.0971353       0.0437597 
        3.74292       0.0971477       0.0435791 
        3.74906       0.0975664       0.0433996 
        3.75519       0.0977467       0.0432211 
        3.76133        0.097894       0.0430436 
        3.76746        0.098202       0.0428672 
         3.7736       0.0983687       0.0426919 
        3.77974       0.0987411       0.0425173 
        3.78588       0.0989145       0.0423437 
        3.79201       0.0992176       0.0421712 
        3.79814       0.0995288       0.0419998 
        3.80428       0.0999148       0.0418292 
        3.81042        0.100311       0.0416594 
        3.81655        0.100435       0.0414907 
        3.82268        0.100895       0.0413231 
        3.82882        0.101144       0.0411563 
        3.83496        0.101447       0.0409903 
        3.84109        0.101741       0.0408253 
        3.84723        0.102201       0.0406613 
        3.85337        0.102355       0.0404979 
        3.85951        0.102742       0.0403355 
        3.86565        0.103031       0.0401741 
        3.87178        0.103616       0.0400138 
        3.87791        0.103769       0.0398543 
        3.88405        0.104382       0.0396955 
        3.89019        0.104567       0.0395376 
        3.89632        0.105099       0.0393806 
        3.90246        0.105716       0.0392244 
         3.9086        0.105996        0.039069 
        3.91473        0.106499       0.0389147 
        3.92086         0.10677       0.0387613 
        3.92699        0.107388       0.0386085 
        3.93313        0.107722       0.0384565 
        3.93927        0.108349       0.0383054 
         3.9454        0.108789       0.0381551 
        3.95154        0.109464       0.0380055 
        3.95768        0.109656       0.0378568 
        3.96382        0.110176       0.0377089 
        3.96995        0.110871       0.0375617 
        3.97609        0.111516       0.0374154 
        3.98222        0.111992         0.03727 
        3.98836        0.112406       0.0371253 
         3.9945        0.112807       0.0369813 
        4.00063        0.113633       0.0368381 
        4.00677        0.114142       0.0366956 
        4.01291        0.114948       0.0365538 
        4.01904        0.115309       0.0364131 
        4.02517        0.116005        0.036273 
        4.03131         0.11666       0.0361335 
        4.03745         0.11719       0.0359947 
        4.04358        0.117799       0.0358568 
        4.04972        0.118527       0.0357196 
        4.05585        0.119316       0.0355831 
        4.06199        0.120108       0.0354472 
        4.06812        0.120548       0.0353122 
        4.07426        0.121197       0.0351778 
         4.0804        0.121903        0.035044 
        4.08654         0.12251        0.034911 
        4.09267        0.123475       0.0347788 
         4.0988        0.124186       0.0346474 
        4.10494        0.125391       0.0345165 
        4.11108        0.125781       0.0343862 
        4.11721        0.126498       0.0342567 
        4.12334        0.127244       0.0341279 
        4.12948        0.128221       0.0339997 
        4.13561        0.128864       0.0338721 
        4.14176        0.129813       0.0337451 
        4.14789        0.130944       0.0336188 
        4.15403        0.131649       0.0334933 
        4.16016        0.132455       0.0333683 
         4.1663        0.133455        0.033244 
        4.17243        0.134114       0.0331204 
        4.17857        0.135062       0.0329974 
        4.18471         0.13614       0.0328749 
        4.19084        0.137197       0.0327532 
        4.19698        0.137965        0.032632 
        4.20312        0.138998       0.0325114 
        4.20925        0.140067       0.0323915 
        4.21538        0.140837       0.0322723 
        4.22152        0.142013       0.0321535 
        4.22766        0.143004       0.0320353 
         4.2338        0.143975       0.0319178 
        4.23993        0.145002       0.0318009 
        4.24607        0.146254       0.0316846 
         4.2522         0.14727       0.0315688 
        4.25834        0.148571       0.0314536 
        4.26447        0.149466       0.0313391 
        4.27061        0.151047       0.0312251 
        4.27674        0.151906       0.0311116 
        4.28288        0.153192       0.0309986 
        4.28902        0.154345       0.0308863 
        4.29515        0.155379       0.0307746 
        4.30129        0.156518       0.0306634 
        4.30743        0.158185       0.0305526 
        4.31356        0.159678       0.0304425 
        4.31969        0.160217       0.0303331 
        4.32583          0.1616       0.0302241 
        4.33197        0.162766       0.0301155 
         4.3381        0.164583       0.0300075 
        4.34424          0.1656       0.0299001 
        4.35038        0.166976       0.0297931 
        4.35652        0.168333       0.0296867 
        4.36265        0.169826       0.0295809 
        4.36878        0.171167       0.0294756 
        4.37492        0.172597       0.0293707 
        4.38106        0.174051       0.0292663 
        4.38719         0.17592       0.0291626 
        4.39333         0.17708       0.0290594 
        4.39946        0.178844       0.0289566 
         4.4056        0.180207       0.0288543 
        4.41173        0.181605       0.0287526 
        4.41786        0.183359       0.0286514 
          4.424          0.1848       0.0285506 
        4.43014         0.18659       0.0284502 
        4.43628        0.187829       0.0283502 
        4.44241        0.190369       0.0282509 
        4.44855        0.191979        0.028152 
        4.45469        0.193029       0.0280535 
        4.46083        0.195058       0.0279557 
        4.46696        0.197203       0.0278583 
        4.47309        0.198007       0.0277613 
        4.47923        0.200594       0.0276647 
        4.48537        0.202404       0.0275687 
         4.4915        0.204369       0.0274731 
        4.49764        0.206039       0.0273779 
        4.50378        0.207615       0.0272832 
        4.50991        0.209901        0.027189 
        4.51604        0.211778       0.0270953 
        4.52218        0.214102       0.0270018 
        4.52832        0.216359       0.0269089 
        4.53445        0.218113       0.0268165 
        4.54059        0.220083       0.0267245 
        4.54673        0.221839       0.0266329 
        4.55286        0.224405       0.0265417 
          4.559        0.226021       0.0264509 
        4.56513        0.228623       0.0263607 
        4.57127        0.231014       0.0262708 
        4.57741         0.23297       0.0261813 
        4.58354        0.234938       0.0260922 
        4.58968        0.236954       0.0260036 
        4.59582        0.239927       0.0259154 
        4.60195        0.241969       0.0258276 
        4.60809        0.244711       0.0257402 
        4.61422        0.246476       0.0256532 
        4.62036        0.249193       0.0255667 
        4.62649        0.251912       0.0254805 
        4.63263        0.253785       0.0253947 
        4.63876        0.256453       0.0253093 
         4.6449         0.25847       0.0252243 
        4.65104        0.261274       0.0251397 
        4.65717        0.263861       0.0250556 
        4.66331         0.26721       0.0249717 
        4.66944        0.270196       0.0248883 
        4.67558        0.272951       0.0248053 
        4.68171        0.275955       0.0247226 
        4.68785        0.277798       0.0246402 
        4.69399        0.281006       0.0245583 
        4.70012         0.28496       0.0244769 
        4.70625        0.287534       0.0243957 
        4.71239        0.289704       0.0243149 
        4.71853        0.292404       0.0242344 
        4.72467        0.295846       0.0241543 
         4.7308        0.298661       0.0240747 
        4.73694         0.30221       0.0239953 
        4.74308        0.304653       0.0239163 
        4.74922        0.308512       0.0238377 
        4.75535        0.311353       0.0237594 
        4.76148        0.315168       0.0236816 
        4.76762        0.317607       0.0236039 
        4.77376        0.321251       0.0235267 
        4.77989        0.325129       0.0234499 
        4.78602        0.327601       0.0233734 
        4.79216        0.331384       0.0232971 
         4.7983        0.335653       0.0232213 
        4.80443        0.339587       0.0231459 
        4.81056        0.341453       0.0230707 
         4.8167         0.34561       0.0229958 
        4.82284        0.349684       0.0229213 
        4.82898        0.353254       0.0228471 
        4.83511         0.35688       0.0227733 
        4.84125        0.360274       0.0226998 
        4.84739        0.365255       0.0226266 
        4.85352        0.369355       0.0225538 
        4.85965        0.373102       0.0224812 
        4.86579        0.376597        0.022409 
        4.87193        0.381168       0.0223371 
        4.87807        0.385638       0.0222655 
         4.8842        0.389831       0.0221942 
        4.89034        0.392854       0.0221233 
        4.89647        0.398343       0.0220526 
        4.90261        0.402174       0.0219823 
        4.90874        0.406618       0.0219123 
        4.91488        0.410528       0.0218426 
        4.92102        0.414805       0.0217731 
        4.92715        0.419489        0.021704 
        4.93329        0.423937       0.0216352 
        4.93942        0.429999       0.0215667 
        4.94556        0.433306       0.0214984 
         4.9517        0.439486       0.0214305 
        4.95783        0.443095       0.0213629 
        4.96397        0.449435       0.0212956 
        4.97011        0.453348       0.0212285 
        4.97624        0.459432       0.0211618 
        4.98238        0.463301       0.0210953 
        4.98851        0.468716       0.0210292 
        4.99465        0.474347       0.0209633 
        5.00078        0.479231       0.0208977 
        5.00691          0.4853       0.0208324 
        5.01305        0.490308       0.0207674 
        5.01919        0.495319       0.0207026 
        5.02533        0.499611       0.0206381 
        5.03146        0.505921       0.0205739 
         5.0376        0.512011         0.02051 
        5.04374        0.519166       0.0204463 
        5.04987        0.523682       0.0203829 
        5.05601        0.530658       0.0203198 
        5.06215        0.538555       0.0202569 
        5.06829        0.543039       0.0201943 
        5.07442        0.549286        0.020132 
        5.08055        0.555832         0.02007 
        5.08668        0.558801       0.0200082 
        5.09282        0.568422       0.0199466 
        5.09896        0.573972       0.0198854 
        5.10509        0.580123       0.0198244 
        5.11123        0.586669       0.0197636 
        5.11736        0.594168       0.0197031 
         5.1235        0.601352       0.0196429 
        5.12964        0.606003       0.0195829 
        5.13577         0.61322       0.0195231 
        5.14191        0.620647       0.0194636 
        5.14804        0.627831       0.0194044 
        5.15418        0.634517       0.0193455 
        5.16032        0.642381       0.0192867 
        5.16645        0.647129       0.0192282 
        5.17259        0.657832       0.0191699 
        5.17872        0.666623       0.0191119 
        5.18486        0.675278       0.0190541 
          5.191        0.677738       0.0189966 
        5.19713          0.6885       0.0189393 
        5.20327        0.695367       0.0188823 
        5.20941        0.705209       0.0188254 
        5.21555        0.713599       0.0187688 
        5.22168        0.719216       0.0187124 
        5.22781        0.727915       0.0186563 
        5.23395         0.73625       0.0186005 
        5.24009        0.744046       0.0185448 
        5.24622        0.755776       0.0184893 
        5.25236        0.761479       0.0184342 
         5.2585        0.770768       0.0183791 
        5.26463        0.781168       0.0183244 
        5.27077        0.788211       0.0182698 
         5.2769        0.796932       0.0182156 
        5.28304        0.806596       0.0181615 
        5.28917        0.816169       0.0181076 
         5.2953        0.823774        0.018054 
        5.30144        0.833895       0.0180006 
        5.30757        0.845609       0.0179474 
        5.31371        0.852759       0.0178944 
        5.31985        0.866199       0.0178415 
        5.32599        0.874345       0.0177889 
        5.33213        0.882201       0.0177366 
        5.33826        0.892277       0.0176844 
         5.3444        0.901515       0.0176325 
        5.35053        0.911041       0.0175808 
        5.35667         0.92424       0.0175292 
        5.36281        0.934349       0.0174779 
        5.36894        0.947945       0.0174268 
        5.37507        0.957012       0.0173759 
        5.38121        0.966874       0.0173252 
        5.38735        0.976853       0.0172747 
        5.39348        0.990836       0.0172244 
        5.39961        0.998362       0.0171744 
        5.40575         1.00847       0.0171244 
        5.41189         1.02542       0.0170747 
        5.41803         1.03075       0.0170252 
        5.42416         1.04643       0.0169759 
         5.4303         1.05553       0.0169268 
        5.43644         1.07075       0.0168779 
        5.44257         1.07981       0.0168292 
        5.44871         1.09548       0.0167806 
        5.45484         1.10666       0.0167323 
        5.46098         1.11407       0.0166841 
        5.46712         1.12666       0.0166362 
        5.47325         1.14544       0.0165884 
        5.47938         1.15253       0.0165409 
        5.48552         1.16663       0.0164935 
        5.49165         1.17809       0.0164463 
        5.49779         1.18853       0.0163993 
        5.50393         1.20753       0.0163524 
        5.51006         1.22272       0.0163057 
         5.5162         1.23147       0.0162593 
        5.52234         1.24953        0.016213 
        5.52847         1.26147       0.0161669 
        5.53461         1.27378       0.0161209 
        5.54075         1.28946       0.0160752 
        5.54688         1.29853       0.0160296 
        5.55302         1.31294       0.0159842 
        5.55915         1.32709        0.015939 
        5.56529         1.34257        0.015894 
        5.57143         1.35018       0.0158491 
        5.57756         1.36861       0.0158044 
         5.5837         1.39784       0.0157599 
        5.58983         1.39491       0.0157156 
        5.59597         1.41206       0.0156714 
         5.6021         1.43442       0.0156274 
        5.60824         1.44358       0.0155835 
        5.61438         1.45734       0.0155399 
        5.62051         1.47368       0.0154964 
        5.62665         1.48958        0.015453 
        5.63278         1.50484       0.0154099 
        5.63892         1.51839       0.0153669 
        5.64505         1.53754       0.0153241 
        5.65119         1.54795       0.0152814 
        5.65733         1.56825       0.0152389 
        5.66346         1.58877       0.0151966 
         5.6696         1.59421       0.0151544 
        5.67573         1.62022       0.0151124 
        5.68187         1.62636       0.0150705 
          5.688         1.65071       0.0150288 
        5.69414         1.65917       0.0149873 
        5.70028         1.68452       0.0149459 
        5.70642         1.70102       0.0149046 
        5.71255         1.71627       0.0148636 
        5.71869         1.73236       0.0148227 
        5.72482         1.74825       0.0147819 
        5.73096         1.76414       0.0147413 
        5.73709         1.77691       0.0147009 
        5.74322         1.80105       0.0146606 
        5.74936         1.80464       0.0146205 
         5.7555         1.83018       0.0145804 
        5.76164         1.84762       0.0145406 
        5.76777         1.85511       0.0145009 
        5.77391         1.87565       0.0144614 
        5.78005         1.90113        0.014422 
        5.78618         1.91191       0.0143827 
        5.79231          1.9287       0.0143437 
        5.79845         1.94745       0.0143047 
        5.80459         1.97197       0.0142659 
        5.81073         1.98467       0.0142272 
        5.81686         2.00706       0.0141887 
          5.823          2.0103       0.0141503 
        5.82914         2.03765       0.0141121 
        5.83527         2.04107        0.014074 
         5.8414         2.06458       0.0140361 
        5.84754         2.07296       0.0139983 
        5.85368         2.10547       0.0139606 
        5.85981         2.11177       0.0139231 
        5.86595         2.12523       0.0138857 
        5.87208         2.14518       0.0138485 
        5.87822         2.17178       0.0138114 
        5.88435         2.17999       0.0137744 
        5.89049         2.20245       0.0137376 
        5.89662         2.21243       0.0137009 
        5.90276         2.22744       0.0136643 
         5.9089         2.24583       0.0136279 
        5.91503          2.2805       0.0135916 
        5.92117         2.28353       0.0135554 
        5.92731         2.30885       0.0135194 
        5.93344         2.30959       0.0134835 
        5.93958         2.34209       0.0134477 
        5.94572         2.34804       0.0134121 
        5.95186         2.36808       0.0133766 
        5.95799         2.38461       0.0133412 
        5.96412         2.38858        0.013306 
        5.97026         2.39671       0.0132709 
         5.9764         2.42959       0.0132359 
        5.98253         2.44473       0.0132011 
        5.98866         2.45234       0.0131663 
         5.9948         2.47369       0.0131317 
        6.00094         2.49774       0.0130972 
        6.00707         2.49958       0.0130629 
        6.01321         2.51014       0.0130286 
        6.01935         2.54112       0.0129945 
        6.02548         2.54773       0.0129605 
        6.03162         2.56163       0.0129267 
        6.03775         2.56673       0.0128929 
        6.04389         2.59485       0.0128593 
        6.05003         2.60985       0.0128258 
        6.05617         2.62978       0.0127924 
         6.0623         2.63172       0.0127592 
        6.06844         2.64639        0.012726 
        6.07457         2.66536        0.012693 
         6.0807         2.66438       0.0126601 
        6.08684         2.69666       0.0126274 
        6.09298         2.70198       0.0125947 
        6.09912         2.71716       0.0125621 
        6.10525          2.7215       0.0125297 
        6.11138         2.73951       0.0124974 
        6.11752         2.75611       0.0124652 
        6.12366         2.76075       0.0124331 
        6.12979         2.77656       0.0124011 
        6.13593         2.77585       0.0123692 
        6.14207         2.78738       0.0123375 
         6.1482          2.7994       0.0123058 
        6.15434         2.80486       0.0122743 
        6.16047         2.82388       0.0122429 
        6.16661         2.83988       0.0122116 
        6.17274         2.85699       0.0121804 
        6.17887         2.84634       0.0121493 
        6.18501         2.85327       0.0121184 
        6.19115         2.87929       0.0120875 
        6.19729          2.8726       0.0120567 
        6.20342         2.88448       0.0120261 
        6.20956         2.89349       0.0119955 
         6.2157         2.90936        0.011965 
        6.22183         2.90767       0.0119347 
        6.22797         2.92236       0.0119045 
         6.2341         2.92151       0.0118744 
        6.24024         2.91519       0.0118444 
        6.24638         2.91857       0.0118144 
        6.25251         2.94059       0.0117846 
        6.25865         2.92538       0.0117549 
        6.26478         2.94033       0.0117253 
        6.27092         2.93529       0.0116958 
        6.27705         2.95696       0.0116664 
        6.28318          2.6838       0.0116371 
