# k  (h/Mpc)    P(k)  (Mpc/h)^3    P_linear(k)  (Mpc/h)^3
     0.00783031         2150.61         2183.72 
       0.013688          2674.6         2684.82 
       0.019231         2697.91         2705.15 
      0.0249154         2462.24         2486.98 
      0.0312784         2131.94         2140.41 
      0.0375637         1816.18         1814.89 
      0.0433917         1570.08         1577.83 
      0.0492413         1407.13         1408.71 
      0.0555754         1273.44         1285.16 
      0.0619321         1198.29         1194.26 
       0.067871         1106.53         1115.06 
      0.0738098         1019.16         1027.53 
      0.0800417         913.521         924.356 
      0.0862327         813.169         817.997 
      0.0921407         722.925         723.612 
      0.0982031         640.176         642.733 
       0.104506         584.712         579.762 
       0.110769         540.663         536.785 
       0.116806         508.314         508.412 
       0.122832         488.277         486.085 
       0.129052         460.947         462.933 
       0.135211         434.254         435.965 
       0.141259         406.694         404.993 
       0.147318         375.751         371.628 
       0.153489         341.539         338.681 
       0.159709         314.357         309.731 
       0.165845         295.006         287.077 
       0.171974         275.548         270.334 
       0.178125         263.764          258.11 
       0.184229         254.528         248.485 
        0.19034         241.388         239.304 
       0.196428         233.979         229.159 
       0.202534         224.585         217.446 
       0.208729         210.521         204.375 
       0.214876         196.482         191.199 
       0.220989         186.913         178.968 
       0.227147         174.604         168.327 
        0.23329         166.282         159.692 
       0.239377         160.538         152.895 
       0.245482         152.452         147.309 
       0.251667         149.365         142.242 
       0.257832         144.178         137.185 
       0.263955         138.647         131.814 
       0.270079         133.015         126.047 
        0.27624         128.687         120.037 
       0.282372         122.921         114.177 
        0.28843          117.11         108.804 
       0.294538         112.137         104.007 
       0.300721         109.284         99.8282 
        0.30691         104.474         96.2274 
       0.313033         101.413         93.0556 
       0.319153         96.9179         90.0663 
       0.325316          95.351         87.0751 
        0.33145         91.7533         84.0335 
       0.337538         89.3191         80.9543 
       0.343633         85.9602         77.8798 
       0.349808         83.2148         74.8684 
       0.355968         80.6976         72.0599 
       0.362074         78.0035         69.5115 
       0.368217         75.6855         67.1949 
       0.374374          73.386         65.0781 
       0.380519         71.5838         63.1115 
       0.386598          69.666         61.2508 
       0.392688         68.1928         59.4199 
        0.39888         66.1754         57.5742 
       0.405048         64.5226         55.7538 
       0.411186         62.9203         53.9779 
       0.417313         60.8463         52.2714 
       0.423458         59.2767         50.6495 
       0.429607         57.6674         49.1243 
       0.435692         55.8366         47.7145 
       0.441815         54.9723         46.3812 
       0.447964         54.0241         45.1071 
       0.454126         51.8411         43.8779 
       0.460267         50.9852         42.6881 
       0.466387         49.5478         41.5277 
        0.47254         48.7592         40.3861 
       0.478662         47.8963          39.283 
       0.484765         46.4612         38.2228 
       0.490885         45.4179         37.2031 
       0.497035         44.8128         36.2238 
       0.503198         43.6123         35.2896 
       0.509342         42.4944         34.4005 
       0.515458         41.6545         33.5501 
       0.521598         40.9627         32.7242 
       0.527764         40.1169         31.9191 
       0.533884         39.4293         31.1429 
           0.54         38.5733         30.3896 
       0.546137         37.9738         29.6553 
       0.552299         37.3581         28.9411 
       0.558452         36.2121         28.2524 
       0.564573         35.6721         27.5926 
       0.570708         35.1157         26.9562 
       0.576825         34.2764         26.3444 
       0.582926         33.6233         25.7544 
       0.589034         32.7733         25.1813 
       0.595184         32.3588         24.6208 
       0.601379         31.7736         24.0726 
       0.607522         31.1711         23.5449 
       0.613639         30.8853          23.035 
       0.619772         30.0815          22.539 
       0.625918         29.9203         22.0569 
       0.632068         29.4271          21.589 
       0.638161         28.8186         21.1391 
         0.6443         28.2571         20.6993 
       0.650464         27.7687         20.2709 
       0.656582         27.5855          19.858 
       0.662703         27.0536         19.4568 
       0.668861         26.5657         19.0645 
       0.675024         26.1079         18.6829 
       0.681124         25.6567         18.3155 
       0.687237         25.2353         17.9571 
       0.693381         25.0176         17.6066 
       0.699536          24.379         17.2648 
       0.705665         24.3098         16.9336 
       0.711789         23.7745         16.6115 
       0.717957         23.4592         16.2957 
        0.72409         23.1127         15.9899 
       0.730186         22.7877         15.6941 
       0.736317         22.5521         15.4042 
       0.742472         22.1616         15.1207 
       0.748622         21.9351         14.8446 
        0.75476         21.5432         14.5762 
       0.760888         21.2436         14.3149 
       0.767043         20.9967         14.0589 
       0.773185          20.619         13.8099 
       0.779291         20.5122         13.5683 
       0.785407         20.2547         13.3321 
       0.791564         19.8945         13.1002 
       0.797719         19.4742         12.8739 
       0.803834         19.4423         12.6545 
       0.809972         19.2621         12.4394 
       0.816124         18.8191         12.2289 
       0.822261         18.6473         12.0239 
       0.828378         18.4493         11.8243 
       0.834502         18.2741          11.629 
       0.840667         18.0202         11.4369 
       0.846816         17.7044         11.2498 
       0.852925         17.5413          11.068 
       0.859047         17.3475         10.8899 
       0.865192         17.1853         10.7152 
       0.871341         17.0477         10.5442 
       0.877463         16.7377         10.3778 
       0.883569         16.5321         10.2154 
       0.889708         16.2907         10.0557 
       0.895864         16.1711         9.89899 
       0.902008          16.045         9.74599 
       0.908149         15.8678         9.59634 
       0.914301         15.7507         9.44962 
       0.920448         15.4525         9.30612 
       0.926574         15.3199         9.16613 
       0.932687         15.1602         9.02934 
       0.938823         14.9595         8.89487 
       0.944975         14.7944         8.76285 
       0.951105         14.6673         8.63401 
       0.957225         14.5384         8.50799 
       0.963368         14.3992         8.38408 
       0.969511         14.2673         8.26265 
       0.975621         14.1291          8.1443 
       0.981748         13.9484         8.02797 
       0.987916         13.8603          7.9132 
        0.99406         13.6652         7.80111 
        1.00019         13.4724         7.69144 
        1.00632         13.4451         7.58399 
        1.01246         13.3034         7.47844 
        1.01859         13.0991         7.37509 
        1.02471         13.0438         7.27384 
        1.03085          12.914         7.17415 
        1.03698         12.7178         7.07655 
        1.04314         12.6513         6.98037 
        1.04929          12.489         6.88621 
        1.05541          12.357         6.79418 
        1.06154         12.2752         6.70362 
        1.06769         12.2137         6.61458 
        1.07382         12.0426         6.52746 
        1.07993         11.9603         6.44211 
        1.08607         11.8434         6.35794 
        1.09222          11.753          6.2752 
        1.09836         11.6142         6.19403 
        1.10449         11.5285         6.11441 
        1.11063         11.4111          6.0361 
        1.11677         11.3594          5.9592 
         1.1229         11.2827         5.88378 
        1.12903         11.1393         5.80961 
        1.13518         11.0083         5.73666 
        1.14131         10.9484         5.66502 
        1.14745         10.8535         5.59464 
        1.15359         10.7814         5.52546 
        1.15973         10.6846         5.45742 
        1.16584         10.5303         5.39084 
        1.17197         10.4803         5.32528 
        1.17811         10.4221         5.26062 
        1.18424         10.3276         5.19722 
        1.19038         10.2834         5.13469 
        1.19652         10.1683         5.07322 
        1.20267         10.0683         5.01276 
        1.20881         10.0419          4.9533 
        1.21495         9.95852          4.8949 
        1.22108         9.83968         4.83746 
         1.2272         9.77516         4.78108 
        1.23334         9.67989         4.72547 
        1.23949         9.59772         4.67062 
        1.24562         9.55985         4.61679 
        1.25174         9.48857         4.56391 
        1.25789         9.41638         4.51169 
        1.26402         9.37122         4.46039 
        1.27014         9.28808         4.41001 
        1.27628         9.17239         4.36027 
        1.28244         9.10494          4.3112 
        1.28858         9.09946         4.26296 
        1.29471          8.9958         4.21557 
        1.30084         8.90919         4.16894 
        1.30697         8.89805         4.12296 
        1.31312         8.76817          4.0776 
        1.31925         8.71226         4.03308 
        1.32537         8.66695         3.98926 
        1.33151         8.62284         3.94594 
        1.33765         8.54326          3.9033 
        1.34378          8.4797         3.86137 
        1.34992         8.41845         3.82003 
        1.35606         8.36833          3.7792 
         1.3622         8.31931         3.73905 
        1.36833         8.24594         3.69958 
        1.37445         8.20215          3.6607 
        1.38059         8.16825         3.62226 
        1.38675         8.09108         3.58429 
        1.39288         8.05526         3.54701 
        1.39901         7.96584         3.51028 
        1.40515         7.93284         3.47399 
         1.4113         7.88206         3.43823 
        1.41742         7.82791         3.40311 
        1.42355         7.76094         3.36842 
         1.4297          7.7203         3.33411 
        1.43585         7.68868         3.30029 
        1.44198         7.65108         3.26708 
        1.44809         7.58462         3.23438 
        1.45423         7.52725         3.20201 
        1.46036         7.47799         3.17015 
        1.46649         7.43917         3.13871 
        1.47263         7.37253         3.10768 
        1.47877         7.33197         3.07707 
        1.48491         7.29347         3.04684 
        1.49104         7.24697         3.01707 
        1.49718         7.20946         2.98769 
        1.50333         7.16805         2.95864 
        1.50947         7.11267         2.93005 
         1.5156         7.07553         2.90187 
        1.52172         7.03944         2.87407 
        1.52787         6.99149         2.84657 
          1.534         6.94038         2.81947 
        1.54013         6.91142         2.79275 
        1.54627         6.85162         2.76633 
        1.55241         6.82118         2.74025 
        1.55855         6.79326         2.71454 
        1.56467         6.73894         2.68924 
         1.5708         6.71876         2.66418 
        1.57695         6.65685         2.63941 
        1.58308         6.61334         2.61502 
        1.58922         6.59637         2.59091 
        1.59535         6.56605         2.56712 
         1.6015         6.50937         2.54359 
        1.60764         6.46395         2.52038 
        1.61376          6.4458         2.49752 
        1.61989         6.40768         2.47492 
        1.62604         6.36481         2.45255 
        1.63218         6.34916         2.43048 
        1.63831         6.30949         2.40873 
        1.64444         6.27588         2.38724 
        1.65059         6.20906         2.36596 
        1.65673         6.21093         2.34496 
        1.66285         6.14596         2.32428 
        1.66898         6.12156         2.30384 
        1.67512         6.09415          2.2836 
        1.68127         6.05652          2.2636 
         1.6874         6.03697         2.24387 
        1.69353          5.9877          2.2244 
        1.69967         5.96319         2.20511 
        1.70581         5.93456         2.18605 
        1.71193         5.89667          2.1673 
        1.71806         5.87941         2.14872 
        1.72421         5.83571         2.13033 
        1.73035         5.82011         2.11217 
        1.73649         5.78632         2.09423 
        1.74262         5.74722         2.07651 
        1.74876         5.72914         2.05899 
        1.75489         5.70322          2.0417 
        1.76101         5.65695         2.02462 
        1.76715         5.64133         2.00771 
        1.77329         5.60828         1.99098 
        1.77943         5.56639         1.97443 
        1.78557         5.55924         1.95809 
        1.79171         5.52391         1.94193 
        1.79785         5.49276         1.92596 
        1.80399         5.46022         1.91017 
        1.81012         5.44109         1.89457 
        1.81625         5.41204         1.87916 
        1.82239         5.39101          1.8639 
        1.82853         5.35848         1.84881 
        1.83466          5.3365         1.83391 
        1.84078         5.31129         1.81919 
        1.84692         5.30058          1.8046 
        1.85306         5.25572         1.79016 
         1.8592         5.22566          1.7759 
        1.86533         5.20692          1.7618 
        1.87147          5.1863         1.74784 
        1.87761         5.15883         1.73402 
        1.88375         5.13136         1.72038 
        1.88988         5.11053         1.70689 
        1.89601         5.08799         1.69354 
        1.90215          5.0663         1.68032 
        1.90829           5.036         1.66725 
        1.91442         5.01568         1.65432 
        1.92056         4.99446         1.64153 
         1.9267         4.96366         1.62887 
        1.93284         4.94543         1.61634 
        1.93897         4.91963         1.60396 
        1.94509         4.90132         1.59174 
        1.95123         4.87533         1.57961 
        1.95737         4.84637          1.5676 
        1.96349         4.83524         1.55575 
        1.96964         4.81385         1.54399 
        1.97578         4.78167         1.53234 
        1.98192         4.77094         1.52084 
        1.98805         4.75078         1.50945 
        1.99419          4.7262         1.49818 
        2.00033         4.71439         1.48702 
        2.00647          4.6851         1.47598 
         2.0126         4.67136         1.46507 
        2.01874         4.64049         1.45425 
        2.02488         4.63067         1.44353 
        2.03101         4.59631         1.43294 
        2.03714         4.57805         1.42247 
        2.04328         4.55932         1.41209 
        2.04941         4.53406         1.40182 
        2.05554          4.5202         1.39166 
        2.06167         4.50414         1.38159 
        2.06781         4.48343         1.37162 
        2.07396         4.47272         1.36173 
        2.08009         4.44899         1.35196 
        2.08622         4.42418         1.34229 
        2.09237         4.41018          1.3327 
        2.09851         4.39533          1.3232 
        2.10464         4.37449         1.31381 
        2.11077         4.34831         1.30453 
        2.11691         4.33272         1.29531 
        2.12305         4.32055         1.28618 
        2.12918         4.30851         1.27716 
        2.13531         4.28727         1.26823 
        2.14145         4.26955         1.25936 
         2.1476         4.24516         1.25057 
        2.15372         4.22942          1.2419 
        2.15985          4.2263         1.23331 
        2.16599          4.1935         1.22477 
        2.17213         4.18085         1.21633 
        2.17827         4.16962         1.20796 
         2.1844         4.14703         1.19968 
        2.19054         4.12984         1.19148 
        2.19666          4.1118         1.18337 
         2.2028         4.09633         1.17532 
        2.20893         4.08377         1.16735 
        2.21508         4.06245         1.15944 
        2.22122         4.04606          1.1516 
        2.22736         4.03275         1.14385 
        2.23349         4.02535         1.13617 
        2.23962         4.00455         1.12856 
        2.24577         3.98587         1.12101 
         2.2519         3.97849         1.11355 
        2.25802         3.95574         1.10616 
        2.26417         3.94342         1.09882 
        2.27031         3.92485         1.09154 
        2.27644         3.90782         1.08434 
        2.28257         3.89287         1.07722 
        2.28872         3.88604         1.07014 
        2.29486         3.86647         1.06313 
        2.30099         3.84905         1.05619 
        2.30712         3.83542         1.04932 
        2.31326         3.81567         1.04249 
         2.3194         3.80798         1.03573 
        2.32553         3.79428         1.02904 
        2.33166         3.78404         1.02241 
         2.3378         3.76522         1.01583 
        2.34394          3.7527         1.00931 
        2.35007          3.7343         1.00285 
        2.35619         3.72722        0.996462 
        2.36233         3.71284        0.990111 
        2.36848         3.69272        0.983803 
        2.37462         3.68888        0.977562 
        2.38075         3.67111        0.971382 
        2.38689         3.66097         0.96525 
        2.39303         3.64389        0.959172 
        2.39916         3.63054        0.953153 
        2.40529         3.61832        0.947185 
        2.41143         3.60574        0.941265 
        2.41757         3.59728        0.935392 
         2.4237         3.58442        0.929581 
        2.42983         3.55679        0.923819 
        2.43598         3.55487        0.918091 
        2.44211         3.53672        0.912421 
        2.44823         3.52894        0.906811 
        2.45437         3.51214        0.901234 
        2.46052         3.50508        0.895698 
        2.46665         3.49338        0.890219 
        2.47279         3.47819        0.884788 
        2.47892         3.46723        0.879399 
        2.48507         3.45618        0.874049 
         2.4912         3.43868        0.868754 
        2.49733         3.43385        0.863507 
        2.50347         3.41823        0.858292 
        2.50961         3.40805        0.853121 
        2.51575         3.39348        0.847996 
        2.52188         3.38585        0.842919 
        2.52802         3.36873        0.837878 
        2.53416          3.3578        0.832876 
        2.54029         3.35224        0.827925 
        2.54641         3.33222        0.823015 
        2.55255         3.32795         0.81814 
        2.55869         3.31873        0.813297 
        2.56483         3.30582          0.8085 
        2.57096         3.29695        0.803748 
        2.57709         3.28688        0.799031 
        2.58323         3.27474        0.794348 
        2.58937         3.25642        0.789701 
        2.59551         3.25263        0.785097 
        2.60164         3.23688         0.78053 
        2.60778         3.23133        0.775995 
        2.61392         3.21676        0.771498 
        2.62006          3.2133        0.767038 
        2.62619         3.20174        0.762618 
        2.63232         3.18764        0.758232 
        2.63846         3.17823        0.753875 
        2.64459         3.16699        0.749559 
        2.65072         3.16259        0.745276 
        2.65686         3.14741        0.741026 
          2.663         3.14109        0.736802 
        2.66915         3.12603        0.732612 
        2.67527         3.12145        0.728464 
        2.68141         3.10964        0.724345 
        2.68755         3.09793        0.720255 
        2.69368         3.09077        0.716199 
        2.69981         3.08061        0.712181 
        2.70595          3.0679        0.708184 
        2.71209          3.0637        0.704216 
        2.71823         3.05197        0.700285 
        2.72436         3.03616        0.696385 
         2.7305          3.0282        0.692512 
        2.73663         3.02173         0.68867 
        2.74276         3.01458         0.68486 
         2.7489          3.0036        0.681076 
        2.75504         2.99806        0.677318 
        2.76118         2.98242        0.673586 
        2.76732         2.98205        0.669888 
        2.77345         2.97371        0.666218 
        2.77959          2.9611        0.662575 
        2.78572         2.95015        0.658961 
        2.79186         2.94162        0.655374 
        2.79798         2.93659        0.651818 
        2.80412         2.92822        0.648282 
        2.81027         2.91793        0.644768 
         2.8164         2.91147        0.641288 
        2.82253         2.90168        0.637834 
        2.82867         2.89273        0.634403 
        2.83481          2.8847        0.630997 
        2.84095         2.87021        0.627615 
        2.84708         2.86305        0.624263 
        2.85322         2.85661        0.620932 
        2.85935         2.85114        0.617625 
        2.86549         2.84507        0.614345 
        2.87162         2.83733        0.611088 
        2.87776         2.82802        0.607856 
        2.88389         2.82604        0.604645 
        2.89003         2.81353        0.601459 
        2.89617          2.8059        0.598295 
        2.90231           2.799        0.595153 
        2.90844         2.79006        0.592035 
        2.91458         2.78385         0.58894 
        2.92071         2.77211         0.58587 
        2.92684         2.76937        0.582819 
        2.93298         2.75938        0.579791 
         2.9391         2.75454        0.576789 
        2.94524         2.74141        0.573804 
        2.95138         2.73916        0.570838 
        2.95752          2.7277        0.567891 
        2.96367         2.72504        0.564964 
         2.9698         2.71578        0.562064 
        2.97594         2.70863        0.559182 
        2.98207         2.70202         0.55632 
        2.98821          2.6968         0.55348 
        2.99434           2.688         0.55066 
        3.00048          2.6796        0.547858 
        3.00662         2.67287        0.545075 
        3.01275         2.66928        0.542316 
        3.01888         2.66079        0.539574 
        3.02503          2.6582        0.536848 
        3.03117         2.64728        0.534141 
        3.03729         2.64094         0.53146 
        3.04342         2.63438        0.528794 
        3.04957         2.62345         0.52614 
         3.0557         2.62025         0.52351 
        3.06183         2.61873        0.520902 
        3.06796         2.60447        0.518308 
        3.07411         2.60187        0.515726 
        3.08025         2.59235        0.513167 
        3.08637         2.59002         0.51063 
         3.0925         2.58709        0.508106 
        3.09865         2.57414        0.505595 
         3.1048         2.57235        0.503101 
        3.11093         2.56916        0.500629 
        3.11706         2.55846        0.498174 
         3.1232         2.55263        0.495733 
        3.12933         2.54793        0.493309 
        3.13547         2.54776        0.490902 
        3.14159         2.53563        0.488515 
        3.14773         2.53075        0.486139 
        3.15388         2.52541        0.483776 
        3.16001         2.51728        0.481434 
        3.16614          2.5149        0.479108 
        3.17228         2.50734        0.476795 
        3.17842          2.5055        0.474498 
        3.18455         2.49649        0.472217 
        3.19068         2.49191        0.469952 
        3.19682         2.48832        0.467699 
        3.20297         2.48314         0.46546 
         3.2091         2.47768        0.463238 
        3.21524         2.47154        0.461031 
        3.22138         2.46296        0.458838 
         3.2275         2.45788        0.456662 
        3.23363         2.45427          0.4545 
        3.23977         2.44868         0.45235 
        3.24591         2.44612        0.450214 
        3.25205         2.44238         0.44809 
        3.25818         2.43212        0.445981 
        3.26432         2.43105        0.443886 
        3.27046         2.43013        0.441805 
         3.2766         2.41877        0.439736 
        3.28273         2.41299        0.437682 
        3.28887           2.412        0.435641 
          3.295          2.4065        0.433614 
        3.30113         2.39647        0.431599 
        3.30727         2.39584        0.429597 
        3.31341         2.39094        0.427608 
        3.31954         2.38731        0.425632 
        3.32568         2.38389        0.423667 
        3.33182         2.38124        0.421715 
        3.33795           2.374        0.419777 
        3.34409         2.37266        0.417849 
        3.35022         2.36498        0.415933 
        3.35636         2.36016        0.414032 
         3.3625         2.35592         0.41214 
        3.36864         2.35402         0.41026 
        3.37477         2.35042        0.408393 
        3.38091         2.34859        0.406538 
        3.38704         2.34295        0.404695 
        3.39318         2.33853        0.402862 
        3.39931         2.33512        0.401041 
        3.40545         2.33025        0.399231 
        3.41158         2.32806        0.397433 
        3.41772         2.32407        0.395646 
        3.42385         2.32001        0.393871 
        3.42998          2.3138        0.392106 
        3.43612         2.31035        0.390352 
        3.44226         2.30649        0.388608 
         3.4484           2.304        0.386872 
        3.45453          2.2999        0.385151 
        3.46066         2.29706        0.383441 
        3.46681         2.29356        0.381737 
        3.47295         2.28781        0.380044 
        3.47908         2.28595        0.378366 
        3.48521         2.28236        0.376697 
        3.49135         2.27869        0.375035 
        3.49749         2.27631        0.373385 
        3.50362         2.27349        0.371745 
        3.50976         2.26946        0.370115 
        3.51589         2.26722        0.368495 
        3.52203         2.26477        0.366884 
        3.52816         2.25989        0.365285 
        3.53429         2.26027        0.363695 
        3.54043         2.25574        0.362111 
        3.54657         2.25116        0.360538 
        3.55271         2.25031        0.358975 
        3.55884         2.24398        0.357423 
        3.56498         2.24245        0.355878 
        3.57112         2.23876        0.354341 
        3.57725         2.23726        0.352816 
        3.58338         2.23781          0.3513 
        3.58952         2.23135        0.349792 
        3.59566         2.22847        0.348291 
         3.6018          2.2269        0.346801 
        3.60793         2.22513         0.34532 
        3.61407         2.21844        0.343848 
        3.62021         2.21729        0.342383 
        3.62634         2.21698        0.340928 
        3.63247         2.21546        0.339482 
        3.63861         2.21327        0.338043 
        3.64475          2.2061        0.336611 
        3.65089         2.20263         0.33519 
        3.65702         2.20275        0.333777 
        3.66316         2.20006        0.332371 
        3.66929         2.19911        0.330975 
        3.67543         2.19704        0.329586 
        3.68156         2.19376        0.328205 
        3.68769         2.19172        0.326832 
        3.69383         2.18789        0.325467 
        3.69997          2.1852        0.324109 
        3.70611         2.18615         0.32276 
        3.71224         2.18376        0.321417 
        3.71838         2.18133        0.320083 
        3.72451         2.17921        0.318757 
        3.73065         2.17689        0.317439 
        3.73678         2.17437        0.316128 
        3.74292         2.17543        0.314823 
        3.74906          2.1727        0.313526 
        3.75519         2.17117        0.312237 
        3.76133         2.17133        0.310954 
        3.76746         2.16266         0.30968 
         3.7736         2.16553        0.308413 
        3.77974         2.16078        0.307152 
        3.78588         2.16349        0.305898 
        3.79201          2.1587        0.304652 
        3.79814         2.15819        0.303413 
        3.80428         2.15538        0.302181 
        3.81042         2.15449        0.300955 
        3.81655         2.15382        0.299736 
        3.82268         2.15447        0.298525 
        3.82882         2.14966         0.29732 
        3.83496         2.14898        0.296121 
        3.84109         2.14946        0.294929 
        3.84723          2.1463        0.293744 
        3.85337         2.14304        0.292564 
        3.85951         2.14304         0.29139 
        3.86565         2.14237        0.290225 
        3.87178         2.14331        0.289066 
        3.87791          2.1378        0.287914 
        3.88405         2.13894        0.286767 
        3.89019         2.13764        0.285626 
        3.89632         2.13451        0.284492 
        3.90246         2.13372        0.283364 
         3.9086         2.13277        0.282241 
        3.91473         2.13294        0.281126 
        3.92086         2.13018        0.280018 
        3.92699         2.13235        0.278914 
        3.93313         2.12687        0.277816 
        3.93927         2.13146        0.276725 
         3.9454         2.12648        0.275639 
        3.95154         2.12712        0.274558 
        3.95768         2.12367        0.273484 
        3.96382         2.12522        0.272415 
        3.96995          2.1221        0.271352 
        3.97609         2.12194        0.270295 
        3.98222         2.12083        0.269245 
        3.98836         2.12126        0.268199 
         3.9945         2.11889        0.267159 
        4.00063         2.11899        0.266125 
        4.00677         2.11737        0.265095 
        4.01291         2.11649        0.264071 
        4.01904         2.11652        0.263054 
        4.02517         2.11504        0.262042 
        4.03131         2.11721        0.261034 
        4.03745         2.11643        0.260031 
        4.04358         2.11418        0.259035 
        4.04972         2.11473        0.258044 
        4.05585         2.11446        0.257058 
        4.06199         2.11376        0.256076 
        4.06812         2.11304        0.255101 
        4.07426         2.11081         0.25413 
         4.0804         2.11076        0.253164 
        4.08654         2.11046        0.252203 
        4.09267         2.10981        0.251248 
         4.0988         2.10893        0.250298 
        4.10494         2.10839        0.249353 
        4.11108         2.10722        0.248411 
        4.11721         2.10695        0.247476 
        4.12334         2.10712        0.246545 
        4.12948         2.10682        0.245619 
        4.13561         2.10601        0.244698 
        4.14176         2.10797         0.24378 
        4.14789         2.10685        0.242868 
        4.15403         2.10467        0.241961 
        4.16016         2.10583        0.241058 
         4.1663         2.10643         0.24016 
        4.17243         2.10458        0.239267 
        4.17857         2.10509        0.238378 
        4.18471         2.10602        0.237494 
        4.19084         2.10614        0.236614 
        4.19698          2.1016        0.235739 
        4.20312         2.10312        0.234868 
        4.20925         2.10284        0.234001 
        4.21538          2.1039         0.23314 
        4.22152         2.10213        0.232282 
        4.22766         2.10158        0.231428 
         4.2338         2.09793         0.23058 
        4.23993         2.10209        0.229735 
        4.24607         2.10259        0.228894 
         4.2522         2.10195        0.228058 
        4.25834         2.10293        0.227226 
        4.26447         2.10027        0.226398 
        4.27061         2.09968        0.225575 
        4.27674          2.1015        0.224755 
        4.28288         2.10177        0.223939 
        4.28902         2.10269        0.223127 
        4.29515         2.10242        0.222321 
        4.30129         2.09912        0.221517 
        4.30743         2.10225        0.220717 
        4.31356         2.10361        0.219921 
        4.31969         2.10047        0.219131 
        4.32583         2.10054        0.218343 
        4.33197         2.10138        0.217559 
         4.3381         2.10127        0.216779 
        4.34424         2.09913        0.216003 
        4.35038         2.10033         0.21523 
        4.35652         2.10253        0.214461 
        4.36265         2.10057        0.213697 
        4.36878         2.09725        0.212936 
        4.37492         2.10074        0.212179 
        4.38106         2.10092        0.211425 
        4.38719         2.10093        0.210675 
        4.39333         2.10303         0.20993 
        4.39946         2.09943        0.209187 
         4.4056         2.10027        0.208448 
        4.41173         2.10088        0.207713 
        4.41786         2.09935        0.206982 
          4.424         2.09981        0.206254 
        4.43014         2.10058        0.205528 
        4.43628         2.09933        0.204806 
        4.44241         2.09947        0.204089 
        4.44855         2.09998        0.203375 
        4.45469          2.0992        0.202663 
        4.46083         2.10339        0.201956 
        4.46696         2.10171        0.201253 
        4.47309         2.09979        0.200552 
        4.47923         2.10069        0.199854 
        4.48537          2.0993         0.19916 
         4.4915           2.102         0.19847 
        4.49764         2.10206        0.197782 
        4.50378          2.1008        0.197098 
        4.50991         2.10122        0.196418 
        4.51604         2.09974        0.195741 
        4.52218         2.10021        0.195065 
        4.52832         2.10105        0.194394 
        4.53445         2.10106        0.193726 
        4.54059         2.10168        0.193062 
        4.54673          2.0995          0.1924 
        4.55286          2.1005        0.191741 
          4.559         2.10096        0.191085 
        4.56513         2.10121        0.190433 
        4.57127         2.10165        0.189784 
        4.57741         2.10059        0.189137 
        4.58354          2.0983        0.188494 
        4.58968             2.1        0.187854 
        4.59582         2.10227        0.187216 
        4.60195         2.10058        0.186582 
        4.60809         2.10081        0.185951 
        4.61422         2.10163        0.185323 
        4.62036         2.10175        0.184697 
        4.62649          2.1012        0.184075 
        4.63263         2.10058        0.183455 
        4.63876         2.10026        0.182838 
         4.6449         2.10161        0.182224 
        4.65104         2.10039        0.181613 
        4.65717         2.09868        0.181005 
        4.66331         2.10166        0.180399 
        4.66944         2.09769        0.179797 
        4.67558         2.10052        0.179197 
        4.68171         2.10064          0.1786 
        4.68785         2.09879        0.178005 
        4.69399         2.10103        0.177413 
        4.70012         2.10102        0.176825 
        4.70625         2.09959        0.176238 
        4.71239          2.1013        0.175654 
        4.71853         2.10156        0.175073 
        4.72467         2.09997        0.174494 
         4.7308         2.10042        0.173919 
        4.73694         2.10123        0.173346 
        4.74308         2.10024        0.172775 
        4.74922         2.09984        0.172207 
        4.75535         2.09942        0.171641 
        4.76148         2.09769        0.171079 
        4.76762         2.09933        0.170518 
        4.77376         2.09974         0.16996 
        4.77989         2.09888        0.169405 
        4.78602         2.09952        0.168853 
        4.79216          2.0974        0.168302 
         4.7983         2.09769        0.167754 
        4.80443         2.10091        0.167209 
        4.81056         2.09817        0.166666 
         4.8167         2.09778        0.166125 
        4.82284         2.09974        0.165586 
        4.82898         2.10014        0.165051 
        4.83511         2.09871        0.164518 
        4.84125         2.09696        0.163986 
        4.84739         2.09714        0.163457 
        4.85352         2.10035        0.162931 
        4.85965         2.09683        0.162408 
        4.86579         2.09647        0.161886 
        4.87193          2.0958        0.161366 
        4.87807         2.09624        0.160849 
         4.8842         2.09749        0.160334 
        4.89034         2.09405        0.159821 
        4.89647         2.09691        0.159311 
        4.90261         2.09329        0.158803 
        4.90874         2.09583        0.158297 
        4.91488         2.09502        0.157794 
        4.92102         2.09673        0.157292 
        4.92715         2.09402        0.156793 
        4.93329         2.09466        0.156296 
        4.93942         2.09463        0.155801 
        4.94556          2.0946        0.155308 
         4.9517         2.09479        0.154817 
        4.95783         2.09286        0.154328 
        4.96397         2.09337        0.153842 
        4.97011         2.09357        0.153358 
        4.97624          2.0912        0.152875 
        4.98238         2.09124        0.152396 
        4.98851         2.09015        0.151918 
        4.99465         2.09197        0.151442 
        5.00078         2.09168        0.150968 
        5.00691         2.09063        0.150496 
        5.01305         2.09097        0.150026 
        5.01919         2.09007        0.149558 
        5.02533         2.09089        0.149092 
        5.03146         2.08867        0.148628 
         5.0376         2.08967        0.148167 
        5.04374         2.08765        0.147707 
        5.04987         2.08799        0.147248 
        5.05601         2.08874        0.146793 
        5.06215         2.08855        0.146338 
        5.06829         2.08954        0.145886 
        5.07442         2.08874        0.145436 
        5.08055         2.08561        0.144988 
        5.08668         2.08646        0.144542 
        5.09282          2.0876        0.144097 
        5.09896         2.08591        0.143655 
        5.10509         2.08678        0.143214 
        5.11123         2.08675        0.142775 
        5.11736         2.08607        0.142338 
         5.1235         2.08462        0.141903 
        5.12964         2.08293        0.141469 
        5.13577         2.08548        0.141038 
        5.14191         2.08458        0.140608 
        5.14804         2.08273         0.14018 
        5.15418         2.08235        0.139754 
        5.16032         2.08241         0.13933 
        5.16645         2.08491        0.138907 
        5.17259         2.08093        0.138486 
        5.17872         2.07901        0.138067 
        5.18486         2.08084        0.137649 
          5.191         2.08119        0.137234 
        5.19713         2.07998         0.13682 
        5.20327         2.07912        0.136408 
        5.20941         2.07929        0.135997 
        5.21555          2.0778        0.135588 
        5.22168         2.07642        0.135181 
        5.22781         2.07529        0.134776 
        5.23395         2.07796        0.134372 
        5.24009         2.07696         0.13397 
        5.24622          2.0757        0.133569 
        5.25236         2.07704        0.133171 
         5.2585         2.07605        0.132773 
        5.26463         2.07558        0.132377 
        5.27077         2.07422        0.131984 
         5.2769         2.07525        0.131591 
        5.28304         2.07404        0.131201 
        5.28917         2.07235        0.130812 
         5.2953          2.0735        0.130424 
        5.30144         2.07235        0.130038 
        5.30757         2.07194        0.129654 
        5.31371         2.07173        0.129271 
        5.31985         2.07201         0.12889 
        5.32599         2.07102         0.12851 
        5.33213         2.06922        0.128131 
        5.33826           2.069        0.127754 
         5.3444         2.06766        0.127379 
        5.35053         2.06959        0.127006 
        5.35667         2.06922        0.126633 
        5.36281         2.07066        0.126262 
        5.36894         2.06948        0.125893 
        5.37507         2.06937        0.125526 
        5.38121         2.06738        0.125159 
        5.38735          2.0674        0.124794 
        5.39348         2.06625        0.124431 
        5.39961         2.06737         0.12407 
        5.40575         2.06721        0.123709 
        5.41189         2.06504         0.12335 
        5.41803         2.06444        0.122992 
        5.42416          2.0649        0.122636 
         5.4303         2.06357        0.122281 
        5.43644         2.06264        0.121928 
        5.44257         2.06306        0.121576 
        5.44871         2.06305        0.121225 
        5.45484         2.06235        0.120876 
        5.46098         2.06209        0.120528 
        5.46712         2.06162        0.120182 
        5.47325         2.06326        0.119837 
        5.47938         2.06211        0.119493 
        5.48552         2.06037        0.119151 
        5.49165          2.0615         0.11881 
        5.49779         2.05927         0.11847 
        5.50393         2.06055        0.118132 
        5.51006         2.06039        0.117794 
         5.5162         2.05936        0.117459 
        5.52234         2.05883        0.117124 
        5.52847         2.05982        0.116791 
        5.53461         2.05846        0.116459 
        5.54075         2.05931        0.116129 
        5.54688         2.05889          0.1158 
        5.55302         2.05844        0.115472 
        5.55915         2.05793        0.115145 
        5.56529         2.05923         0.11482 
        5.57143         2.05655        0.114496 
        5.57756         2.05769        0.114173 
         5.5837          2.0582        0.113851 
        5.58983         2.05756        0.113531 
        5.59597         2.05718        0.113212 
         5.6021         2.05432        0.112894 
        5.60824          2.0563        0.112577 
        5.61438         2.05474        0.112262 
        5.62051         2.05754        0.111948 
        5.62665         2.05667        0.111634 
        5.63278          2.0562        0.111323 
        5.63892         2.05519        0.111012 
        5.64505         2.05623        0.110703 
        5.65119         2.05576        0.110394 
        5.65733         2.05467        0.110087 
        5.66346         2.05687        0.109782 
         5.6696         2.05533        0.109477 
        5.67573         2.05549        0.109173 
        5.68187         2.05554        0.108871 
          5.688         2.05613         0.10857 
        5.69414         2.05392         0.10827 
        5.70028         2.05597        0.107971 
        5.70642         2.05595        0.107673 
        5.71255         2.05633        0.107376 
        5.71869         2.05551        0.107081 
        5.72482         2.05629        0.106786 
        5.73096         2.05617        0.106493 
        5.73709         2.05559        0.106201 
        5.74322         2.05723         0.10591 
        5.74936         2.05522         0.10562 
         5.7555         2.05692        0.105331 
        5.76164         2.05646        0.105043 
        5.76777         2.05771        0.104756 
        5.77391         2.05527         0.10447 
        5.78005         2.05642        0.104186 
        5.78618         2.05881        0.103902 
        5.79231         2.05789         0.10362 
        5.79845         2.05758        0.103339 
        5.80459         2.05916        0.103058 
        5.81073         2.05886        0.102779 
        5.81686         2.05878        0.102501 
          5.823         2.05811        0.102223 
        5.82914         2.05911        0.101947 
        5.83527         2.06064        0.101672 
         5.8414         2.06093        0.101398 
        5.84754         2.06114        0.101125 
        5.85368         2.06092        0.100853 
        5.85981         2.06187        0.100582 
        5.86595         2.06243        0.100312 
        5.87208         2.06213        0.100043 
        5.87822         2.06413       0.0997748 
        5.88435         2.06433       0.0995079 
        5.89049          2.0639       0.0992417 
        5.89662         2.06499       0.0989766 
        5.90276         2.06628       0.0987123 
         5.9089         2.06545       0.0984491 
        5.91503           2.067       0.0981871 
        5.92117         2.06897       0.0979258 
        5.92731         2.06973       0.0976654 
        5.93344          2.0709       0.0974061 
        5.93958         2.07053       0.0971478 
        5.94572         2.07115       0.0968903 
        5.95186         2.07022       0.0966336 
        5.95799         2.07039       0.0963783 
        5.96412         2.07399       0.0961238 
        5.97026         2.07333         0.09587 
         5.9764         2.07648       0.0956173 
        5.98253         2.07591       0.0953657 
        5.98866         2.07777       0.0951148 
         5.9948         2.07807       0.0948646 
        6.00094         2.07963       0.0946155 
        6.00707         2.08043       0.0943673 
        6.01321         2.08159         0.09412 
        6.01935         2.08278       0.0938736 
        6.02548         2.08384       0.0936281 
        6.03162         2.08662       0.0933835 
        6.03775         2.08647       0.0931399 
        6.04389         2.08732        0.092897 
        6.05003         2.08969       0.0926548 
        6.05617         2.09174       0.0924136 
         6.0623         2.09136       0.0921733 
        6.06844         2.09309       0.0919339 
        6.07457         2.09587       0.0916955 
         6.0807         2.09703       0.0914579 
        6.08684         2.09919       0.0912212 
        6.09298         2.09824       0.0909851 
        6.09912         2.10105       0.0907498 
        6.10525         2.10098       0.0905156 
        6.11138         2.10291       0.0902821 
        6.11752         2.10543       0.0900494 
        6.12366         2.10375       0.0898175 
        6.12979         2.10989       0.0895867 
        6.13593         2.11028       0.0893566 
        6.14207         2.11148        0.089127 
         6.1482         2.11349       0.0888984 
        6.15434          2.1154       0.0886708 
        6.16047         2.11679       0.0884439 
        6.16661         2.12022       0.0882177 
        6.17274         2.12235       0.0879924 
        6.17887          2.1237       0.0877679 
        6.18501          2.1268       0.0875441 
        6.19115         2.12724        0.087321 
        6.19729         2.12938       0.0870987 
        6.20342         2.13144       0.0868773 
        6.20956         2.13403       0.0866566 
         6.2157         2.13693       0.0864366 
        6.22183         2.14039       0.0862174 
        6.22797         2.14002       0.0859991 
         6.2341         2.14358       0.0857816 
        6.24024         2.14418       0.0855646 
        6.24638         2.14861       0.0853484 
        6.25251          2.1509       0.0851331 
        6.25865         2.15197       0.0849185 
        6.26478         2.15363       0.0847046 
        6.27092         2.15882       0.0844915 
        6.27705         2.16222       0.0842792 
        6.28318         2.16269       0.0840676 
