# k  (h/Mpc)    P(k)  (Mpc/h)^3    P_linear(k)  (Mpc/h)^3
     0.00783031         6003.27         6094.84 
       0.013688         7501.41         7489.89 
       0.019231         7542.13         7544.88 
      0.0249154         6841.12         6935.43 
      0.0312784         5933.64         5968.37 
      0.0375637         5066.92         5060.34 
      0.0433917         4359.58         4399.19 
      0.0492413         3917.45         3927.56 
      0.0555754         3523.46            3583 
      0.0619321         3343.34         3329.52 
       0.067871         3064.08         3108.66 
      0.0738098         2822.37         2864.61 
      0.0800417         2522.82         2576.95 
      0.0862327         2254.29         2280.42 
      0.0921407         2015.93         2017.28 
      0.0982031          1783.5          1791.8 
       0.104506         1644.03         1616.24 
       0.110769         1519.62         1496.42 
       0.116806         1427.38         1417.32 
       0.122832         1370.74         1355.07 
       0.129052         1285.71         1290.53 
       0.135211         1213.85         1215.35 
       0.141259         1144.07            1129 
       0.147318         1061.51         1035.99 
       0.153489          964.76         944.142 
       0.159709         896.319         863.435 
       0.165845         847.582         800.283 
       0.171974         793.855         753.609 
       0.178125         759.223         719.531 
       0.184229         732.139         692.697 
        0.19034         688.704         667.104 
       0.196428           673.3         638.821 
       0.202534         648.567         606.171 
       0.208729         610.478         569.732 
       0.214876         572.663         533.001 
       0.220989         548.962         498.905 
       0.227147         516.238         469.242 
        0.23329         493.622          445.17 
       0.239377         480.521         426.221 
       0.245482         450.803         410.649 
       0.251667         445.438         396.524 
       0.257832          430.47         382.427 
       0.263955         414.742         367.454 
       0.270079         398.598         351.377 
        0.27624         390.354         334.624 
       0.282372         373.647         318.287 
        0.28843         359.852         303.309 
       0.294538         343.391         289.936 
       0.300721         338.996         278.287 
        0.30691          323.37         268.249 
       0.313033         315.843         259.407 
       0.319153         303.576         251.074 
       0.325316         296.298         242.736 
        0.33145         286.314         234.256 
       0.337538         281.743         225.673 
       0.343633          271.94         217.102 
       0.349808         263.042         208.707 
       0.355968         258.357         200.878 
       0.362074         251.358         193.774 
       0.368217         244.446         187.316 
       0.374374         236.345         181.415 
       0.380519         232.254         175.933 
       0.386598         226.236         170.746 
       0.392688         223.035         165.642 
        0.39888         217.097         160.497 
       0.405048          211.96         155.422 
       0.411186         207.206         150.471 
       0.417313         202.678         145.714 
       0.423458         198.406         141.193 
       0.429607         193.695         136.941 
       0.435692         187.758         133.011 
       0.441815         186.328         129.294 
       0.447964         182.986         125.743 
       0.454126         175.191         122.316 
       0.460267         173.225         118.999 
       0.466387         170.739         115.765 
        0.47254          167.17         112.582 
       0.478662         165.598         109.507 
       0.484765         160.724         106.552 
       0.490885         158.169         103.709 
       0.497035          156.07         100.979 
       0.503198         151.841         98.3749 
       0.509342         149.409         95.8964 
       0.515458         147.279         93.5258 
       0.521598         145.137         91.2236 
       0.527764         142.928         88.9791 
       0.533884         140.654         86.8156 
           0.54         138.202         84.7155 
       0.546137         137.037         82.6685 
       0.552299          134.72         80.6775 
       0.558452         132.035         78.7578 
       0.564573         129.719         76.9183 
       0.570708          127.83         75.1445 
       0.576825         126.116          73.439 
       0.582926         123.794         71.7941 
       0.589034         121.821         70.1967 
       0.595184         120.392         68.6342 
       0.601379         119.013          67.106 
       0.607522         116.211          65.635 
       0.613639         115.884         64.2135 
       0.619772         113.287         62.8309 
       0.625918          112.11         61.4869 
       0.632068         110.837         60.1824 
       0.638161         109.617         58.9284 
         0.6443         108.127         57.7023 
       0.650464         106.843          56.508 
       0.656582         105.419          55.357 
       0.662703         103.585         54.2386 
       0.668861          102.38         53.1452 
       0.675024         101.216         52.0812 
       0.681124         100.131          51.057 
       0.687237         98.3323         50.0581 
       0.693381         97.2249          49.081 
       0.699536         96.1502         48.1282 
       0.705665         96.4798          47.205 
       0.711789         93.8655          46.307 
       0.717957         93.3714         45.4265 
        0.72409         92.0244         44.5743 
       0.730186         90.4892         43.7494 
       0.736317         90.2766         42.9414 
       0.742472         89.2722          42.151 
       0.748622         88.4063         41.3816 
        0.75476         87.4626         40.6333 
       0.760888          86.228         39.9047 
       0.767043         85.4597         39.1913 
       0.773185         84.4716          38.497 
       0.779291         83.7593         37.8235 
       0.785407         83.0623         37.1653 
       0.791564         82.0741         36.5187 
       0.797719         80.8648          35.888 
       0.803834         80.5493         35.2763 
       0.809972         79.1921         34.6767 
       0.816124         78.7207         34.0899 
       0.822261         78.0814         33.5184 
       0.828378         77.4115         32.9618 
       0.834502         76.6562         32.4175 
       0.840667         75.9185         31.8821 
       0.846816         74.9809         31.3603 
       0.852925         74.3588         30.8537 
       0.859047         73.4035         30.3572 
       0.865192           73.06         29.8702 
       0.871341         72.5838         29.3936 
       0.877463          71.396         28.9296 
       0.883569         70.9572         28.4769 
       0.889708         70.5522         28.0317 
       0.895864         69.9254         27.5949 
       0.902008         69.2867         27.1684 
       0.908149         68.8157         26.7512 
       0.914301         68.1563         26.3422 
       0.920448         67.6076         25.9422 
       0.926574         66.9981         25.5519 
       0.932687         66.6554         25.1706 
       0.938823          65.609         24.7957 
       0.944975         65.3633         24.4277 
       0.951105          64.755         24.0685 
       0.957225         63.9518         23.7172 
       0.963368         63.8558         23.3718 
       0.969511         63.4014         23.0333 
       0.975621         62.9483         22.7034 
       0.981748         62.2633         22.3791 
       0.987916         61.8455         22.0592 
        0.99406         61.4736         21.7467 
        1.00019         60.7515          21.441 
        1.00632         60.4994         21.1414 
        1.01246         59.9554         20.8472 
        1.01859         59.1828         20.5591 
        1.02471         59.3548         20.2769 
        1.03085         58.6744          19.999 
        1.03698          58.175         19.7269 
        1.04314         57.6239         19.4588 
        1.04929         57.3381         19.1963 
        1.05541         56.7498         18.9398 
        1.06154         56.6903         18.6873 
        1.06769         56.1526         18.4391 
        1.07382         55.8723         18.1962 
        1.07993         55.5908         17.9583 
        1.08607         55.0202         17.7237 
        1.09222         54.7732          17.493 
        1.09836         54.3652         17.2667 
        1.10449         53.9616         17.0448 
        1.11063         53.4345         16.8265 
        1.11677         53.1396         16.6121 
         1.1229         52.8701         16.4019 
        1.12903         52.1345         16.1951 
        1.13518         52.2981         15.9918 
        1.14131         51.9897          15.792 
        1.14745         51.2818         15.5959 
        1.15359         51.2264          15.403 
        1.15973         50.6715         15.2133 
        1.16584         50.3734         15.0277 
        1.17197         50.1354          14.845 
        1.17811         49.8554         14.6647 
        1.18424         49.3324          14.488 
        1.19038          49.203         14.3137 
        1.19652         48.9849         14.1423 
        1.20267         48.5935         13.9738 
        1.20881         48.2745          13.808 
        1.21495         47.8897         13.6452 
        1.22108         47.6353         13.4851 
         1.2272         47.1606         13.3279 
        1.23334         47.0176         13.1729 
        1.23949         46.9245           13.02 
        1.24562         46.5211           12.87 
        1.25174         46.3238         12.7225 
        1.25789         46.0399          12.577 
        1.26402         45.6573          12.434 
        1.27014         45.2742         12.2935 
        1.27628          45.149         12.1549 
        1.28244         44.7992         12.0181 
        1.28858         44.6452         11.8836 
        1.29471         44.4717         11.7515 
        1.30084         44.1988         11.6215 
        1.30697         43.8399         11.4933 
        1.31312         43.5008         11.3669 
        1.31925         43.4284         11.2428 
        1.32537         43.1901         11.1206 
        1.33151         42.8328         10.9999 
        1.33765         42.7768          10.881 
        1.34378         42.4872         10.7641 
        1.34992         42.0466         10.6489 
        1.35606         41.8448         10.5351 
         1.3622          41.627         10.4231 
        1.36833         41.4229         10.3131 
        1.37445         41.3624         10.2047 
        1.38059         41.0856         10.0976 
        1.38675         40.7478          9.9917 
        1.39288         40.6392         9.88778 
        1.39901         40.3049         9.78539 
        1.40515         40.1347         9.68423 
         1.4113         40.0156         9.58455 
        1.41742         39.6485         9.48665 
        1.42355         39.5075         9.38994 
         1.4297         39.2603          9.2943 
        1.43585         39.1815         9.20003 
        1.44198         38.8721         9.10743 
        1.44809         38.7074         9.01629 
        1.45423          38.554         8.92606 
        1.46036         38.3821         8.83724 
        1.46649         38.1027          8.7496 
        1.47263         37.9236         8.66308 
        1.47877         37.8119         8.57778 
        1.48491         37.6402         8.49349 
        1.49104         37.3869         8.41052 
        1.49718         37.0341         8.32859 
        1.50333         36.9977         8.24763 
        1.50947         36.8268         8.16791 
         1.5156         36.5895         8.08937 
        1.52172         36.3855         8.01186 
        1.52787         36.3792         7.93522 
          1.534         36.0713         7.85967 
        1.54013          35.849         7.78519 
        1.54627          35.774         7.71154 
        1.55241         35.5358         7.63883 
        1.55855         35.3495         7.56717 
        1.56467         35.0861         7.49662 
         1.5708         35.0949         7.42678 
        1.57695         34.7646         7.35773 
        1.58308         34.7614         7.28972 
        1.58922         34.6094         7.22252 
        1.59535         34.3645          7.1562 
         1.6015         34.1559         7.09063 
        1.60764         34.0493          7.0259 
        1.61376         33.8567         6.96217 
        1.61989         33.5884         6.89918 
        1.62604         33.5715         6.83683 
        1.63218         33.3686          6.7753 
        1.63831         33.2281         6.71466 
        1.64444         33.0924         6.65475 
        1.65059         32.8282         6.59543 
        1.65673         32.6882          6.5369 
        1.66285         32.5846         6.47924 
        1.66898         32.3959         6.42226 
        1.67512         32.2984         6.36586 
        1.68127         32.0582         6.31009 
         1.6874         31.9773         6.25511 
        1.69353         31.8135         6.20082 
        1.69967          31.655         6.14704 
        1.70581         31.5555         6.09393 
        1.71193         31.3974         6.04165 
        1.71806          31.208         5.98986 
        1.72421         31.0267         5.93859 
        1.73035          30.903         5.88797 
        1.73649         30.7998         5.83796 
        1.74262           30.62         5.78857 
        1.74876         30.6152         5.73972 
        1.75489          30.376         5.69153 
        1.76101         30.2274         5.64392 
        1.76715         30.1126         5.59678 
        1.77329         30.0021         5.55013 
        1.77943         29.8567         5.50399 
        1.78557          29.701         5.45845 
        1.79171         29.5802         5.41341 
        1.79785         29.4311         5.36887 
        1.80399         29.3084         5.32485 
        1.81012         29.2356         5.28138 
        1.81625         29.0586         5.23842 
        1.82239         28.9955         5.19587 
        1.82853         28.7472         5.15382 
        1.83466         28.6481         5.11227 
        1.84078         28.4525         5.07123 
        1.84692         28.4086         5.03057 
        1.85306         28.2668         4.99031 
         1.8592         28.1307         4.95056 
        1.86533           27.98         4.91126 
        1.87147         27.8862         4.87234 
        1.87761         27.8525         4.83383 
        1.88375         27.6964         4.79578 
        1.88988         27.5982         4.75819 
        1.89601         27.3988         4.72097 
        1.90215         27.3513         4.68413 
        1.90829          27.276         4.64769 
        1.91442         27.0699         4.61164 
        1.92056         27.0173           4.576 
         1.9267          26.837         4.54071 
        1.93284         26.7028         4.50577 
        1.93897         26.6499         4.47126 
        1.94509         26.5175         4.43718 
        1.95123          26.376         4.40338 
        1.95737         26.2748         4.36991 
        1.96349         26.1663         4.33687 
        1.96964         26.0214         4.30407 
        1.97578         25.9887         4.27161 
        1.98192         25.8017         4.23954 
        1.98805         25.7523          4.2078 
        1.99419         25.6051         4.17638 
        2.00033         25.4453         4.14527 
        2.00647         25.3743         4.11449 
         2.0126         25.2507         4.08407 
        2.01874         25.1883         4.05392 
        2.02488         25.1584         4.02404 
        2.03101         24.9568         3.99452 
        2.03714         24.8556         3.96533 
        2.04328         24.7381         3.93639 
        2.04941         24.6716         3.90777 
        2.05554         24.5711         3.87945 
        2.06167         24.4645         3.85138 
        2.06781         24.3639         3.82358 
        2.07396         24.2754         3.79601 
        2.08009          24.208         3.76877 
        2.08622         24.0562         3.74182 
        2.09237         23.9712         3.71509 
        2.09851         23.8672         3.68861 
        2.10464         23.8143         3.66244 
        2.11077         23.6197         3.63655 
        2.11691         23.5954         3.61085 
        2.12305         23.4846          3.5854 
        2.12918         23.4428         3.56026 
        2.13531         23.3149         3.53536 
        2.14145         23.2509         3.51064 
         2.1476         23.0964         3.48612 
        2.15372         23.0156         3.46196 
        2.15985         22.8994         3.43801 
        2.16599         22.8417         3.41422 
        2.17213         22.7812         3.39067 
        2.17827         22.6032         3.36736 
         2.1844         22.5104         3.34428 
        2.19054         22.4383         3.32142 
        2.19666         22.3763          3.2988 
         2.2028         22.3104         3.27637 
        2.20893          22.196         3.25414 
        2.21508         22.1011         3.23209 
        2.22122         21.9529         3.21023 
        2.22736         21.9521         3.18863 
        2.23349         21.8317         3.16723 
        2.23962         21.7386         3.14601 
        2.24577         21.6218         3.12498 
         2.2519         21.5786         3.10416 
        2.25802         21.4893         3.08357 
        2.26417         21.4153          3.0631 
        2.27031         21.3337         3.04281 
        2.27644         21.2528         3.02276 
        2.28257         21.1473         3.00289 
        2.28872         21.0342         2.98316 
        2.29486         20.9826         2.96361 
        2.30099         20.8831         2.94428 
        2.30712         20.8623         2.92511 
        2.31326         20.7649         2.90608 
         2.3194         20.6549         2.88723 
        2.32553         20.5708         2.86859 
        2.33166         20.4659         2.85011 
         2.3378         20.3823         2.83177 
        2.34394         20.3371         2.81359 
        2.35007         20.2464         2.79559 
        2.35619         20.1223         2.77777 
        2.36233            20.1         2.76007 
        2.36848         19.9797         2.74248 
        2.37462         19.9225         2.72509 
        2.38075         19.8468         2.70786 
        2.38689         19.8046         2.69076 
        2.39303         19.6766         2.67382 
        2.39916         19.6147         2.65704 
        2.40529         19.5254         2.64041 
        2.41143         19.4838          2.6239 
        2.41757         19.3949         2.60753 
         2.4237         19.3074         2.59133 
        2.42983         19.2419         2.57527 
        2.43598         19.1757          2.5593 
        2.44211         19.0851          2.5435 
        2.44823         18.9909         2.52786 
        2.45437         18.9412         2.51231 
        2.46052         18.8767         2.49688 
        2.46665         18.8258         2.48161 
        2.47279         18.7237         2.46647 
        2.47892         18.6783         2.45144 
        2.48507         18.5912         2.43653 
         2.4912         18.5317         2.42177 
        2.49733         18.4457         2.40714 
        2.50347         18.3901         2.39261 
        2.50961         18.3088         2.37819 
        2.51575         18.2295          2.3639 
        2.52188         18.1665         2.34975 
        2.52802         18.1071          2.3357 
        2.53416         18.0394         2.32175 
        2.54029         17.9353         2.30795 
        2.54641         17.8884         2.29426 
        2.55255         17.8243         2.28068 
        2.55869          17.741         2.26718 
        2.56483         17.6996          2.2538 
        2.57096         17.6256         2.24055 
        2.57709         17.5801         2.22741 
        2.58323          17.482         2.21435 
        2.58937         17.4337          2.2014 
        2.59551         17.3436         2.18856 
        2.60164         17.3083         2.17583 
        2.60778         17.2616         2.16319 
        2.61392         17.1739         2.15065 
        2.62006         17.0973         2.13822 
        2.62619         17.0498          2.1259 
        2.63232         16.9563         2.11367 
        2.63846         16.9304         2.10153 
        2.64459         16.8376         2.08949 
        2.65072         16.7762         2.07756 
        2.65686         16.6993         2.06571 
          2.663         16.6509         2.05393 
        2.66915         16.5927         2.04225 
        2.67527         16.5567         2.03069 
        2.68141          16.471         2.01921 
        2.68755         16.4189         2.00781 
        2.69368          16.348          1.9965 
        2.69981         16.3014          1.9853 
        2.70595         16.2487         1.97416 
        2.71209         16.1685         1.96309 
        2.71823          16.099         1.95214 
        2.72436         16.0449         1.94126 
         2.7305         15.9885         1.93047 
        2.73663         15.9677         1.91976 
        2.74276         15.8845         1.90914 
         2.7489         15.8498         1.89859 
        2.75504         15.7809         1.88811 
        2.76118         15.7143         1.87771 
        2.76732         15.6527          1.8674 
        2.77345         15.6019         1.85717 
        2.77959         15.5342         1.84702 
        2.78572         15.4755         1.83694 
        2.79186         15.4267         1.82694 
        2.79798          15.357         1.81703 
        2.80412         15.2972         1.80717 
        2.81027         15.2476         1.79738 
         2.8164         15.1965         1.78768 
        2.82253         15.1397         1.77805 
        2.82867         15.0978         1.76848 
        2.83481         15.0219         1.75899 
        2.84095         14.9827         1.74956 
        2.84708         14.9483         1.74022 
        2.85322         14.8667         1.73093 
        2.85935         14.8232         1.72171 
        2.86549         14.7569         1.71257 
        2.87162         14.7122         1.70349 
        2.87776          14.652         1.69448 
        2.88389         14.5968         1.68553 
        2.89003         14.5432         1.67665 
        2.89617         14.5252         1.66782 
        2.90231         14.4407         1.65907 
        2.90844         14.4198         1.65038 
        2.91458         14.3571         1.64175 
        2.92071         14.3102         1.63319 
        2.92684         14.2539         1.62468 
        2.93298         14.2092         1.61624 
         2.9391         14.1643         1.60788 
        2.94524         14.0985         1.59955 
        2.95138         14.0644         1.59129 
        2.95752         13.9874         1.58307 
        2.96367         13.9628         1.57491 
         2.9698         13.9128         1.56683 
        2.97594         13.8613         1.55879 
        2.98207         13.8139         1.55081 
        2.98821          13.746          1.5429 
        2.99434         13.7054         1.53504 
        3.00048         13.6553         1.52723 
        3.00662         13.6248         1.51947 
        3.01275         13.5675         1.51178 
        3.01888         13.5076         1.50413 
        3.02503         13.4531         1.49653 
        3.03117         13.4309         1.48899 
        3.03729         13.3757         1.48151 
        3.04342         13.3061         1.47408 
        3.04957         13.2811         1.46669 
         3.0557         13.2383         1.45935 
        3.06183          13.189         1.45208 
        3.06796         13.1316         1.44485 
        3.07411         13.0903         1.43765 
        3.08025         13.0403         1.43052 
        3.08637         12.9904         1.42345 
         3.0925         12.9482         1.41641 
        3.09865         12.9149         1.40941 
         3.1048         12.8592         1.40246 
        3.11093         12.8263         1.39557 
        3.11706         12.7879         1.38872 
         3.1232         12.7319         1.38192 
        3.12933         12.6938         1.37516 
        3.13547         12.6535         1.36845 
        3.14159         12.5988          1.3618 
        3.14773         12.5392         1.35517 
        3.15388         12.5411         1.34859 
        3.16001         12.4813         1.34206 
        3.16614         12.4405         1.33557 
        3.17228         12.3928         1.32913 
        3.17842         12.3566         1.32272 
        3.18455         12.3223         1.31637 
        3.19068         12.2626         1.31005 
        3.19682         12.2207         1.30377 
        3.20297         12.1887         1.29753 
         3.2091         12.1459         1.29134 
        3.21524         12.0862         1.28518 
        3.22138         12.0629         1.27907 
         3.2275         12.0254           1.273 
        3.23363         11.9742         1.26698 
        3.23977         11.9479         1.26098 
        3.24591         11.9119         1.25503 
        3.25205         11.8573         1.24911 
        3.25818         11.8164         1.24323 
        3.26432         11.7753         1.23739 
        3.27046         11.7425         1.23159 
         3.2766         11.6977         1.22582 
        3.28273         11.6726          1.2201 
        3.28887          11.617         1.21441 
          3.295         11.5896         1.20875 
        3.30113         11.5274         1.20314 
        3.30727         11.5107         1.19756 
        3.31341         11.4694         1.19201 
        3.31954          11.429          1.1865 
        3.32568         11.3988         1.18103 
        3.33182         11.3508         1.17558 
        3.33795         11.3322         1.17018 
        3.34409         11.2707         1.16481 
        3.35022         11.2382         1.15947 
        3.35636         11.2028         1.15417 
         3.3625         11.1711         1.14889 
        3.36864         11.1315         1.14365 
        3.37477         11.1006         1.13845 
        3.38091         11.0492         1.13328 
        3.38704         11.0143         1.12814 
        3.39318         10.9872         1.12303 
        3.39931         10.9399         1.11795 
        3.40545         10.9027         1.11291 
        3.41158         10.8685          1.1079 
        3.41772         10.8354         1.10291 
        3.42385          10.804         1.09796 
        3.42998         10.7633         1.09305 
        3.43612         10.7308         1.08816 
        3.44226         10.7056         1.08329 
         3.4484         10.6721         1.07846 
        3.45453         10.6206         1.07366 
        3.46066         10.5915         1.06889 
        3.46681         10.5535         1.06414 
        3.47295         10.5316         1.05942 
        3.47908           10.49         1.05474 
        3.48521         10.4425         1.05009 
        3.49135         10.4168         1.04546 
        3.49749         10.3971         1.04086 
        3.50362          10.356         1.03629 
        3.50976         10.3214         1.03174 
        3.51589         10.2791         1.02723 
        3.52203         10.2417         1.02274 
        3.52816         10.2246         1.01828 
        3.53429         10.1862         1.01384 
        3.54043         10.1528         1.00943 
        3.54657         10.1288         1.00504 
        3.55271         10.0872         1.00069 
        3.55884         10.0602        0.996362 
        3.56498         10.0216        0.992053 
        3.57112         9.99133         0.98777 
        3.57725         9.95625        0.983518 
        3.58338         9.92627        0.979294 
        3.58952         9.89882        0.975089 
        3.59566         9.87097        0.970905 
         3.6018         9.82463         0.96675 
        3.60793         9.80366        0.962622 
        3.61407         9.76736        0.958519 
        3.62021         9.74111        0.954436 
        3.62634         9.68988        0.950379 
        3.63247         9.68147        0.946348 
        3.63861          9.6455        0.942338 
        3.64475         9.61676        0.938346 
        3.65089         9.58268        0.934383 
        3.65702          9.5521        0.930446 
        3.66316         9.51058        0.926527 
        3.66929           9.498        0.922634 
        3.67543         9.46262        0.918762 
        3.68156         9.43111        0.914914 
        3.68769         9.40583        0.911086 
        3.69383         9.38039        0.907279 
        3.69997         9.33359        0.903494 
        3.70611         9.31065        0.899732 
        3.71224         9.29163        0.895991 
        3.71838         9.25291        0.892271 
        3.72451         9.22398        0.888575 
        3.73065         9.20297          0.8849 
        3.73678         9.17157        0.881245 
        3.74292         9.13537        0.877607 
        3.74906         9.10169        0.873992 
        3.75519         9.07889        0.870398 
        3.76133         9.04949        0.866824 
        3.76746         9.03264        0.863272 
         3.7736         9.00719        0.859741 
        3.77974         8.97092        0.856225 
        3.78588          8.9468        0.852729 
        3.79201         8.91303        0.849256 
        3.79814         8.88521        0.845802 
        3.80428         8.86265        0.842367 
        3.81042         8.83227        0.838948 
        3.81655         8.79498        0.835551 
        3.82268         8.77919        0.832175 
        3.82882         8.75524        0.828817 
        3.83496          8.7328        0.825473 
        3.84109         8.70501         0.82215 
        3.84723         8.66501        0.818847 
        3.85337         8.63753        0.815558 
        3.85951         8.60915        0.812286 
        3.86565         8.58683        0.809037 
        3.87178         8.56442        0.805808 
        3.87791         8.53382        0.802595 
        3.88405         8.51568        0.799397 
        3.89019         8.48316        0.796218 
        3.89632         8.45846        0.793057 
        3.90246         8.43997        0.789911 
         3.9086         8.40133        0.786782 
        3.91473         8.37231        0.783674 
        3.92086         8.35456        0.780585 
        3.92699         8.32698        0.777508 
        3.93313         8.30261        0.774446 
        3.93927          8.2821        0.771403 
         3.9454         8.24939        0.768377 
        3.95154         8.21679        0.765364 
        3.95768         8.20631        0.762369 
        3.96382         8.18468         0.75939 
        3.96995         8.15269        0.756427 
        3.97609         8.13075        0.753481 
        3.98222         8.10003        0.750553 
        3.98836         8.08082        0.747637 
         3.9945         8.05236        0.744737 
        4.00063         8.02579        0.741855 
        4.00677         8.01266        0.738984 
        4.01291         7.98312        0.736129 
        4.01904         7.95262        0.733295 
        4.02517         7.92562        0.730475 
        4.03131          7.9143        0.727664 
        4.03745         7.88268        0.724869 
        4.04358         7.85982        0.722092 
        4.04972         7.83863        0.719329 
        4.05585         7.80926         0.71658 
        4.06199         7.79517        0.713844 
        4.06812          7.7594        0.711125 
        4.07426          7.7424        0.708419 
         4.0804         7.72036        0.705725 
        4.08654         7.69366        0.703045 
        4.09267         7.67665        0.700383 
         4.0988         7.65545        0.697737 
        4.10494         7.62812        0.695101 
        4.11108         7.60886        0.692476 
        4.11721          7.5759        0.689868 
        4.12334         7.55927        0.687275 
        4.12948         7.53935        0.684693 
        4.13561         7.51272        0.682124 
        4.14176         7.49372        0.679566 
        4.14789          7.4699        0.677023 
        4.15403         7.45046        0.674495 
        4.16016         7.42954        0.671978 
         4.1663         7.40416        0.669475 
        4.17243          7.3754        0.666986 
        4.17857         7.36347        0.664508 
        4.18471         7.33645        0.662042 
        4.19084         7.31644         0.65959 
        4.19698          7.2981         0.65715 
        4.20312         7.27471        0.654721 
        4.20925         7.25542        0.652307 
        4.21538         7.22628        0.649906 
        4.22152         7.21264        0.647514 
        4.22766         7.19099        0.645134 
         4.2338         7.16894        0.642768 
        4.23993         7.14303        0.640413 
        4.24607         7.12331         0.63807 
         4.2522         7.10818        0.635738 
        4.25834         7.07785        0.633419 
        4.26447         7.06392        0.631112 
        4.27061         7.03966        0.628817 
        4.27674         7.02517        0.626532 
        4.28288         7.00026        0.624256 
        4.28902         6.98341        0.621994 
        4.29515         6.95872        0.619745 
        4.30129         6.93474        0.617505 
        4.30743         6.92116        0.615275 
        4.31356         6.89208        0.613057 
        4.31969         6.87822        0.610853 
        4.32583         6.85004        0.608658 
        4.33197         6.83453         0.60647 
         4.3381         6.81649        0.604296 
        4.34424         6.79986        0.602134 
        4.35038         6.78472        0.599979 
        4.35652         6.75602        0.597836 
        4.36265         6.74451        0.595706 
        4.36878         6.72601        0.593585 
        4.37492         6.69606        0.591473 
        4.38106         6.68079        0.589371 
        4.38719         6.66279        0.587282 
        4.39333         6.64713        0.585204 
        4.39946         6.62686        0.583134 
         4.4056         6.60935        0.581074 
        4.41173         6.59291        0.579024 
        4.41786         6.57152        0.576986 
          4.424         6.55377        0.574956 
        4.43014         6.53156        0.572934 
        4.43628         6.51434        0.570922 
        4.44241         6.49783        0.568922 
        4.44855         6.47465         0.56693 
        4.45469         6.45993        0.564947 
        4.46083         6.43883        0.562976 
        4.46696         6.42155        0.561015 
        4.47309         6.41047        0.559061 
        4.47923           6.388        0.557116 
        4.48537         6.35799        0.555183 
         4.4915         6.34867        0.553258 
        4.49764         6.33092        0.551341 
        4.50378         6.31221        0.549433 
        4.50991         6.29885        0.547537 
        4.51604         6.27594        0.545649 
        4.52218         6.25425        0.543767 
        4.52832         6.24341        0.541896 
        4.53445         6.22911        0.540035 
        4.54059         6.20911        0.538182 
        4.54673         6.19036        0.536336 
        4.55286         6.17764          0.5345 
          4.559         6.14997        0.532673 
        4.56513         6.13772        0.530855 
        4.57127         6.12318        0.529045 
        4.57741         6.10726        0.527242 
        4.58354         6.08875        0.525449 
        4.58968         6.07938        0.523665 
        4.59582         6.05675        0.521887 
        4.60195         6.04127        0.520119 
        4.60809         6.02565         0.51836 
        4.61422         6.00409        0.516609 
        4.62036         5.98219        0.514865 
        4.62649         5.97018        0.513129 
        4.63263         5.95133        0.511402 
        4.63876         5.93793        0.509683 
         4.6449         5.92453         0.50797 
        4.65104          5.9072        0.506267 
        4.65717         5.88943        0.504572 
        4.66331         5.87059        0.502884 
        4.66944         5.85462        0.501203 
        4.67558         5.83681        0.499532 
        4.68171         5.83078        0.497867 
        4.68785         5.81283        0.496208 
        4.69399         5.79984        0.494559 
        4.70012         5.77674        0.492919 
        4.70625         5.75698        0.491284 
        4.71239         5.74873        0.489656 
        4.71853         5.73396        0.488036 
        4.72467          5.7156        0.486423 
         4.7308         5.69723        0.484818 
        4.73694         5.68333        0.483221 
        4.74308         5.67359         0.48163 
        4.74922         5.65924        0.480045 
        4.75535         5.64348         0.47847 
        4.76148         5.62364        0.476902 
        4.76762         5.61336        0.475339 
        4.77376          5.5974        0.473783 
        4.77989         5.58094        0.472236 
        4.78602         5.56406        0.470696 
        4.79216         5.55457         0.46916 
         4.7983         5.54048        0.467633 
        4.80443         5.52004        0.466114 
        4.81056          5.5096        0.464601 
         4.8167         5.49357        0.463092 
        4.82284         5.47903        0.461591 
        4.82898         5.46838        0.460098 
        4.83511         5.45305        0.458612 
        4.84125         5.43476         0.45713 
        4.84739         5.42272        0.455656 
        4.85352         5.41533         0.45419 
        4.85965         5.39685        0.452729 
        4.86579         5.37978        0.451275 
        4.87193         5.37275        0.449826 
        4.87807         5.35391        0.448384 
         4.8842          5.3381        0.446949 
        4.89034         5.32051         0.44552 
        4.89647          5.3152        0.444097 
        4.90261         5.30105        0.442681 
        4.90874         5.28668        0.441272 
        4.91488         5.27206        0.439868 
        4.92102          5.2571        0.438469 
        4.92715         5.24961        0.437077 
        4.93329         5.23328        0.435692 
        4.93942         5.22168        0.434312 
        4.94556         5.20755        0.432937 
         4.9517          5.1898        0.431569 
        4.95783         5.18345        0.430208 
        4.96397         5.16577        0.428852 
        4.97011          5.1571        0.427501 
        4.97624         5.14064        0.426157 
        4.98238         5.13725         0.42482 
        4.98851         5.11511        0.423487 
        4.99465         5.10509         0.42216 
        5.00078         5.09245        0.420839 
        5.00691         5.07527        0.419525 
        5.01305          5.0646        0.418215 
        5.01919         5.05556         0.41691 
        5.02533         5.03879         0.41561 
        5.03146         5.03124        0.414318 
         5.0376         5.01824        0.413031 
        5.04374         5.00536        0.411748 
        5.04987         4.99512        0.410471 
        5.05601         4.98157        0.409201 
        5.06215         4.96803        0.407934 
        5.06829         4.95339        0.406673 
        5.07442         4.94371        0.405419 
        5.08055         4.93787        0.404171 
        5.08668         4.91739        0.402926 
        5.09282         4.91045        0.401686 
        5.09896         4.90221        0.400453 
        5.10509         4.88544        0.399225 
        5.11123         4.87614        0.398001 
        5.11736         4.86466        0.396783 
         5.1235         4.85364        0.395569 
        5.12964         4.84144        0.394361 
        5.13577         4.83108        0.393158 
        5.14191         4.82269        0.391959 
        5.14804         4.80841        0.390768 
        5.15418         4.79493         0.38958 
        5.16032         4.78377        0.388396 
        5.16645         4.77171        0.387218 
        5.17259         4.75816        0.386045 
        5.17872         4.75407        0.384877 
        5.18486         4.74475        0.383712 
          5.191         4.73074        0.382553 
        5.19713         4.72104          0.3814 
        5.20327         4.70792        0.380251 
        5.20941         4.70316        0.379106 
        5.21555         4.68989        0.377966 
        5.22168         4.67755        0.376831 
        5.22781         4.66733        0.375702 
        5.23395         4.65753        0.374576 
        5.24009         4.64491        0.373455 
        5.24622         4.63836        0.372338 
        5.25236         4.62738        0.371227 
         5.2585         4.61773        0.370119 
        5.26463         4.60619        0.369016 
        5.27077         4.59877        0.367918 
         5.2769         4.58302        0.366825 
        5.28304         4.57676        0.365736 
        5.28917         4.56782        0.364652 
         5.2953         4.55977        0.363572 
        5.30144         4.54531        0.362496 
        5.30757         4.53745        0.361424 
        5.31371          4.5317        0.360357 
        5.31985         4.51707        0.359293 
        5.32599         4.50813        0.358234 
        5.33213         4.50047        0.357179 
        5.33826         4.49164        0.356129 
         5.3444         4.48318        0.355083 
        5.35053         4.47176        0.354042 
        5.35667         4.46219        0.353004 
        5.36281         4.45112         0.35197 
        5.36894         4.43871        0.350941 
        5.37507         4.43394        0.349916 
        5.38121         4.42276        0.348895 
        5.38735         4.41888        0.347878 
        5.39348         4.40615        0.346866 
        5.39961         4.40105        0.345857 
        5.40575         4.38776        0.344852 
        5.41189         4.37917         0.34385 
        5.41803         4.37376        0.342853 
        5.42416         4.36249        0.341861 
         5.4303         4.35398        0.340871 
        5.43644          4.3481        0.339886 
        5.44257         4.34046        0.338906 
        5.44871         4.33555        0.337928 
        5.45484         4.32328        0.336954 
        5.46098         4.31339        0.335985 
        5.46712         4.30285        0.335019 
        5.47325         4.29615        0.334057 
        5.47938          4.2889        0.333099 
        5.48552         4.28143        0.332146 
        5.49165         4.27495        0.331195 
        5.49779         4.26369        0.330248 
        5.50393         4.25628        0.329304 
        5.51006         4.24743        0.328364 
         5.5162         4.24276        0.327429 
        5.52234         4.23324        0.326496 
        5.52847         4.22572        0.325568 
        5.53461         4.21987        0.324643 
        5.54075          4.2108        0.323721 
        5.54688          4.2013        0.322804 
        5.55302         4.19482        0.321889 
        5.55915         4.18811        0.320979 
        5.56529         4.17969        0.320072 
        5.57143         4.17179        0.319168 
        5.57756         4.16556        0.318268 
         5.5837         4.16057        0.317372 
        5.58983         4.15565        0.316479 
        5.59597          4.1451         0.31559 
         5.6021         4.13823        0.314703 
        5.60824         4.13104         0.31382 
        5.61438         4.12468        0.312941 
        5.62051         4.11517        0.312065 
        5.62665         4.11173        0.311192 
        5.63278         4.10373        0.310323 
        5.63892         4.09759        0.309457 
        5.64505         4.09536        0.308595 
        5.65119         4.08664        0.307736 
        5.65733         4.07853         0.30688 
        5.66346         4.07539        0.306027 
         5.6696         4.06738        0.305178 
        5.67573         4.06005        0.304331 
        5.68187         4.05419        0.303489 
          5.688         4.04911        0.302649 
        5.69414         4.04247        0.301813 
        5.70028         4.03486        0.300979 
        5.70642         4.03044        0.300148 
        5.71255         4.02052        0.299321 
        5.71869          4.0189        0.298498 
        5.72482         4.01182        0.297677 
        5.73096         4.00611        0.296859 
        5.73709         3.99961        0.296045 
        5.74322          3.9953        0.295234 
        5.74936         3.99141        0.294425 
         5.7555         3.98392        0.293619 
        5.76164          3.9796        0.292817 
        5.76777         3.97539        0.292018 
        5.77391         3.96748        0.291222 
        5.78005         3.96258        0.290428 
        5.78618         3.95749        0.289638 
        5.79231          3.9542        0.288852 
        5.79845         3.94593        0.288067 
        5.80459         3.94132        0.287284 
        5.81073         3.93912        0.286506 
        5.81686         3.93554        0.285731 
          5.823         3.92999        0.284958 
        5.82914         3.92266        0.284188 
        5.83527         3.92044        0.283422 
         5.8414         3.91214        0.282658 
        5.84754         3.91018        0.281896 
        5.85368         3.90181        0.281137 
        5.85981         3.90042        0.280382 
        5.86595         3.89466        0.279629 
        5.87208         3.89154        0.278879 
        5.87822         3.89021        0.278132 
        5.88435         3.88094        0.277388 
        5.89049         3.87803        0.276646 
        5.89662         3.87411        0.275907 
        5.90276          3.8723         0.27517 
         5.9089         3.86735        0.274436 
        5.91503         3.86502        0.273706 
        5.92117         3.85931        0.272978 
        5.92731         3.85482        0.272252 
        5.93344         3.84968        0.271529 
        5.93958         3.84536        0.270809 
        5.94572         3.84171        0.270091 
        5.95186          3.8408        0.269376 
        5.95799         3.83905        0.268664 
        5.96412         3.82982        0.267954 
        5.97026         3.83321        0.267247 
         5.9764         3.82782        0.266542 
        5.98253         3.82582        0.265841 
        5.98866         3.82146        0.265142 
         5.9948         3.81763        0.264444 
        6.00094         3.81513         0.26375 
        6.00707         3.81264        0.263058 
        6.01321         3.80836        0.262368 
        6.01935         3.80744        0.261682 
        6.02548         3.80303        0.260997 
        6.03162         3.80139        0.260315 
        6.03775         3.79833        0.259636 
        6.04389         3.79541        0.258959 
        6.05003         3.79265        0.258284 
        6.05617         3.79197        0.257612 
         6.0623         3.78735        0.256942 
        6.06844         3.78788        0.256275 
        6.07457         3.78501         0.25561 
         6.0807         3.78095        0.254948 
        6.08684         3.78025        0.254288 
        6.09298         3.77906         0.25363 
        6.09912         3.77736        0.252974 
        6.10525         3.77463        0.252321 
        6.11138         3.77136         0.25167 
        6.11752         3.77348        0.251021 
        6.12366         3.77046        0.250375 
        6.12979         3.76872        0.249731 
        6.13593          3.7668         0.24909 
        6.14207         3.76204         0.24845 
         6.1482         3.76284        0.247813 
        6.15434         3.76086        0.247178 
        6.16047         3.76272        0.246546 
        6.16661         3.76194        0.245915 
        6.17274         3.75646        0.245287 
        6.17887         3.76082        0.244661 
        6.18501         3.75889        0.244037 
        6.19115         3.75636        0.243416 
        6.19729         3.75606        0.242796 
        6.20342         3.75756        0.242178 
        6.20956         3.75328        0.241563 
         6.2157         3.75377         0.24095 
        6.22183         3.75244        0.240339 
        6.22797         3.75338        0.239731 
         6.2341         3.75169        0.239124 
        6.24024          3.7547        0.238519 
        6.24638         3.75185        0.237916 
        6.25251         3.75427        0.237316 
        6.25865         3.75363        0.236718 
        6.26478         3.75364        0.236122 
        6.27092         3.75722        0.235528 
        6.27705          3.7536        0.234936 
        6.28318         3.75369        0.234346 
