# k  (h/Mpc)    P(k)  (Mpc/h)^3    P_linear(k)  (Mpc/h)^3
     0.00783031         199.699         207.312 
       0.013688         247.068         255.114 
       0.019231         249.951         257.145 
      0.0249154         229.464         236.458 
      0.0312784         198.249         203.536 
      0.0375637         168.495         172.596 
      0.0433917          146.32          150.06 
      0.0492413          130.79         133.982 
      0.0555754         119.017         122.234 
      0.0619321         110.977         113.591 
       0.067871         103.235          106.06 
      0.0738098         95.1139         97.7358 
      0.0800417         85.4911         87.9232 
      0.0862327         75.8228         77.8072 
      0.0921407         67.1467           68.83 
      0.0982031         59.6026         61.1372 
       0.104506         53.9551         55.1476 
       0.110769         49.9206         51.0598 
       0.116806         47.1252         48.3611 
       0.122832         45.1337         46.2374 
       0.129052         42.8665         44.0353 
       0.135211         40.3534         41.4702 
       0.141259         37.5751         38.5241 
       0.147318         34.5677         35.3504 
       0.153489         31.4688         32.2165 
       0.159709          28.798         29.4627 
       0.165845         26.8036         27.3078 
       0.171974          25.129         25.7152 
       0.178125         24.0126         24.5525 
       0.184229         23.1432         23.6368 
        0.19034         22.1908         22.7636 
       0.196428         21.3069         21.7985 
       0.202534         20.3012         20.6844 
       0.208729         19.0381         19.4411 
       0.214876         17.7822         18.1877 
       0.220989          16.731         17.0242 
       0.227147         15.6707         16.0121 
        0.23329         14.8713         15.1907 
       0.239377         14.2543         14.5441 
       0.245482         13.6999         14.0127 
       0.251667          13.285         13.5308 
       0.257832         12.7899         13.0497 
       0.263955         12.3046         12.5388 
       0.270079         11.7741         11.9902 
        0.27624         11.2564         11.4185 
       0.282372          10.714         10.8611 
        0.28843         10.1852           10.35 
       0.294538         9.74407         9.89364 
       0.300721         9.38982         9.49615 
        0.30691         9.01526         9.15362 
       0.313033         8.72661          8.8519 
       0.319153          8.3993         8.56755 
       0.325316         8.19138         8.28302 
        0.33145         7.89857         7.99368 
       0.337538         7.60884         7.70078 
       0.343633         7.30933         7.40832 
       0.349808         7.04843         7.12186 
       0.355968         6.78959          6.8547 
       0.362074         6.54511         6.61228 
       0.368217         6.33363         6.39193 
       0.374374         6.11697         6.19056 
       0.380519         5.95144         6.00349 
       0.386598         5.78678         5.82649 
       0.392688         5.62687         5.65233 
        0.39888         5.44628         5.47676 
       0.405048         5.28048         5.30359 
       0.411186         5.11945         5.13465 
       0.417313         4.94918         4.97233 
       0.423458         4.80881         4.81805 
       0.429607         4.65475         4.67296 
       0.435692         4.52295         4.53886 
       0.441815         4.40157         4.41202 
       0.447964         4.29872         4.29082 
       0.454126         4.16578         4.17389 
       0.460267          4.0565         4.06072 
       0.466387         3.94034         3.95034 
        0.47254          3.8412         3.84174 
       0.478662         3.74424         3.73681 
       0.484765         3.63639         3.63596 
       0.490885         3.54403         3.53896 
       0.497035         3.47202          3.4458 
       0.503198         3.37424         3.35693 
       0.509342         3.29501         3.27236 
       0.515458         3.21003         3.19146 
       0.521598         3.13465          3.1129 
       0.527764         3.05108         3.03631 
       0.533884         2.99197         2.96248 
           0.54         2.91718         2.89082 
       0.546137         2.85208         2.82097 
       0.552299         2.78481         2.75303 
       0.558452         2.71194         2.68752 
       0.564573         2.65713         2.62475 
       0.570708         2.59714         2.56422 
       0.576825         2.53458         2.50602 
       0.582926         2.48647         2.44989 
       0.589034         2.41878         2.39538 
       0.595184          2.3708         2.34207 
       0.601379         2.31907         2.28992 
       0.607522         2.27648         2.23972 
       0.613639         2.23557         2.19121 
       0.619772         2.17719         2.14403 
       0.625918          2.1372         2.09817 
       0.632068         2.09822         2.05366 
       0.638161         2.05027         2.01087 
         0.6443         2.00815         1.96903 
       0.650464         1.96301         1.92827 
       0.656582         1.93041           1.889 
       0.662703          1.8928         1.85083 
       0.668861          1.8614         1.81352 
       0.675024         1.82041         1.77722 
       0.681124         1.78121         1.74227 
       0.687237         1.75367         1.70818 
       0.693381          1.7213         1.67484 
       0.699536         1.67896         1.64232 
       0.705665         1.65049         1.61082 
       0.711789         1.62355         1.58018 
       0.717957          1.5905         1.55013 
        0.72409         1.56298         1.52105 
       0.730186         1.53347          1.4929 
       0.736317         1.51405         1.46533 
       0.742472         1.48538         1.43836 
       0.748622         1.45634          1.4121 
        0.75476         1.42794         1.38657 
       0.760888         1.40277         1.36171 
       0.767043         1.38666         1.33736 
       0.773185         1.35729         1.31367 
       0.779291         1.33559         1.29069 
       0.785407         1.31335         1.26823 
       0.791564         1.29251         1.24616 
       0.797719         1.27309         1.22464 
       0.803834         1.25284         1.20377 
       0.809972         1.23106         1.18331 
       0.816124          1.2092         1.16328 
       0.822261         1.18768         1.14378 
       0.828378          1.1715         1.12479 
       0.834502         1.15577         1.10621 
       0.840667         1.13182         1.08794 
       0.846816         1.11473         1.07014 
       0.852925         1.10219         1.05285 
       0.859047         1.08467         1.03591 
       0.865192         1.06578         1.01929 
       0.871341            1.05         1.00302 
       0.877463         1.03737        0.987193 
       0.883569         1.01862        0.971745 
       0.889708         1.00319        0.956552 
       0.895864        0.988552        0.941646 
       0.902008        0.972252        0.927092 
       0.908149         0.95882        0.912857 
       0.914301        0.940538          0.8989 
       0.920448        0.928991         0.88525 
       0.926574        0.915034        0.871933 
       0.932687        0.901683        0.858921 
       0.938823        0.892867        0.846129 
       0.944975        0.878918        0.833571 
       0.951105        0.867363        0.821314 
       0.957225        0.857285        0.809327 
       0.963368         0.84419         0.79754 
       0.969511        0.830906        0.785989 
       0.975621        0.818019         0.77473 
       0.981748        0.810509        0.763665 
       0.987916         0.79821        0.752747 
        0.99406        0.786197        0.742085 
        1.00019        0.778299        0.731652 
        1.00632        0.764659        0.721431 
        1.01246        0.754833        0.711391 
        1.01859        0.746394         0.70156 
        1.02471        0.735553        0.691928 
        1.03085         0.72865        0.682445 
        1.03698        0.717047        0.673161 
        1.04314        0.708713        0.664011 
        1.04929        0.698218        0.655055 
        1.05541        0.691011          0.6463 
        1.06154        0.680915        0.637685 
        1.06769        0.671735        0.629215 
        1.07382        0.664229        0.620928 
        1.07993        0.654213        0.612809 
        1.08607         0.64936        0.604802 
        1.09222        0.639263        0.596931 
        1.09836        0.634062        0.589211 
        1.10449        0.625782        0.581636 
        1.11063        0.616256        0.574187 
        1.11677        0.607753        0.566872 
         1.1229        0.601836        0.559698 
        1.12903        0.593746        0.552642 
        1.13518        0.588165        0.545703 
        1.14131         0.58016        0.538888 
        1.14745        0.570429        0.532193 
        1.15359        0.566235        0.525612 
        1.15973        0.557764         0.51914 
        1.16584        0.554264        0.512807 
        1.17197        0.546997         0.50657 
        1.17811        0.541321        0.500419 
        1.18424        0.536391        0.494389 
        1.19038        0.528598         0.48844 
        1.19652        0.521269        0.482593 
        1.20267        0.517695        0.476841 
        1.20881        0.510539        0.471185 
        1.21495        0.506315         0.46563 
        1.22108        0.500256        0.460166 
         1.2272        0.495396        0.454803 
        1.23334        0.489158        0.449513 
        1.23949        0.483847        0.444295 
        1.24562        0.478769        0.439175 
        1.25174        0.473933        0.434144 
        1.25789        0.469308        0.429177 
        1.26402        0.462559        0.424297 
        1.27014        0.458156        0.419505 
        1.27628        0.454578        0.414773 
        1.28244        0.447563        0.410105 
        1.28858        0.443775        0.405516 
        1.29471        0.440298        0.401008 
        1.30084         0.43465        0.396573 
        1.30697         0.43006        0.392199 
        1.31312        0.424075        0.387884 
        1.31925        0.420647        0.383649 
        1.32537        0.417123        0.379481 
        1.33151        0.413507         0.37536 
        1.33765        0.408944        0.371303 
        1.34378        0.403555        0.367315 
        1.34992        0.400447        0.363382 
        1.35606        0.396085        0.359499 
         1.3622        0.392187        0.355679 
        1.36833        0.388138        0.351925 
        1.37445        0.383213        0.348226 
        1.38059         0.37985         0.34457 
        1.38675        0.378253        0.340957 
        1.39288        0.373363        0.337411 
        1.39901        0.369951        0.333917 
        1.40515        0.366649        0.330465 
         1.4113        0.362244        0.327064 
        1.41742        0.358874        0.323723 
        1.42355        0.356688        0.320423 
         1.4297        0.351985        0.317159 
        1.43585        0.349053        0.313942 
        1.44198        0.346856        0.310782 
        1.44809        0.342561        0.307672 
        1.45423        0.339452        0.304594 
        1.46036        0.336241        0.301562 
        1.46649        0.333716        0.298572 
        1.47263        0.330151         0.29562 
        1.47877        0.326431        0.292709 
        1.48491        0.323997        0.289832 
        1.49104        0.320268        0.287001 
        1.49718        0.317733        0.284205 
        1.50333        0.315533        0.281443 
        1.50947        0.312362        0.278722 
         1.5156        0.309151        0.276042 
        1.52172        0.306756        0.273397 
        1.52787        0.303787        0.270782 
          1.534        0.301082        0.268204 
        1.54013        0.298085        0.265662 
        1.54627        0.296102        0.263149 
        1.55241        0.292931        0.260668 
        1.55855        0.289995        0.258223 
        1.56467        0.288964        0.255815 
         1.5708        0.285517        0.253432 
        1.57695        0.283201        0.251076 
        1.58308        0.280599        0.248755 
        1.58922        0.278447        0.246462 
        1.59535        0.275824        0.244199 
         1.6015        0.273382        0.241961 
        1.60764        0.271406        0.239752 
        1.61376        0.268277        0.237578 
        1.61989        0.266543        0.235428 
        1.62604        0.264418        0.233301 
        1.63218        0.262442        0.231201 
        1.63831        0.260278        0.229132 
        1.64444        0.257979        0.227087 
        1.65059        0.255845        0.225063 
        1.65673        0.253729        0.223066 
        1.66285        0.251979        0.221098 
        1.66898        0.249955        0.219154 
        1.67512        0.247317        0.217229 
        1.68127        0.245164        0.215326 
         1.6874         0.24395         0.21345 
        1.69353        0.241341        0.211597 
        1.69967        0.239992        0.209762 
        1.70581        0.237488         0.20795 
        1.71193        0.235797        0.206166 
        1.71806        0.233617        0.204399 
        1.72421        0.232348        0.202649 
        1.73035        0.230014        0.200922 
        1.73649        0.228648        0.199215 
        1.74262        0.226691         0.19753 
        1.74876        0.224774        0.195863 
        1.75489        0.223297        0.194218 
        1.76101        0.221162        0.192594 
        1.76715        0.219529        0.190985 
        1.77329        0.217605        0.189393 
        1.77943        0.216037        0.187819 
        1.78557        0.214814        0.186265 
        1.79171        0.213142        0.184728 
        1.79785         0.21134        0.183208 
        1.80399        0.209731        0.181706 
        1.81012        0.208292        0.180222 
        1.81625         0.20664        0.178756 
        1.82239        0.205251        0.177304 
        1.82853        0.203241        0.175869 
        1.83466        0.202003        0.174452 
        1.84078        0.200398        0.173051 
        1.84692        0.198886        0.171664 
        1.85306        0.197781         0.17029 
         1.8592         0.19597        0.168933 
        1.86533        0.194917        0.167592 
        1.87147        0.193357        0.166264 
        1.87761        0.192151         0.16495 
        1.88375        0.190331        0.163652 
        1.88988        0.189122        0.162369 
        1.89601        0.187529        0.161099 
        1.90215        0.186487        0.159842 
        1.90829        0.184829        0.158598 
        1.91442        0.183991        0.157368 
        1.92056        0.182343        0.156152 
         1.9267         0.18092        0.154948 
        1.93284         0.17969        0.153755 
        1.93897        0.178376        0.152578 
        1.94509        0.177505        0.151415 
        1.95123        0.176005        0.150262 
        1.95737        0.175063        0.149119 
        1.96349        0.173613        0.147992 
        1.96964        0.172291        0.146873 
        1.97578        0.171084        0.145765 
        1.98192        0.170147        0.144671 
        1.98805        0.169208        0.143587 
        1.99419        0.167589        0.142515 
        2.00033        0.166415        0.141454 
        2.00647        0.165808        0.140403 
         2.0126        0.164216        0.139365 
        2.01874        0.163389        0.138336 
        2.02488        0.162196        0.137317 
        2.03101        0.161098         0.13631 
        2.03714        0.159911        0.135313 
        2.04328        0.159091        0.134326 
        2.04941        0.157779        0.133349 
        2.05554        0.156938        0.132383 
        2.06167        0.156073        0.131425 
        2.06781        0.154659        0.130476 
        2.07396        0.153676        0.129536 
        2.08009        0.152689        0.128606 
        2.08622         0.15188        0.127686 
        2.09237        0.150947        0.126774 
        2.09851        0.149989        0.125871 
        2.10464        0.148994        0.124978 
        2.11077        0.147843        0.124094 
        2.11691        0.146991        0.123217 
        2.12305        0.146041        0.122349 
        2.12918        0.145244        0.121491 
        2.13531        0.144084        0.120641 
        2.14145        0.143084        0.119797 
         2.1476        0.142362        0.118961 
        2.15372        0.141702        0.118137 
        2.15985        0.140519        0.117319 
        2.16599        0.139556        0.116507 
        2.17213        0.138873        0.115704 
        2.17827        0.137851        0.114908 
         2.1844        0.137223        0.114121 
        2.19054        0.136266        0.113341 
        2.19666        0.135105        0.112569 
         2.2028        0.134615        0.111803 
        2.20893        0.133968        0.111045 
        2.21508         0.13275        0.110292 
        2.22122        0.131943        0.109546 
        2.22736        0.131461        0.108809 
        2.23349        0.130448        0.108079 
        2.23962        0.129825        0.107355 
        2.24577        0.128854        0.106637 
         2.2519        0.128281        0.105927 
        2.25802        0.127313        0.105224 
        2.26417        0.126695        0.104526 
        2.27031        0.125848        0.103833 
        2.27644        0.125126        0.103149 
        2.28257        0.124384        0.102471 
        2.28872        0.123656        0.101798 
        2.29486        0.123076        0.101131 
        2.30099        0.122153        0.100471 
        2.30712        0.121533        0.099817 
        2.31326        0.120542       0.0991676 
         2.3194        0.120449       0.0985245 
        2.32553        0.119585       0.0978881 
        2.33166        0.118982       0.0972576 
         2.3378        0.118174       0.0966318 
        2.34394        0.117385       0.0960114 
        2.35007        0.116745       0.0953972 
        2.35619        0.115924       0.0947892 
        2.36233        0.115333       0.0941851 
        2.36848        0.114872        0.093585 
        2.37462        0.113951       0.0929914 
        2.38075        0.113613       0.0924035 
        2.38689        0.112875       0.0918201 
        2.39303        0.112457        0.091242 
        2.39916        0.111459       0.0906694 
        2.40529         0.11102       0.0901017 
        2.41143        0.110346       0.0895385 
        2.41757        0.109707       0.0889799 
         2.4237        0.109297       0.0884271 
        2.42983        0.108506        0.087879 
        2.43598        0.108171       0.0873341 
        2.44211        0.107375       0.0867947 
        2.44823        0.107039       0.0862611 
        2.45437          0.1061       0.0857306 
        2.46052        0.105725        0.085204 
        2.46665        0.105034       0.0846828 
        2.47279        0.104434       0.0841662 
        2.47892        0.103771       0.0836535 
        2.48507        0.103198       0.0831446 
         2.4912        0.102804       0.0826409 
        2.49733        0.102487       0.0821418 
        2.50347        0.101845       0.0816457 
        2.50961        0.101169       0.0811538 
        2.51575        0.100655       0.0806663 
        2.52188        0.100106       0.0801833 
        2.52802       0.0995444       0.0797038 
        2.53416       0.0990562        0.079228 
        2.54029       0.0985481        0.078757 
        2.54641       0.0981122         0.07829 
        2.55255       0.0975709       0.0778263 
        2.55869       0.0971774       0.0773656 
        2.56483       0.0964943       0.0769092 
        2.57096        0.096201       0.0764571 
        2.57709       0.0956783       0.0760085 
        2.58323       0.0952138       0.0755631 
        2.58937       0.0944974        0.075121 
        2.59551       0.0942584        0.074683 
        2.60164       0.0936711       0.0742486 
        2.60778       0.0933312       0.0738172 
        2.61392       0.0926527       0.0733894 
        2.62006       0.0922865       0.0729651 
        2.62619       0.0918819       0.0725446 
        2.63232       0.0912947       0.0721274 
        2.63846       0.0909744        0.071713 
        2.64459       0.0906854       0.0713024 
        2.65072        0.090032        0.070895 
        2.65686       0.0897128       0.0704907 
          2.663         0.08921       0.0700889 
        2.66915       0.0887367       0.0696903 
        2.67527       0.0883691       0.0692957 
        2.68141       0.0879858        0.068904 
        2.68755       0.0872951       0.0685148 
        2.69368       0.0871112       0.0681291 
        2.69981       0.0867835       0.0677468 
        2.70595       0.0863725       0.0673666 
        2.71209       0.0859355       0.0669891 
        2.71823       0.0854589       0.0666152 
        2.72436       0.0850459       0.0662442 
         2.7305       0.0847727       0.0658758 
        2.73663       0.0844882       0.0655103 
        2.74276       0.0838243       0.0651479 
         2.7489       0.0835233        0.064788 
        2.75504       0.0831162       0.0644304 
        2.76118        0.082857       0.0640754 
        2.76732       0.0824129       0.0637237 
        2.77345       0.0820513       0.0633746 
        2.77959       0.0817851       0.0630281 
        2.78572        0.081229       0.0626842 
        2.79186       0.0809115       0.0623431 
        2.79798       0.0806861       0.0620048 
        2.80412       0.0802539       0.0616684 
        2.81027       0.0798627       0.0613342 
         2.8164       0.0795437       0.0610031 
        2.82253       0.0790357       0.0606745 
        2.82867       0.0788801       0.0603481 
        2.83481       0.0784592       0.0600241 
        2.84095       0.0781107       0.0597025 
        2.84708       0.0778026       0.0593836 
        2.85322       0.0776154       0.0590667 
        2.85935       0.0771392       0.0587522 
        2.86549       0.0768547       0.0584401 
        2.87162        0.076562       0.0581303 
        2.87776       0.0762609       0.0578229 
        2.88389        0.075927       0.0575174 
        2.89003        0.075675       0.0572143 
        2.89617       0.0752635       0.0569133 
        2.90231       0.0749853       0.0566145 
        2.90844       0.0746094       0.0563179 
        2.91458       0.0744476       0.0560234 
        2.92071       0.0741242       0.0557314 
        2.92684        0.073726       0.0554412 
        2.93298        0.073494       0.0551532 
         2.9391       0.0732004       0.0548676 
        2.94524       0.0728518       0.0545836 
        2.95138       0.0725919       0.0543015 
        2.95752       0.0723013       0.0540212 
        2.96367       0.0719918       0.0537428 
         2.9698       0.0717503       0.0534669 
        2.97594       0.0714889       0.0531927 
        2.98207       0.0712226       0.0529204 
        2.98821       0.0709161       0.0526503 
        2.99434       0.0707202       0.0523821 
        3.00048       0.0703611       0.0521155 
        3.00662        0.070085       0.0518508 
        3.01275       0.0698907       0.0515883 
        3.01888       0.0695782       0.0513275 
        3.02503        0.069304       0.0510681 
        3.03117       0.0690953       0.0508107 
        3.03729       0.0688013       0.0505556 
        3.04342       0.0685298        0.050302 
        3.04957       0.0682825       0.0500496 
         3.0557       0.0680938       0.0497994 
        3.06183       0.0677121       0.0495513 
        3.06796       0.0676898       0.0493045 
        3.07411       0.0674438        0.049059 
        3.08025       0.0671991       0.0488155 
        3.08637       0.0667847       0.0485741 
         3.0925       0.0666856       0.0483341 
        3.09865        0.066466       0.0480952 
         3.1048       0.0662585       0.0478579 
        3.11093       0.0658906       0.0476228 
        3.11706       0.0657803       0.0473893 
         3.1232       0.0655832       0.0471571 
        3.12933       0.0653518       0.0469265 
        3.13547        0.065121       0.0466976 
        3.14159       0.0648714       0.0464705 
        3.14773        0.064735       0.0462444 
        3.15388       0.0644548       0.0460197 
        3.16001       0.0643914       0.0457969 
        3.16614       0.0640382       0.0455756 
        3.17228       0.0637317       0.0453556 
        3.17842       0.0636968        0.045137 
        3.18455       0.0633799       0.0449201 
        3.19068       0.0631723       0.0447047 
        3.19682       0.0630316       0.0444903 
        3.20297       0.0628677       0.0442774 
         3.2091       0.0625635        0.044066 
        3.21524       0.0624503        0.043856 
        3.22138       0.0622509       0.0436474 
         3.2275       0.0621058       0.0434404 
        3.23363        0.061917       0.0432348 
        3.23977       0.0616209       0.0430302 
        3.24591       0.0615842        0.042827 
        3.25205       0.0613704        0.042625 
        3.25818       0.0611899       0.0424244 
        3.26432       0.0610892       0.0422251 
        3.27046       0.0608843       0.0420271 
         3.2766       0.0607247       0.0418304 
        3.28273       0.0604893        0.041635 
        3.28887       0.0603654       0.0414408 
          3.295       0.0602981       0.0412479 
        3.30113       0.0601552       0.0410563 
        3.30727       0.0598904       0.0408658 
        3.31341       0.0598697       0.0406767 
        3.31954       0.0597332       0.0404887 
        3.32568       0.0596522       0.0403018 
        3.33182       0.0594825       0.0401161 
        3.33795       0.0593617       0.0399317 
        3.34409       0.0591563       0.0397483 
        3.35022       0.0590576       0.0395661 
        3.35636       0.0589807       0.0393852 
         3.3625       0.0589148       0.0392052 
        3.36864       0.0588783       0.0390264 
        3.37477       0.0586607       0.0388488 
        3.38091       0.0585713       0.0386723 
        3.38704       0.0583927        0.038497 
        3.39318       0.0584126       0.0383227 
        3.39931       0.0584304       0.0381494 
        3.40545       0.0582135       0.0379773 
        3.41158       0.0581838       0.0378062 
        3.41772        0.058124       0.0376362 
        3.42385       0.0580886       0.0374674 
        3.42998       0.0580575       0.0372995 
        3.43612       0.0579694       0.0371327 
        3.44226       0.0579909       0.0369667 
         3.4484       0.0578006       0.0368016 
        3.45453       0.0577549       0.0366379 
        3.46066       0.0577015       0.0364752 
        3.46681       0.0577385       0.0363131 
        3.47295       0.0577034       0.0361521 
        3.47908       0.0576668       0.0359925 
        3.48521       0.0575965       0.0358337 
        3.49135       0.0575678       0.0356756 
        3.49749       0.0575967       0.0355186 
        3.50362       0.0575982       0.0353626 
        3.50976       0.0575658       0.0352076 
        3.51589       0.0575629       0.0350535 
        3.52203       0.0574486       0.0349003 
        3.52816       0.0574538       0.0347482 
        3.53429       0.0574845       0.0345968 
        3.54043       0.0575915       0.0344462 
        3.54657        0.057531       0.0342965 
        3.55271       0.0575786       0.0341479 
        3.55884       0.0575934       0.0340003 
        3.56498       0.0575913       0.0338532 
        3.57112       0.0576526       0.0337071 
        3.57725       0.0576879        0.033562 
        3.58338       0.0577357       0.0334178 
        3.58952       0.0578051       0.0332743 
        3.59566        0.057768       0.0331316 
         3.6018       0.0578795       0.0329898 
        3.60793        0.057904       0.0328489 
        3.61407       0.0580517       0.0327089 
        3.62021       0.0580259       0.0325696 
        3.62634       0.0581106       0.0324311 
        3.63247       0.0582544       0.0322936 
        3.63861       0.0582953       0.0321568 
        3.64475       0.0583691       0.0320205 
        3.65089       0.0584638       0.0318853 
        3.65702       0.0585186        0.031751 
        3.66316        0.058699       0.0316172 
        3.66929       0.0587333       0.0314844 
        3.67543       0.0588758       0.0313522 
        3.68156        0.059032       0.0312209 
        3.68769       0.0590591       0.0310903 
        3.69383       0.0591333       0.0309604 
        3.69997       0.0593459       0.0308312 
        3.70611        0.059514       0.0307029 
        3.71224       0.0596335       0.0305752 
        3.71838       0.0597617       0.0304482 
        3.72451       0.0598994       0.0303221 
        3.73065       0.0600659       0.0301967 
        3.73678        0.060272        0.030072 
        3.74292       0.0603452       0.0299479 
        3.74906       0.0604834       0.0298245 
        3.75519        0.060726       0.0297019 
        3.76133       0.0609606       0.0295799 
        3.76746        0.061092       0.0294587 
         3.7736       0.0612259       0.0293382 
        3.77974       0.0613291       0.0292182 
        3.78588       0.0617159       0.0290989 
        3.79201       0.0617992       0.0289804 
        3.79814       0.0620642       0.0288626 
        3.80428       0.0624199       0.0287453 
        3.81042       0.0626433       0.0286287 
        3.81655       0.0627084       0.0285127 
        3.82268       0.0630445       0.0283976 
        3.82882       0.0632805        0.028283 
        3.83496       0.0635266       0.0281689 
        3.84109       0.0637059       0.0280555 
        3.84723       0.0640383       0.0279427 
        3.85337       0.0642151       0.0278305 
        3.85951        0.064507       0.0277189 
        3.86565       0.0647032        0.027608 
        3.87178       0.0651021       0.0274978 
        3.87791       0.0653424       0.0273882 
        3.88405       0.0657635        0.027279 
        3.89019       0.0658506       0.0271705 
        3.89632       0.0662444       0.0270627 
        3.90246         0.06662       0.0269553 
         3.9086       0.0668563       0.0268485 
        3.91473       0.0673117       0.0267425 
        3.92086       0.0674433       0.0266371 
        3.92699        0.067939       0.0265321 
        3.93313        0.068225       0.0264276 
        3.93927       0.0685028       0.0263238 
         3.9454        0.068922       0.0262205 
        3.95154       0.0693749       0.0261177 
        3.95768       0.0696199       0.0260155 
        3.96382       0.0698946       0.0259138 
        3.96995       0.0705193       0.0258127 
        3.97609       0.0709045       0.0257122 
        3.98222        0.071203       0.0256123 
        3.98836       0.0716422       0.0255128 
         3.9945       0.0719474       0.0254138 
        4.00063       0.0725538       0.0253154 
        4.00677       0.0728077       0.0252175 
        4.01291        0.073261       0.0251201 
        4.01904       0.0736829       0.0250233 
        4.02517       0.0742573       0.0249271 
        4.03131       0.0747358       0.0248312 
        4.03745       0.0751614       0.0247358 
        4.04358       0.0755295        0.024641 
        4.04972       0.0761107       0.0245468 
        4.05585       0.0765824        0.024453 
        4.06199       0.0771859       0.0243596 
        4.06812       0.0775707       0.0242668 
        4.07426       0.0781595       0.0241745 
         4.0804       0.0784221       0.0240825 
        4.08654       0.0790379       0.0239911 
        4.09267       0.0798331       0.0239003 
         4.0988       0.0800898         0.02381 
        4.10494       0.0810042         0.02372 
        4.11108         0.08136       0.0236304 
        4.11721       0.0818716       0.0235415 
        4.12334       0.0824973       0.0234529 
        4.12948       0.0832259       0.0233649 
        4.13561       0.0837609       0.0232772 
        4.14176       0.0842979       0.0231899 
        4.14789       0.0851342       0.0231031 
        4.15403       0.0856101       0.0230168 
        4.16016       0.0863194        0.022931 
         4.1663        0.086746       0.0228456 
        4.17243       0.0876189       0.0227606 
        4.17857       0.0881782       0.0226761 
        4.18471       0.0887892       0.0225919 
        4.19084       0.0895939       0.0225082 
        4.19698        0.090145        0.022425 
        4.20312       0.0908287       0.0223421 
        4.20925       0.0917739       0.0222597 
        4.21538       0.0922939       0.0221778 
        4.22152       0.0930575       0.0220961 
        4.22766       0.0939623       0.0220149 
         4.2338        0.094587       0.0219342 
        4.23993       0.0953206       0.0218538 
        4.24607       0.0963585       0.0217739 
         4.2522       0.0969351       0.0216943 
        4.25834       0.0977981       0.0216152 
        4.26447       0.0986565       0.0215365 
        4.27061       0.0997426       0.0214581 
        4.27674        0.100314       0.0213801 
        4.28288        0.101262       0.0213025 
        4.28902        0.102272       0.0212253 
        4.29515          0.1029       0.0211485 
        4.30129        0.103647       0.0210721 
        4.30743        0.104926        0.020996 
        4.31356         0.10586       0.0209203 
        4.31969        0.106775       0.0208451 
        4.32583        0.107529       0.0207702 
        4.33197        0.108462       0.0206956 
         4.3381        0.109716       0.0206214 
        4.34424        0.110313       0.0205476 
        4.35038        0.111373        0.020474 
        4.35652        0.112478       0.0204009 
        4.36265        0.113542       0.0203282 
        4.36878        0.114366       0.0202559 
        4.37492        0.115568       0.0201838 
        4.38106        0.116619       0.0201121 
        4.38719        0.118189       0.0200408 
        4.39333        0.118826       0.0199699 
        4.39946        0.120103       0.0198992 
         4.4056        0.121204       0.0198289 
        4.41173        0.122367        0.019759 
        4.41786        0.123625       0.0196895 
          4.424        0.124691       0.0196202 
        4.43014        0.126187       0.0195512 
        4.43628        0.126768       0.0194825 
        4.44241        0.128691       0.0194143 
        4.44855        0.129851       0.0193463 
        4.45469        0.130648       0.0192786 
        4.46083        0.132252       0.0192114 
        4.46696        0.133589       0.0191444 
        4.47309        0.134456       0.0190778 
        4.47923        0.136285       0.0190114 
        4.48537        0.137733       0.0189454 
         4.4915        0.138878       0.0188797 
        4.49764        0.140334       0.0188143 
        4.50378         0.14154       0.0187492 
        4.50991        0.143435       0.0186845 
        4.51604         0.14461       0.0186201 
        4.52218        0.146446       0.0185559 
        4.52832        0.147965        0.018492 
        4.53445        0.149383       0.0184285 
        4.54059         0.15053       0.0183653 
        4.54673        0.152149       0.0183023 
        4.55286        0.154053       0.0182396 
          4.559        0.155345       0.0181773 
        4.56513        0.156851       0.0181153 
        4.57127        0.158805       0.0180535 
        4.57741        0.160562        0.017992 
        4.58354        0.162221       0.0179308 
        4.58968        0.163731       0.0178699 
        4.59582        0.165476       0.0178092 
        4.60195        0.167145       0.0177489 
        4.60809        0.169329       0.0176889 
        4.61422        0.170639       0.0176291 
        4.62036        0.172815       0.0175696 
        4.62649        0.174566       0.0175104 
        4.63263        0.175845       0.0174514 
        4.63876        0.178449       0.0173928 
         4.6449        0.180128       0.0173343 
        4.65104        0.181925       0.0172762 
        4.65717         0.18399       0.0172184 
        4.66331        0.186683       0.0171608 
        4.66944         0.18873       0.0171034 
        4.67558         0.19055       0.0170464 
        4.68171        0.192531       0.0169896 
        4.68785        0.194455        0.016933 
        4.69399        0.197092       0.0168767 
        4.70012        0.199672       0.0168207 
        4.70625        0.201398       0.0167649 
        4.71239        0.203557       0.0167094 
        4.71853        0.205622       0.0166541 
        4.72467        0.207797       0.0165991 
         4.7308        0.210496       0.0165443 
        4.73694        0.213191       0.0164898 
        4.74308         0.21508       0.0164355 
        4.74922        0.218117       0.0163814 
        4.75535        0.220153       0.0163277 
        4.76148         0.22229       0.0162742 
        4.76762        0.225351       0.0162208 
        4.77376        0.227958       0.0161677 
        4.77989        0.231309       0.0161149 
        4.78602        0.232651       0.0160624 
        4.79216        0.236026         0.01601 
         4.7983        0.239059       0.0159579 
        4.80443          0.2417        0.015906 
        4.81056        0.243377       0.0158544 
         4.8167        0.246974       0.0158029 
        4.82284        0.250211       0.0157517 
        4.82898        0.252639       0.0157007 
        4.83511        0.255845         0.01565 
        4.84125        0.258104       0.0155995 
        4.84739        0.262552       0.0155492 
        4.85352        0.265649       0.0154991 
        4.85965        0.267874       0.0154493 
        4.86579        0.271554       0.0153996 
        4.87193        0.274541       0.0153502 
        4.87807        0.278415        0.015301 
         4.8842        0.281403        0.015252 
        4.89034        0.283992       0.0152033 
        4.89647        0.288577       0.0151547 
        4.90261        0.291286       0.0151064 
        4.90874        0.294457       0.0150583 
        4.91488        0.297489       0.0150104 
        4.92102         0.30187       0.0149627 
        4.92715        0.304891       0.0149152 
        4.93329        0.309907       0.0148679 
        4.93942        0.313411       0.0148208 
        4.94556        0.316437       0.0147739 
         4.9517        0.320807       0.0147272 
        4.95783        0.325161       0.0146808 
        4.96397         0.32925       0.0146345 
        4.97011        0.332676       0.0145884 
        4.97624        0.337231       0.0145425 
        4.98238        0.340958       0.0144969 
        4.98851        0.345735       0.0144514 
        4.99465        0.349702       0.0144061 
        5.00078        0.352875       0.0143611 
        5.00691        0.358878       0.0143162 
        5.01305        0.362855       0.0142715 
        5.01919        0.367076        0.014227 
        5.02533        0.371187       0.0141826 
        5.03146        0.376648       0.0141385 
         5.0376        0.381146       0.0140946 
        5.04374        0.385342       0.0140508 
        5.04987         0.39042       0.0140073 
        5.05601        0.396178       0.0139639 
        5.06215        0.402416       0.0139207 
        5.06829        0.406258       0.0138777 
        5.07442        0.411445       0.0138349 
        5.08055        0.416528       0.0137923 
        5.08668        0.420483       0.0137498 
        5.09282        0.428462       0.0137075 
        5.09896        0.433049       0.0136654 
        5.10509        0.438732       0.0136235 
        5.11123        0.444831       0.0135817 
        5.11736        0.450366       0.0135402 
         5.1235        0.455291       0.0134987 
        5.12964        0.459964       0.0134575 
        5.13577        0.465641       0.0134164 
        5.14191        0.470719       0.0133756 
        5.14804        0.478533       0.0133349 
        5.15418        0.485068       0.0132944 
        5.16032        0.491028        0.013254 
        5.16645        0.495868       0.0132138 
        5.17259        0.503967       0.0131737 
        5.17872        0.511458       0.0131339 
        5.18486        0.517843       0.0130941 
          5.191        0.524961       0.0130546 
        5.19713        0.530581       0.0130152 
        5.20327        0.539338        0.012976 
        5.20941        0.545647        0.012937 
        5.21555        0.553417        0.012898 
        5.22168        0.559816       0.0128593 
        5.22781        0.565959       0.0128208 
        5.23395        0.574783       0.0127824 
        5.24009        0.580683       0.0127441 
        5.24622        0.591998        0.012706 
        5.25236        0.596655       0.0126681 
         5.2585        0.607203       0.0126303 
        5.26463        0.614138       0.0125926 
        5.27077        0.622075       0.0125552 
         5.2769         0.63144       0.0125179 
        5.28304        0.639478       0.0124807 
        5.28917         0.64677       0.0124437 
         5.2953        0.653489       0.0124069 
        5.30144         0.66259       0.0123701 
        5.30757        0.674134       0.0123336 
        5.31371         0.68233       0.0122971 
        5.31985        0.694673       0.0122609 
        5.32599        0.704553       0.0122247 
        5.33213        0.710018       0.0121887 
        5.33826        0.718655       0.0121529 
         5.3444        0.729904       0.0121172 
        5.35053        0.737469       0.0120816 
        5.35667        0.749901       0.0120462 
        5.36281         0.75999        0.012011 
        5.36894        0.773716       0.0119758 
        5.37507        0.781684       0.0119409 
        5.38121         0.79126        0.011906 
        5.38735        0.801654       0.0118713 
        5.39348        0.815811       0.0118368 
        5.39961        0.822392       0.0118024 
        5.40575        0.834281       0.0117681 
        5.41189         0.85004       0.0117339 
        5.41803        0.858595       0.0116999 
        5.42416        0.870098        0.011666 
         5.4303        0.882014       0.0116322 
        5.43644         0.89569       0.0115986 
        5.44257         0.90603       0.0115651 
        5.44871        0.924201       0.0115318 
        5.45484        0.934002       0.0114986 
        5.46098        0.940245       0.0114655 
        5.46712        0.956737       0.0114325 
        5.47325        0.976193       0.0113997 
        5.47938        0.981216        0.011367 
        5.48552        0.995833       0.0113345 
        5.49165         1.00926        0.011302 
        5.49779         1.02351       0.0112697 
        5.50393         1.04289       0.0112375 
        5.51006         1.05725       0.0112054 
         5.5162         1.06985       0.0111735 
        5.52234         1.08491       0.0111417 
        5.52847         1.10277         0.01111 
        5.53461         1.11737       0.0110784 
        5.54075         1.13052        0.011047 
        5.54688         1.14353       0.0110157 
        5.55302         1.15893       0.0109845 
        5.55915         1.17389       0.0109534 
        5.56529          1.1944       0.0109225 
        5.57143         1.20385       0.0108916 
        5.57756          1.2212       0.0108609 
         5.5837         1.25219       0.0108303 
        5.58983           1.262       0.0107999 
        5.59597         1.27594       0.0107695 
         5.6021         1.29527       0.0107393 
        5.60824         1.31542       0.0107091 
        5.61438         1.32649       0.0106791 
        5.62051         1.34923       0.0106492 
        5.62665         1.37058       0.0106194 
        5.63278         1.38618       0.0105898 
        5.63892         1.40744       0.0105602 
        5.64505         1.42897       0.0105308 
        5.65119         1.44565       0.0105015 
        5.65733         1.46388       0.0104723 
        5.66346         1.48911       0.0104432 
         5.6696          1.4987       0.0104142 
        5.67573         1.52851       0.0103853 
        5.68187         1.54854       0.0103566 
          5.688         1.57061       0.0103279 
        5.69414          1.5878       0.0102994 
        5.70028          1.6161       0.0102709 
        5.70642         1.63861       0.0102426 
        5.71255         1.65306       0.0102144 
        5.71869         1.67972       0.0101863 
        5.72482         1.70305       0.0101583 
        5.73096         1.72684       0.0101303 
        5.73709         1.75045       0.0101026 
        5.74322         1.76903       0.0100749 
        5.74936         1.78705       0.0100473 
         5.7555         1.81884       0.0100198 
        5.76164          1.8438      0.00999241 
        5.76777         1.86193      0.00996516 
        5.77391         1.88913      0.00993797 
        5.78005         1.92815      0.00991088 
        5.78618         1.94691      0.00988393 
        5.79231         1.96107      0.00985709 
        5.79845         1.98447      0.00983031 
        5.80459         2.03278      0.00980361 
        5.81073         2.04557      0.00977705 
        5.81686         2.08074       0.0097506 
          5.823         2.10581      0.00972422 
        5.82914         2.13314      0.00969794 
        5.83527         2.15016      0.00967179 
         5.8414         2.19479      0.00964572 
        5.84754         2.20506      0.00961973 
        5.85368          2.2333      0.00959384 
        5.85981         2.26829      0.00956806 
        5.86595         2.28421      0.00954237 
        5.87208         2.31523      0.00951678 
        5.87822         2.37434      0.00949129 
        5.88435         2.37895       0.0094659 
        5.89049         2.40955      0.00944058 
        5.89662         2.43812      0.00941536 
        5.90276         2.48088      0.00939022 
         5.9089         2.49423      0.00936518 
        5.91503         2.54309      0.00934026 
        5.92117         2.56315       0.0093154 
        5.92731         2.60338      0.00929063 
        5.93344         2.62786      0.00926596 
        5.93958         2.65175      0.00924139 
        5.94572         2.67947       0.0092169 
        5.95186         2.72156      0.00919249 
        5.95799         2.74299       0.0091682 
        5.96412         2.75848      0.00914398 
        5.97026         2.78853      0.00911984 
         5.9764         2.83936       0.0090958 
        5.98253         2.88336      0.00907187 
        5.98866         2.88191        0.009048 
         5.9948         2.92776       0.0090242 
        6.00094         2.97525      0.00900051 
        6.00707         2.98848       0.0089769 
        6.01321         3.01866      0.00895337 
        6.01935         3.06569      0.00892993 
        6.02548         3.09632      0.00890658 
        6.03162         3.12038      0.00888331 
        6.03775          3.1229      0.00886014 
        6.04389         3.17516      0.00883704 
        6.05003         3.22705        0.008814 
        6.05617         3.25221      0.00879105 
         6.0623         3.26796      0.00876819 
        6.06844         3.29807      0.00874542 
        6.07457         3.33756      0.00872274 
         6.0807         3.35285      0.00870014 
        6.08684         3.38778      0.00867762 
        6.09298          3.4114      0.00865516 
        6.09912         3.45346      0.00863278 
        6.10525         3.45861       0.0086105 
        6.11138         3.50728      0.00858829 
        6.11752          3.5528      0.00856615 
        6.12366         3.55481       0.0085441 
        6.12979         3.61251      0.00852213 
        6.13593         3.58542      0.00850024 
        6.14207         3.64709      0.00847841 
         6.1482         3.66251      0.00845667 
        6.15434         3.66715      0.00843501 
        6.16047         3.71523      0.00841343 
        6.16661         3.74179      0.00839191 
        6.17274         3.76749      0.00837047 
        6.17887         3.76225      0.00834912 
        6.18501         3.75942      0.00832783 
        6.19115         3.80921      0.00830662 
        6.19729         3.84472      0.00828546 
        6.20342         3.87227       0.0082644 
        6.20956         3.88322      0.00824341 
         6.2157         3.90148      0.00822248 
        6.22183         3.93143      0.00820163 
        6.22797         3.94912      0.00818087 
         6.2341         3.94931      0.00816017 
        6.24024         3.95602      0.00813953 
        6.24638         3.96337      0.00811896 
        6.25251           3.981      0.00809849 
        6.25865         3.99329      0.00807807 
        6.26478         4.00717      0.00805772 
        6.27092         3.99288      0.00803746 
        6.27705         4.02614      0.00801726 
        6.28318         3.30662      0.00799713 
