# k  (h/Mpc)    Pcb(k)  (Mpc/h)^3    Pcb_linear(k)  (Mpc/h)^3
     0.00783031         7062.88         7149.64 
       0.013688         8836.93          8796.2 
       0.019231         8880.32         8866.76 
      0.0249154         8045.48         8154.09 
      0.0312784         6980.78         7019.16 
      0.0375637         5964.31         5952.41 
      0.0433917         5126.73          5175.4 
      0.0492413         4609.38         4621.03 
      0.0555754         4140.29         4215.97 
      0.0619321         3935.03         3917.95 
       0.067871         3600.76         3658.24 
      0.0738098         3316.92         3371.16 
      0.0800417         2963.25         3032.73 
      0.0862327            2650         2683.82 
      0.0921407         2373.04         2374.18 
      0.0982031         2099.46         2108.85 
       0.104506         1938.82         1902.25 
       0.110769         1792.02         1761.26 
       0.116806         1683.57         1668.18 
       0.122832         1616.09         1594.93 
       0.129052         1513.93         1518.97 
       0.135211         1429.99         1430.49 
       0.141259         1349.58         1328.88 
       0.147318         1253.36          1219.4 
       0.153489          1139.3          1111.3 
       0.159709         1060.55         1016.31 
       0.165845         1004.52         941.979 
       0.171974         941.811         887.043 
       0.178125         900.309         846.935 
       0.184229         867.842         815.353 
        0.19034         815.789         785.231 
       0.196428         798.447         751.942 
       0.202534         769.296         713.512 
       0.208729         724.981         670.622 
       0.214876         681.247         627.387 
       0.220989         653.806         587.255 
       0.227147         616.103         552.339 
        0.23329         589.496         524.004 
       0.239377         574.709           501.7 
       0.245482         538.393         483.373 
       0.251667         532.686         466.746 
       0.257832         514.512         450.154 
       0.263955         496.093          432.53 
       0.270079         476.936         413.605 
        0.27624         468.067         393.886 
       0.282372         448.077         374.657 
        0.28843          432.94         357.026 
       0.294538         412.639         341.284 
       0.300721         408.256         327.572 
        0.30691         389.415         315.758 
       0.313033         380.835          305.35 
       0.319153         366.907          295.54 
       0.325316         357.458         285.726 
        0.33145         345.876         275.746 
       0.337538         340.723         265.642 
       0.343633         329.037         255.553 
       0.349808         318.185         245.672 
       0.355968         313.314         236.456 
       0.362074         305.468         228.093 
       0.368217         297.127         220.492 
       0.374374         286.623         213.546 
       0.380519         282.409         207.093 
       0.386598         275.207         200.988 
       0.392688          271.85          194.98 
        0.39888         264.529         188.923 
       0.405048         258.363          182.95 
       0.411186         252.746         177.122 
       0.417313         247.651         171.523 
       0.423458         242.613         166.201 
       0.429607         237.097         161.196 
       0.435692         230.199          156.57 
       0.441815         228.459         152.195 
       0.447964         224.223         148.014 
       0.454126         215.157          143.98 
       0.460267         212.694         140.076 
       0.466387         209.955         136.269 
        0.47254         205.401         132.523 
       0.478662         203.929         128.903 
       0.484765         197.762         125.424 
       0.490885          194.88         122.078 
       0.497035         192.178         118.865 
       0.503198         187.229         115.799 
       0.509342         184.749         112.882 
       0.515458         182.174         110.091 
       0.521598         179.339         107.381 
       0.527764          176.65         104.739 
       0.533884          174.03         102.192 
           0.54           171.2         99.7201 
       0.546137         169.954         97.3108 
       0.552299         166.857         94.9671 
       0.558452         164.121         92.7073 
       0.564573         161.336         90.5423 
       0.570708         158.687          88.454 
       0.576825         156.695         86.4466 
       0.582926         154.049         84.5103 
       0.589034         151.912         82.6299 
       0.595184         150.183         80.7908 
       0.601379         148.532         78.9919 
       0.607522         145.212         77.2603 
       0.613639         144.667          75.587 
       0.619772         141.503         73.9596 
       0.625918         140.047         72.3776 
       0.632068         138.475         70.8421 
       0.638161         137.218         69.3659 
         0.6443         135.307         67.9227 
       0.650464         133.839         66.5167 
       0.656582         132.125          65.162 
       0.662703         130.134         63.8454 
       0.668861         128.416         62.5584 
       0.675024         126.979          61.306 
       0.681124         125.974         60.1004 
       0.687237         123.708         58.9245 
       0.693381         122.147         57.7743 
       0.699536         121.109         56.6528 
       0.705665         121.318          55.566 
       0.711789         118.244          54.509 
       0.717957         117.783         53.4726 
        0.72409         116.067         52.4694 
       0.730186          114.18         51.4985 
       0.736317         113.782         50.5473 
       0.742472         112.796         49.6169 
       0.748622          111.71         48.7112 
        0.75476         110.612         47.8303 
       0.760888         109.053         46.9728 
       0.767043         108.257          46.133 
       0.773185          107.06         45.3157 
       0.779291          105.86         44.5229 
       0.785407         105.132         43.7481 
       0.791564         104.049          42.987 
       0.797719         102.495         42.2446 
       0.803834         102.059         41.5245 
       0.809972         100.548         40.8188 
       0.816124         100.177         40.1281 
       0.822261         99.2227         39.4553 
       0.828378         98.3196         38.8001 
       0.834502         97.6207         38.1594 
       0.840667         96.5019         37.5291 
       0.846816         95.4254          36.915 
       0.852925         94.6894         36.3186 
       0.859047         93.5107         35.7342 
       0.865192         93.0885         35.1609 
       0.871341         92.3278         34.5998 
       0.877463         91.1364         34.0537 
       0.883569         90.5494         33.5208 
       0.889708         89.9646         32.9967 
       0.895864         89.1996         32.4826 
       0.902008         88.4354         31.9805 
       0.908149          87.897         31.4895 
       0.914301         86.9767          31.008 
       0.920448         86.3913         30.5371 
       0.926574         85.6826         30.0778 
       0.932687         85.3721         29.6289 
       0.938823         84.0295         29.1877 
       0.944975         83.5113         28.7544 
       0.951105          82.889         28.3317 
       0.957225         81.8883         27.9181 
       0.963368          81.627         27.5115 
       0.969511         81.2111         27.1131 
       0.975621         80.7475         26.7247 
       0.981748         79.9355          26.343 
       0.987916         79.2743         25.9664 
        0.99406         78.7837         25.5986 
        1.00019         78.0033         25.2387 
        1.00632         77.6388         24.8861 
        1.01246          76.958         24.5398 
        1.01859         75.9485         24.2006 
        1.02471         76.1724         23.8684 
        1.03085         75.3188         23.5413 
        1.03698         74.7933          23.221 
        1.04314         74.0697         22.9054 
        1.04929         73.6713         22.5964 
        1.05541         73.0083         22.2944 
        1.06154         72.8467         21.9973 
        1.06769         72.2911         21.7051 
        1.07382         71.9773         21.4192 
        1.07993         71.5194         21.1391 
        1.08607         70.8706          20.863 
        1.09222         70.5148         20.5914 
        1.09836         70.0001         20.3251 
        1.10449         69.5565         20.0638 
        1.11063         69.0035         19.8069 
        1.11677         68.6062         19.5545 
         1.1229         68.0765         19.3071 
        1.12903         67.2614         19.0637 
        1.13518         67.5276         18.8243 
        1.14131         67.0376         18.5892 
        1.14745         66.2041         18.3583 
        1.15359         66.0546         18.1312 
        1.15973         65.5117          17.908 
        1.16584         65.0973         17.6895 
        1.17197         64.7161         17.4744 
        1.17811         64.4086         17.2622 
        1.18424         63.7934         17.0542 
        1.19038         63.4795          16.849 
        1.19652         63.2569         16.6473 
        1.20267          62.717         16.4489 
        1.20881         62.4061         16.2538 
        1.21495         61.8826         16.0621 
        1.22108         61.5732         15.8736 
         1.2272         61.0194         15.6886 
        1.23334          60.795         15.5062 
        1.23949         60.6249         15.3262 
        1.24562          60.175         15.1496 
        1.25174         59.8927          14.976 
        1.25789         59.5834         14.8047 
        1.26402         59.1196         14.6363 
        1.27014         58.5762          14.471 
        1.27628         58.4367         14.3078 
        1.28244         57.9633         14.1468 
        1.28858         57.7379         13.9885 
        1.29471          57.531          13.833 
        1.30084         57.1612           13.68 
        1.30697         56.7484         13.5291 
        1.31312         56.3712         13.3802 
        1.31925         56.2606         13.2341 
        1.32537         55.9502         13.0904 
        1.33151          55.418         12.9482 
        1.33765         55.2776         12.8083 
        1.34378         54.9226         12.6707 
        1.34992         54.5344          12.535 
        1.35606          54.246         12.4011 
         1.3622         53.8892         12.2693 
        1.36833         53.6887         12.1398 
        1.37445         53.5018         12.0122 
        1.38059         53.1029         11.8861 
        1.38675         52.7836         11.7615 
        1.39288         52.5469         11.6392 
        1.39901         52.2951         11.5186 
        1.40515         52.0085         11.3996 
         1.4113         51.8113         11.2822 
        1.41742         51.4901          11.167 
        1.42355         51.1552         11.0531 
         1.4297         50.9092         10.9405 
        1.43585          50.679         10.8296 
        1.44198         50.4076         10.7206 
        1.44809         50.1898         10.6133 
        1.45423          49.967         10.5071 
        1.46036         49.7108         10.4025 
        1.46649         49.3985         10.2994 
        1.47263         49.1115         10.1975 
        1.47877         48.9763         10.0971 
        1.48491         48.8216          9.9979 
        1.49104          48.408         9.90023 
        1.49718         47.9852         9.80379 
        1.50333         47.9159         9.70849 
        1.50947         47.7022         9.61466 
         1.5156         47.3969          9.5222 
        1.52172         47.2155         9.43096 
        1.52787         47.1287         9.34074 
          1.534         46.7904         9.25181 
        1.54013         46.5166         9.16414 
        1.54627         46.3638         9.07744 
        1.55241         46.0456         8.99186 
        1.55855         45.7991          8.9075 
        1.56467         45.4283         8.82446 
         1.5708         45.4725         8.74225 
        1.57695         45.1597         8.66097 
        1.58308         44.9779         8.58091 
        1.58922         44.9265         8.50181 
        1.59535         44.6354         8.42374 
         1.6015         44.2654         8.34655 
        1.60764         44.1182         8.27037 
        1.61376         43.9171         8.19535 
        1.61989         43.5734          8.1212 
        1.62604         43.5185         8.04781 
        1.63218         43.3523         7.97537 
        1.63831         43.1017           7.904 
        1.64444         42.8937         7.83347 
        1.65059         42.5708         7.76364 
        1.65673         42.3961         7.69474 
        1.66285         42.2249         7.62688 
        1.66898         41.9882         7.55981 
        1.67512         41.8096         7.49342 
        1.68127         41.5564         7.42776 
         1.6874         41.4739         7.36304 
        1.69353         41.1954         7.29914 
        1.69967         41.0193         7.23584 
        1.70581         40.9557         7.17332 
        1.71193         40.7028         7.11177 
        1.71806         40.3967         7.05082 
        1.72421         40.2447         6.99046 
        1.73035         40.0348         6.93088 
        1.73649          39.795         6.87201 
        1.74262         39.7094         6.81387 
        1.74876         39.6431         6.75636 
        1.75489         39.3474         6.69964 
        1.76101         39.1706         6.64359 
        1.76715          38.995         6.58811 
        1.77329         38.8036         6.53319 
        1.77943         38.6705         6.47888 
        1.78557         38.4753         6.42527 
        1.79171         38.2523         6.37226 
        1.79785         38.0769         6.31983 
        1.80399         37.9691         6.26801 
        1.81012         37.8137         6.21685 
        1.81625         37.5158         6.16627 
        1.82239          37.433         6.11619 
        1.82853          37.145         6.06669 
        1.83466         37.0784         6.01778 
        1.84078         36.7832         5.96947 
        1.84692         36.6939         5.92161 
        1.85306         36.5119         5.87422 
         1.8592         36.3467         5.82742 
        1.86533         36.1678         5.78117 
        1.87147         36.0579         5.73536 
        1.87761         35.9491         5.69002 
        1.88375         35.7378         5.64524 
        1.88988         35.6658         5.60098 
        1.89601         35.4156         5.55717 
        1.90215         35.3029          5.5138 
        1.90829         35.2194         5.47091 
        1.91442         34.9677         5.42847 
        1.92056         34.8828         5.38653 
         1.9267         34.6062         5.34498 
        1.93284         34.4414         5.30385 
        1.93897         34.3869         5.26323 
        1.94509         34.1724         5.22312 
        1.95123         34.0644         5.18333 
        1.95737          33.857         5.14392 
        1.96349         33.7342         5.10503 
        1.96964         33.5637         5.06643 
        1.97578         33.4746         5.02821 
        1.98192          33.269         4.99047 
        1.98805         33.1669          4.9531 
        1.99419         32.9479         4.91612 
        2.00033         32.8118          4.8795 
        2.00647         32.6977         4.84327 
         2.0126          32.549         4.80746 
        2.01874         32.4475         4.77196 
        2.02488         32.3604          4.7368 
        2.03101          32.114         4.70205 
        2.03714         31.9904         4.66768 
        2.04328         31.8298         4.63362 
        2.04941         31.7369         4.59993 
        2.05554         31.5571         4.56659 
        2.06167          31.458         4.53355 
        2.06781         31.3059         4.50082 
        2.07396         31.1708         4.46838 
        2.08009         31.0761         4.43631 
        2.08622         30.9047         4.40459 
        2.09237         30.7622         4.37312 
        2.09851         30.6161         4.34196 
        2.10464         30.5647         4.31114 
        2.11077         30.3474         4.28067 
        2.11691         30.2621         4.25042 
        2.12305         30.1309         4.22047 
        2.12918         30.0923         4.19087 
        2.13531         29.9021         4.16156 
        2.14145         29.8347         4.13246 
         2.1476         29.6154          4.1036 
        2.15372         29.4812         4.07516 
        2.15985         29.3752         4.04697 
        2.16599         29.3221         4.01896 
        2.17213         29.2185         3.99124 
        2.17827         28.9538          3.9638 
         2.1844         28.8615         3.93664 
        2.19054         28.7342         3.90972 
        2.19666         28.6421         3.88309 
         2.2028         28.5389         3.85669 
        2.20893         28.4452         3.83052 
        2.21508          28.312         3.80457 
        2.22122          28.118         3.77884 
        2.22736         28.0789         3.75341 
        2.23349         27.9439         3.72822 
        2.23962         27.8099         3.70325 
        2.24577         27.6661         3.67848 
         2.2519         27.6008         3.65398 
        2.25802         27.4563         3.62974 
        2.26417          27.381         3.60565 
        2.27031         27.2863         3.58176 
        2.27644         27.1162         3.55816 
        2.28257          27.018         3.53477 
        2.28872         26.8883         3.51154 
        2.29486         26.8366         3.48854 
        2.30099         26.7058         3.46578 
        2.30712         26.6239         3.44322 
        2.31326         26.5381         3.42082 
         2.3194         26.3929         3.39863 
        2.32553         26.2506         3.37668 
        2.33166         26.1302         3.35493 
         2.3378         26.0287         3.33334 
        2.34394         25.9163         3.31194 
        2.35007         25.8084         3.29076 
        2.35619          25.737         3.26978 
        2.36233         25.6727         3.24894 
        2.36848          25.472         3.22824 
        2.37462         25.3963         3.20776 
        2.38075         25.3095         3.18748 
        2.38689         25.2398         3.16736 
        2.39303          25.082         3.14742 
        2.39916         24.9597         3.12767 
        2.40529         24.8616         3.10809 
        2.41143          24.782         3.08866 
        2.41757         24.6872         3.06939 
         2.4237         24.5648         3.05032 
        2.42983         24.4756         3.03141 
        2.43598         24.3909         3.01261 
        2.44211         24.2744         2.99401 
        2.44823         24.1403          2.9756 
        2.45437         24.0847          2.9573 
        2.46052          23.989         2.93914 
        2.46665         23.9149         2.92116 
        2.47279         23.7875         2.90334 
        2.47892         23.6877         2.88565 
        2.48507         23.6017          2.8681 
         2.4912          23.544         2.85072 
        2.49733         23.4176          2.8335 
        2.50347         23.3308         2.81639 
        2.50961         23.2424         2.79942 
        2.51575          23.149          2.7826 
        2.52188         23.0358         2.76595 
        2.52802         22.9888          2.7494 
        2.53416         22.8743         2.73299 
        2.54029         22.7237         2.71674 
        2.54641         22.6768         2.70063 
        2.55255         22.5959         2.68464 
        2.55869          22.472         2.66875 
        2.56483         22.4014           2.653 
        2.57096         22.3403         2.63741 
        2.57709         22.2278         2.62193 
        2.58323         22.0886         2.60657 
        2.58937         22.0336         2.59132 
        2.59551         21.9542         2.57621 
        2.60164          21.879         2.56122 
        2.60778         21.8027         2.54634 
        2.61392         21.7098         2.53159 
        2.62006         21.6155         2.51695 
        2.62619         21.5375         2.50244 
        2.63232         21.4196         2.48805 
        2.63846         21.3521         2.47376 
        2.64459         21.2991         2.45959 
        2.65072         21.2106         2.44554 
        2.65686         21.1141         2.43159 
          2.663         21.0265         2.41773 
        2.66915         20.9192         2.40398 
        2.67527         20.8513         2.39037 
        2.68141          20.804         2.37686 
        2.68755         20.6718         2.36343 
        2.69368         20.5873         2.35013 
        2.69981         20.5114         2.33694 
        2.70595           20.46         2.32382 
        2.71209         20.3442          2.3108 
        2.71823         20.2748         2.29791 
        2.72436         20.2277         2.28511 
         2.7305         20.1226          2.2724 
        2.73663         20.0648         2.25979 
        2.74276         19.9398         2.24729 
         2.7489         19.9292         2.23487 
        2.75504         19.8274         2.22254 
        2.76118         19.7431         2.21029 
        2.76732         19.6778         2.19816 
        2.77345         19.5812         2.18612 
        2.77959          19.504         2.17417 
        2.78572         19.4371          2.1623 
        2.79186          19.366         2.15054 
        2.79798         19.2915         2.13887 
        2.80412         19.2079         2.12726 
        2.81027         19.1258         2.11573 
         2.8164         19.0672         2.10431 
        2.82253         19.0081         2.09298 
        2.82867         18.9156         2.08172 
        2.83481          18.832         2.07054 
        2.84095          18.757         2.05945 
        2.84708         18.7299         2.04845 
        2.85322         18.6036         2.03752 
        2.85935         18.5718         2.02667 
        2.86549         18.5096          2.0159 
        2.87162         18.4141         2.00522 
        2.87776         18.3626         1.99461 
        2.88389         18.2564         1.98407 
        2.89003         18.1776         1.97362 
        2.89617         18.1439         1.96323 
        2.90231         18.0715         1.95293 
        2.90844         18.0129         1.94269 
        2.91458         17.9304         1.93254 
        2.92071         17.8642         1.92246 
        2.92684         17.7858         1.91245 
        2.93298          17.719         1.90252 
         2.9391         17.6708         1.89267 
        2.94524         17.5869         1.88287 
        2.95138         17.5354         1.87314 
        2.95752         17.4531         1.86347 
        2.96367         17.3867         1.85386 
         2.9698         17.3321         1.84435 
        2.97594         17.2735         1.83489 
        2.98207          17.234          1.8255 
        2.98821         17.1267         1.81618 
        2.99434         17.0589         1.80693 
        3.00048         17.0207         1.79773 
        3.00662          16.971          1.7886 
        3.01275         16.8696         1.77954 
        3.01888         16.8236         1.77055 
        3.02503         16.7346          1.7616 
        3.03117         16.6791         1.75272 
        3.03729         16.6304         1.74392 
        3.04342         16.5575         1.73517 
        3.04957         16.5142         1.72647 
         3.0557         16.4338         1.71783 
        3.06183         16.3833         1.70928 
        3.06796         16.3247         1.70077 
        3.07411         16.2539         1.69229 
        3.08025         16.1843          1.6839 
        3.08637         16.1303         1.67557 
         3.0925         16.0418         1.66729 
        3.09865         16.0087         1.65905 
         3.1048         15.9319         1.65087 
        3.11093         15.8858         1.64275 
        3.11706         15.8395          1.6347 
         3.1232         15.7688         1.62669 
        3.12933         15.7209         1.61873 
        3.13547          15.666         1.61084 
        3.14159         15.6053           1.603 
        3.14773         15.5399         1.59521 
        3.15388         15.4878         1.58745 
        3.16001         15.4247         1.57977 
        3.16614         15.3527         1.57213 
        3.17228         15.3192         1.56454 
        3.17842         15.2723         1.55701 
        3.18455         15.2025         1.54952 
        3.19068         15.1513         1.54209 
        3.19682         15.0985          1.5347 
        3.20297         15.0375         1.52735 
         3.2091         15.0056         1.52006 
        3.21524         14.9449         1.51282 
        3.22138         14.8647         1.50562 
         3.2275         14.8291         1.49848 
        3.23363         14.7709         1.49139 
        3.23977         14.7177         1.48433 
        3.24591         14.6788         1.47732 
        3.25205         14.5769         1.47035 
        3.25818         14.5322         1.46343 
        3.26432         14.4982         1.45656 
        3.27046         14.4392         1.44973 
         3.2766         14.3832         1.44294 
        3.28273         14.3397          1.4362 
        3.28887         14.2776          1.4295 
          3.295         14.2438         1.42285 
        3.30113          14.176         1.41624 
        3.30727         14.1487         1.40967 
        3.31341         14.0982         1.40314 
        3.31954         14.0152         1.39666 
        3.32568         13.9764         1.39021 
        3.33182         13.9312         1.38381 
        3.33795         13.8792         1.37745 
        3.34409         13.8281         1.37112 
        3.35022         13.7748         1.36483 
        3.35636         13.7248         1.35859 
         3.3625         13.6795         1.35239 
        3.36864         13.6262         1.34622 
        3.37477         13.5941         1.34009 
        3.38091         13.5405           1.334 
        3.38704         13.4852         1.32796 
        3.39318         13.4357         1.32194 
        3.39931         13.3823         1.31596 
        3.40545         13.3327         1.31003 
        3.41158         13.2835         1.30413 
        3.41772         13.2515         1.29826 
        3.42385         13.2027         1.29244 
        3.42998         13.1394         1.28665 
        3.43612         13.0985         1.28089 
        3.44226          13.063         1.27517 
         3.4484         13.0203         1.26947 
        3.45453         12.9579         1.26383 
        3.46066         12.9177         1.25821 
        3.46681         12.8618         1.25262 
        3.47295         12.8347         1.24707 
        3.47908          12.794         1.24156 
        3.48521         12.7434         1.23608 
        3.49135         12.6826         1.23063 
        3.49749         12.6553         1.22522 
        3.50362         12.6029         1.21983 
        3.50976         12.5559         1.21449 
        3.51589         12.5027         1.20917 
        3.52203         12.4613         1.20388 
        3.52816         12.4104         1.19864 
        3.53429         12.3747         1.19342 
        3.54043         12.3383         1.18822 
        3.54657         12.2936         1.18306 
        3.55271         12.2587         1.17793 
        3.55884         12.2047         1.17284 
        3.56498         12.1547         1.16777 
        3.57112          12.121         1.16272 
        3.57725         12.0877         1.15772 
        3.58338         12.0399         1.15275 
        3.58952          11.977          1.1478 
        3.59566         11.9495         1.14287 
         3.6018         11.8997         1.13798 
        3.60793         11.8745         1.13312 
        3.61407         11.8351         1.12829 
        3.62021         11.7864         1.12349 
        3.62634         11.7453         1.11871 
        3.63247         11.7156         1.11396 
        3.63861         11.6667         1.10925 
        3.64475         11.6309         1.10455 
        3.65089         11.5871         1.09988 
        3.65702         11.5396         1.09525 
        3.66316         11.4966         1.09063 
        3.66929         11.4642         1.08605 
        3.67543         11.4239         1.08149 
        3.68156         11.3946         1.07696 
        3.68769         11.3497         1.07246 
        3.69383         11.3119         1.06798 
        3.69997         11.2667         1.06352 
        3.70611          11.217         1.05909 
        3.71224         11.1907         1.05469 
        3.71838         11.1482         1.05031 
        3.72451         11.1107         1.04596 
        3.73065         11.0853         1.04163 
        3.73678          11.039         1.03733 
        3.74292         10.9962         1.03305 
        3.74906         10.9548         1.02879 
        3.75519          10.924         1.02456 
        3.76133         10.8906         1.02036 
        3.76746         10.8423         1.01617 
         3.7736         10.8286         1.01202 
        3.77974         10.7837         1.00788 
        3.78588         10.7422         1.00376 
        3.79201         10.7101        0.999675 
        3.79814         10.6693         0.99561 
        3.80428         10.6539        0.991566 
        3.81042         10.5993        0.987542 
        3.81655         10.5682        0.983543 
        3.82268         10.5212         0.97957 
        3.82882         10.4999        0.975617 
        3.83496         10.4626        0.971681 
        3.84109         10.4191        0.967769 
        3.84723         10.3836        0.963881 
        3.85337         10.3464        0.960009 
        3.85951         10.3122        0.956158 
        3.86565          10.286        0.952333 
        3.87178         10.2475        0.948532 
        3.87791         10.2107         0.94475 
        3.88405         10.1797        0.940986 
        3.89019          10.153        0.937243 
        3.89632         10.1058        0.933522 
        3.90246         10.0741        0.929819 
         3.9086         10.0383        0.926136 
        3.91473         10.0172        0.922478 
        3.92086         9.97386        0.918841 
        3.92699         9.94065         0.91522 
        3.93313         9.91315        0.911615 
        3.93927         9.87934        0.908034 
         3.9454         9.84169        0.904471 
        3.95154          9.8122        0.900925 
        3.95768         9.79044        0.897399 
        3.96382         9.75109        0.893893 
        3.96995         9.71329        0.890405 
        3.97609         9.67935        0.886937 
        3.98222         9.64784         0.88349 
        3.98836         9.61624        0.880058 
         3.9945         9.58597        0.876644 
        4.00063         9.55778        0.873251 
        4.00677         9.52765        0.869872 
        4.01291         9.50557        0.866512 
        4.01904         9.46325        0.863175 
        4.02517         9.43377        0.859856 
        4.03131         9.39859        0.856547 
        4.03745          9.3573        0.853257 
        4.04358         9.33556        0.849987 
        4.04972          9.3161        0.846736 
        4.05585         9.27533        0.843499 
        4.06199         9.24439        0.840279 
        4.06812         9.21828        0.837078 
        4.07426          9.1893        0.833893 
         4.0804         9.15691        0.830722 
        4.08654         9.12599        0.827567 
        4.09267         9.09605        0.824434 
         4.0988         9.06707        0.821319 
        4.10494         9.03919        0.818216 
        4.11108          9.0085        0.815127 
        4.11721         8.97589        0.812057 
        4.12334         8.94742        0.809003 
        4.12948         8.91636        0.805965 
        4.13561         8.89102        0.802941 
        4.14176         8.86691         0.79993 
        4.14789         8.83484        0.796936 
        4.15403         8.80588         0.79396 
        4.16016         8.78335        0.790998 
         4.1663         8.75821        0.788051 
        4.17243         8.72581        0.785122 
        4.17857         8.69667        0.782204 
        4.18471         8.65806        0.779302 
        4.19084         8.64673        0.776415 
        4.19698          8.6018        0.773543 
        4.20312         8.58904        0.770684 
        4.20925         8.55425        0.767842 
        4.21538         8.52101        0.765016 
        4.22152         8.50314          0.7622 
        4.22766         8.47423        0.759398 
         4.2338         8.45154        0.756614 
        4.23993         8.43092        0.753842 
        4.24607          8.3963        0.751084 
         4.2522         8.36033        0.748339 
        4.25834         8.32933        0.745608 
        4.26447         8.31848        0.742894 
        4.27061         8.28582        0.740191 
        4.27674         8.26229        0.737502 
        4.28288         8.24326        0.734823 
        4.28902         8.21252        0.732161 
        4.29515         8.18405        0.729512 
        4.30129         8.15451        0.726876 
        4.30743         8.13182        0.724251 
        4.31356         8.10638         0.72164 
        4.31969         8.08355        0.719045 
        4.32583         8.06075        0.716462 
        4.33197         8.03226        0.713887 
         4.3381         7.99647        0.711328 
        4.34424         7.97967        0.708782 
        4.35038         7.96326        0.706245 
        4.35652         7.93333        0.703723 
        4.36265         7.91431        0.701216 
        4.36878         7.86953         0.69872 
        4.37492         7.85036        0.696233 
        4.38106         7.83951        0.693758 
        4.38719         7.81666          0.6913 
        4.39333         7.79337        0.688854 
        4.39946          7.7542        0.686417 
         4.4056         7.73469        0.683992 
        4.41173         7.70666        0.681579 
        4.41786         7.69067        0.679181 
          4.424         7.67763        0.676791 
        4.43014         7.63694         0.67441 
        4.43628         7.61411        0.672042 
        4.44241         7.60334        0.669688 
        4.44855         7.57291        0.667343 
        4.45469          7.5449        0.665009 
        4.46083         7.53246        0.662689 
        4.46696         7.50286         0.66038 
        4.47309         7.47398         0.65808 
        4.47923         7.45583        0.655791 
        4.48537         7.43041        0.653515 
         4.4915         7.41439        0.651249 
        4.49764         7.38546        0.648993 
        4.50378         7.36765        0.646746 
        4.50991         7.33969        0.644515 
        4.51604         7.31496        0.642293 
        4.52218         7.29518        0.640077 
        4.52832          7.2739        0.637875 
        4.53445          7.2598        0.635684 
        4.54059         7.23488        0.633503 
        4.54673         7.20756         0.63133 
        4.55286           7.189        0.629169 
          4.559         7.16207        0.627018 
        4.56513         7.14504        0.624878 
        4.57127         7.12808        0.622748 
        4.57741         7.10812        0.620626 
        4.58354         7.08684        0.618515 
        4.58968         7.07072        0.616414 
        4.59582         7.03869        0.614322 
        4.60195         7.02144        0.612241 
        4.60809         6.99324         0.61017 
        4.61422         6.97475        0.608108 
        4.62036         6.95487        0.606056 
        4.62649         6.93656        0.604013 
        4.63263         6.92168         0.60198 
        4.63876         6.90168        0.599956 
         4.6449         6.87195         0.59794 
        4.65104         6.85493        0.595935 
        4.65717         6.83443         0.59394 
        4.66331          6.8126        0.591953 
        4.66944         6.78939        0.589974 
        4.67558          6.7787        0.588007 
        4.68171         6.75552        0.586047 
        4.68785         6.74058        0.584095 
        4.69399         6.71313        0.582153 
        4.70012         6.69471        0.580222 
        4.70625         6.67328        0.578298 
        4.71239          6.6589        0.576382 
        4.71853         6.64275        0.574475 
        4.72467         6.61204        0.572576 
         4.7308           6.596        0.570687 
        4.73694          6.5822        0.568807 
        4.74308           6.565        0.566934 
        4.74922         6.54418        0.565069 
        4.75535         6.53047        0.563215 
        4.76148         6.50457        0.561369 
        4.76762         6.48911        0.559528 
        4.77376          6.4604        0.557697 
        4.77989         6.44864        0.555877 
        4.78602         6.43141        0.554063 
        4.79216         6.41253        0.552256 
         4.7983         6.40022        0.550458 
        4.80443         6.38123         0.54867 
        4.81056         6.35739        0.546888 
         4.8167         6.33315        0.545113 
        4.82284         6.32041        0.543346 
        4.82898         6.31375        0.541588 
        4.83511         6.29254        0.539839 
        4.84125         6.27419        0.538095 
        4.84739         6.25579         0.53636 
        4.85352          6.2352        0.534634 
        4.85965         6.21871        0.532914 
        4.86579          6.2034        0.531202 
        4.87193         6.18688        0.529497 
        4.87807          6.1641          0.5278 
         4.8842         6.15231        0.526111 
        4.89034         6.12914        0.524428 
        4.89647         6.11366        0.522753 
        4.90261         6.10286        0.521086 
        4.90874         6.07835        0.519427 
        4.91488         6.06674        0.517775 
        4.92102         6.04525        0.516128 
        4.92715          6.0345         0.51449 
        4.93329         6.02121        0.512859 
        4.93942         6.00172        0.511234 
        4.94556         5.98415        0.509617 
         4.9517         5.96274        0.508007 
        4.95783         5.94638        0.506404 
        4.96397          5.9393        0.504808 
        4.97011         5.92253        0.503218 
        4.97624         5.90575        0.501636 
        4.98238         5.88961        0.500061 
        4.98851         5.87012        0.498493 
        4.99465         5.85419        0.496931 
        5.00078         5.84229        0.495376 
        5.00691         5.82908        0.493829 
        5.01305         5.80902        0.492287 
        5.01919         5.79703         0.49075 
        5.02533          5.7776        0.489221 
        5.03146         5.76363          0.4877 
         5.0376         5.75053        0.486185 
        5.04374         5.73553        0.484675 
        5.04987         5.72028        0.483172 
        5.05601         5.70682        0.481676 
        5.06215         5.69205        0.480185 
        5.06829         5.67567        0.478701 
        5.07442         5.66353        0.477224 
        5.08055         5.64316        0.475755 
        5.08668         5.63174         0.47429 
        5.09282         5.61892         0.47283 
        5.09896         5.60195        0.471378 
        5.10509         5.58992        0.469933 
        5.11123         5.57539        0.468493 
        5.11736          5.5604        0.467058 
         5.1235           5.547         0.46563 
        5.12964         5.52988        0.464208 
        5.13577         5.52017        0.462791 
        5.14191         5.50708        0.461381 
        5.14804         5.49164        0.459978 
        5.15418         5.47759        0.458579 
        5.16032         5.46445        0.457186 
        5.16645         5.44988        0.455799 
        5.17259         5.43791        0.454418 
        5.17872         5.42316        0.453043 
        5.18486         5.41147        0.451673 
          5.191         5.39701        0.450309 
        5.19713         5.38336        0.448951 
        5.20327         5.36968        0.447599 
        5.20941         5.35478        0.446251 
        5.21555         5.34888        0.444908 
        5.22168         5.33482        0.443573 
        5.22781         5.31345        0.442243 
        5.23395         5.30795        0.440919 
        5.24009         5.29314        0.439598 
        5.24622          5.2808        0.438285 
        5.25236         5.26627        0.436976 
         5.2585         5.25511        0.435672 
        5.26463         5.23689        0.434374 
        5.27077          5.2295        0.433081 
         5.2769         5.22101        0.431795 
        5.28304         5.20606        0.430513 
        5.28917         5.19905        0.429236 
         5.2953         5.18515        0.427965 
        5.30144         5.16994        0.426699 
        5.30757         5.16118        0.425437 
        5.31371         5.14852         0.42418 
        5.31985         5.13581        0.422929 
        5.32599          5.1241        0.421682 
        5.33213         5.10847         0.42044 
        5.33826         5.10076        0.419204 
         5.3444         5.09238        0.417973 
        5.35053         5.07562        0.416747 
        5.35667         5.06836        0.415525 
        5.36281         5.05378        0.414308 
        5.36894         5.04266        0.413097 
        5.37507          5.0326        0.411891 
        5.38121         5.01643        0.410689 
        5.38735          5.0113        0.409491 
        5.39348          4.9996          0.4083 
        5.39961         4.99164        0.407113 
        5.40575         4.97921        0.405929 
        5.41189         4.97008        0.404751 
        5.41803         4.95719        0.403577 
        5.42416         4.94375        0.402408 
         5.4303         4.94066        0.401244 
        5.43644         4.92904        0.400084 
        5.44257         4.91897         0.39893 
        5.44871         4.90802        0.397779 
        5.45484         4.89346        0.396633 
        5.46098         4.88663        0.395492 
        5.46712         4.87353        0.394354 
        5.47325         4.86587        0.393222 
        5.47938         4.85494        0.392095 
        5.48552         4.84676        0.390973 
        5.49165         4.83404        0.389853 
        5.49779         4.82334        0.388739 
        5.50393         4.81825        0.387628 
        5.51006         4.80517        0.386521 
         5.5162          4.7979         0.38542 
        5.52234         4.78387        0.384323 
        5.52847         4.77887        0.383229 
        5.53461         4.76631         0.38214 
        5.54075          4.7582        0.381056 
        5.54688         4.74981        0.379976 
        5.55302         4.73911          0.3789 
        5.55915         4.73097        0.377828 
        5.56529         4.71976         0.37676 
        5.57143         4.71506        0.375697 
        5.57756         4.70609        0.374637 
         5.5837         4.69694        0.373582 
        5.58983         4.68885        0.372531 
        5.59597         4.67755        0.371484 
         5.6021         4.67035        0.370441 
        5.60824         4.66257        0.369401 
        5.61438         4.65598        0.368366 
        5.62051          4.6471        0.367335 
        5.62665         4.63763        0.366308 
        5.63278         4.62999        0.365285 
        5.63892         4.62096        0.364266 
        5.64505         4.61263        0.363251 
        5.65119         4.60363        0.362239 
        5.65733         4.59856        0.361232 
        5.66346         4.58796        0.360228 
         5.6696         4.57998        0.359228 
        5.67573         4.57298        0.358232 
        5.68187          4.5675         0.35724 
          5.688         4.55792        0.356252 
        5.69414         4.55225        0.355267 
        5.70028         4.54469        0.354285 
        5.70642         4.53856        0.353308 
        5.71255         4.52825        0.352334 
        5.71869         4.52344        0.351365 
        5.72482         4.51738        0.350399 
        5.73096         4.51103        0.349436 
        5.73709         4.50121        0.348478 
        5.74322         4.49644        0.347523 
        5.74936         4.49001        0.346571 
         5.7555         4.48422        0.345623 
        5.76164         4.47245        0.344678 
        5.76777         4.46627        0.343738 
        5.77391         4.46021          0.3428 
        5.78005         4.45473        0.341866 
        5.78618         4.44654        0.340936 
        5.79231         4.44361         0.34001 
        5.79845         4.43571        0.339086 
        5.80459         4.42629        0.338165 
        5.81073         4.42342        0.337249 
        5.81686         4.41569        0.336337 
          5.823         4.40892        0.335427 
        5.82914         4.40405         0.33452 
        5.83527         4.39829        0.333618 
         5.8414         4.39205        0.332719 
        5.84754         4.38781        0.331822 
        5.85368         4.38269        0.330929 
        5.85981         4.37231         0.33004 
        5.86595         4.36913        0.329154 
        5.87208         4.36357        0.328271 
        5.87822         4.36005        0.327392 
        5.88435         4.35674        0.326516 
        5.89049         4.34939        0.325643 
        5.89662         4.34541        0.324773 
        5.90276         4.33918        0.323906 
         5.9089         4.33335        0.323042 
        5.91503         4.32994        0.322182 
        5.92117         4.32429        0.321325 
        5.92731         4.31879         0.32047 
        5.93344         4.31495        0.319619 
        5.93958         4.30587        0.318772 
        5.94572          4.3039        0.317927 
        5.95186          4.3014        0.317085 
        5.95799         4.29846        0.316247 
        5.96412          4.2943        0.315411 
        5.97026         4.28597        0.314579 
         5.9764         4.28157         0.31375 
        5.98253         4.28018        0.312924 
        5.98866         4.27819        0.312101 
         5.9948         4.26989         0.31128 
        6.00094         4.26896        0.310462 
        6.00707         4.26149        0.309648 
        6.01321         4.25962        0.308836 
        6.01935         4.25692        0.308028 
        6.02548         4.25136        0.307222 
        6.03162         4.24919         0.30642 
        6.03775         4.25039         0.30562 
        6.04389         4.24271        0.304823 
        6.05003         4.23873        0.304029 
        6.05617         4.23548        0.303237 
         6.0623          4.2362        0.302449 
        6.06844         4.23108        0.301663 
        6.07457         4.22631        0.300881 
         6.0807         4.22065        0.300101 
        6.08684          4.2217        0.299324 
        6.09298         4.21952        0.298549 
        6.09912          4.2134        0.297777 
        6.10525         4.21161        0.297009 
        6.11138         4.21217        0.296243 
        6.11752         4.20975        0.295479 
        6.12366         4.20782        0.294718 
        6.12979         4.20724        0.293961 
        6.13593          4.2031        0.293206 
        6.14207         4.20109        0.292453 
         6.1482         4.19949        0.291702 
        6.15434         4.19919        0.290955 
        6.16047         4.19394        0.290211 
        6.16661         4.19506        0.289469 
        6.17274         4.19238        0.288729 
        6.17887         4.19046        0.287993 
        6.18501         4.18814        0.287258 
        6.19115         4.19107        0.286526 
        6.19729         4.18583        0.285797 
        6.20342         4.18811         0.28507 
        6.20956         4.18562        0.284346 
         6.2157         4.18243        0.283624 
        6.22183         4.18235        0.282905 
        6.22797          4.1828        0.282189 
         6.2341         4.17937        0.281475 
        6.24024         4.18036        0.280763 
        6.24638         4.17895        0.280053 
        6.25251         4.17925        0.279347 
        6.25865         4.17903        0.278643 
        6.26478         4.17725        0.277941 
        6.27092         4.18067        0.277242 
        6.27705         4.17863        0.276545 
        6.28318         4.17992        0.275851 
