# k  (h/Mpc)    Pcb(k)  (Mpc/h)^3    Pcb_linear(k)  (Mpc/h)^3
     0.00783031         64.4873         65.0564 
       0.013688         79.7402         80.1091 
       0.019231         80.7054         80.8058 
      0.0249154         74.1582          74.351 
      0.0312784         64.0432         64.0285 
      0.0375637          54.411         54.3109 
      0.0433917         47.2873         47.2285 
      0.0492413         42.2394         42.1742 
      0.0555754         38.4862         38.4809 
      0.0619321         35.8101          35.763 
       0.067871         33.3673         33.3939 
      0.0738098         30.7372         30.7746 
      0.0800417         27.6436         27.6861 
      0.0862327         24.4945         24.5016 
      0.0921407         21.6885         21.6753 
      0.0982031         19.2595         19.2532 
       0.104506         17.4048         17.3674 
       0.110769         16.1045         16.0803 
       0.116806         15.2224         15.2306 
       0.122832         14.5646         14.5619 
       0.129052         13.8495         13.8685 
       0.135211         13.0365         13.0608 
       0.141259          12.126          12.133 
       0.147318         11.1431         11.1336 
       0.153489         10.1516         10.1467 
       0.159709         9.28594         9.27942 
       0.165845         8.62538         8.60077 
       0.171974         8.10133          8.0992 
       0.178125         7.73625         7.73301 
       0.184229         7.45117         7.44465 
        0.19034         7.15816         7.16962 
       0.196428         6.86229         6.86569 
       0.202534         6.52716         6.51481 
       0.208729         6.12638         6.12323 
       0.214876         5.72414         5.72848 
       0.220989         5.37594         5.36206 
       0.227147           5.042         5.04326 
        0.23329          4.7838         4.78455 
       0.239377          4.5807          4.5809 
       0.245482         4.40988         4.41356 
       0.251667         4.26542         4.26175 
       0.257832         4.10865         4.11025 
       0.263955         3.95046         3.94934 
       0.270079          3.7792         3.77654 
        0.27624         3.60572         3.59649 
       0.282372         3.43012         3.42092 
        0.28843         3.26333         3.25994 
       0.294538         3.12039          3.1162 
       0.300721         3.00007           2.991 
        0.30691         2.88716         2.88313 
       0.313033         2.79173          2.7881 
       0.319153         2.69288         2.69853 
       0.325316         2.61664         2.60892 
        0.33145         2.52347         2.51779 
       0.337538         2.43065         2.42553 
       0.343633         2.33627         2.33342 
       0.349808         2.24833          2.2432 
       0.355968         2.16593         2.15905 
       0.362074         2.08757         2.08269 
       0.368217         2.01837         2.01328 
       0.374374         1.95056         1.94987 
       0.380519         1.89569         1.89094 
       0.386598           1.841         1.83519 
       0.392688          1.7883         1.78033 
        0.39888         1.73072         1.72503 
       0.405048         1.67675          1.6705 
       0.411186          1.6243         1.61728 
       0.417313         1.57115         1.56616 
       0.423458         1.52506         1.51756 
       0.429607         1.47684         1.47187 
       0.435692         1.43443         1.42962 
       0.441815         1.39466         1.38968 
       0.447964         1.35955          1.3515 
       0.454126         1.31956         1.31467 
       0.460267         1.28307         1.27903 
       0.466387         1.24778         1.24426 
        0.47254         1.21421         1.21005 
       0.478662         1.18234           1.177 
       0.484765         1.14917         1.14524 
       0.490885         1.11956         1.11468 
       0.497035         1.09292         1.08534 
       0.503198         1.06294         1.05735 
       0.509342         1.03802         1.03071 
       0.515458         1.01047         1.00523 
       0.521598        0.986067        0.980487 
       0.527764        0.960273        0.956365 
       0.533884        0.939857         0.93311 
           0.54        0.916679        0.910537 
       0.546137        0.895373        0.888538 
       0.552299        0.873234        0.867138 
       0.558452        0.851319        0.846504 
       0.564573        0.832594        0.826736 
       0.570708        0.813557        0.807668 
       0.576825        0.794736        0.789338 
       0.582926         0.77834        0.771658 
       0.589034         0.75827        0.754488 
       0.595184        0.742028        0.737695 
       0.601379        0.726133         0.72127 
       0.607522        0.711432        0.705459 
       0.613639        0.697111         0.69018 
       0.619772        0.680254         0.67532 
       0.625918        0.666286        0.660875 
       0.632068        0.653115        0.646854 
       0.638161        0.638915        0.633376 
         0.6443        0.625724        0.620198 
       0.650464        0.611837         0.60736 
       0.656582         0.60021         0.59499 
       0.662703        0.588469        0.582969 
       0.668861         0.57769        0.571217 
       0.675024        0.565446        0.559781 
       0.681124        0.553188        0.548773 
       0.687237        0.543682        0.538036 
       0.693381        0.533461        0.527534 
       0.699536        0.521543        0.517294 
       0.705665        0.511808         0.50737 
       0.711789        0.503299        0.497719 
       0.717957        0.492848        0.488255 
        0.72409        0.484333        0.479095 
       0.730186        0.474798         0.47023 
       0.736317        0.467339        0.461544 
       0.742472        0.458445         0.45305 
       0.748622        0.449969         0.44478 
        0.75476        0.441102        0.436736 
       0.760888        0.433244        0.428906 
       0.767043         0.42734        0.421238 
       0.773185        0.418773        0.413775 
       0.779291         0.41138        0.406536 
       0.785407         0.40461        0.399462 
       0.791564        0.397681        0.392512 
       0.797719        0.391132        0.385733 
       0.803834        0.384682        0.379158 
       0.809972        0.377876        0.372714 
       0.816124        0.371411        0.366407 
       0.822261         0.36487        0.360265 
       0.828378        0.359371        0.354282 
       0.834502        0.353778        0.348432 
       0.840667        0.347344        0.342677 
       0.846816        0.341918        0.337069 
       0.852925        0.337188        0.331623 
       0.859047        0.331782        0.326287 
       0.865192        0.325877        0.321052 
       0.871341        0.320598         0.31593 
       0.877463        0.316474        0.310943 
       0.883569        0.311123        0.306077 
       0.889708        0.306379        0.301292 
       0.895864        0.301484        0.296597 
       0.902008        0.296897        0.292013 
       0.908149        0.292249        0.287529 
       0.914301        0.287173        0.283133 
       0.920448        0.283324        0.278833 
       0.926574        0.278947        0.274639 
       0.932687        0.274634         0.27054 
       0.938823        0.271449        0.266511 
       0.944975        0.267283        0.262556 
       0.951105        0.263482        0.258695 
       0.957225        0.260103        0.254919 
       0.963368        0.256028        0.251207 
       0.969511         0.25199        0.247568 
       0.975621        0.248441        0.244022 
       0.981748        0.245651        0.240537 
       0.987916        0.241949        0.237098 
        0.99406        0.238363         0.23374 
        1.00019        0.235395        0.230454 
        1.00632        0.231624        0.227234 
        1.01246        0.228282        0.224072 
        1.01859        0.225575        0.220975 
        1.02471        0.222518        0.217941 
        1.03085         0.21998        0.214954 
        1.03698        0.216587         0.21203 
        1.04314        0.213751        0.209148 
        1.04929         0.21074        0.206327 
        1.05541        0.208368         0.20357 
        1.06154        0.205297        0.200856 
        1.06769        0.202423        0.198188 
        1.07382        0.199981        0.195578 
        1.07993        0.197187        0.193021 
        1.08607        0.195257        0.190499 
        1.09222         0.19236         0.18802 
        1.09836        0.190353        0.185588 
        1.10449        0.187896        0.183202 
        1.11063        0.185097        0.180856 
        1.11677          0.1827        0.178552 
         1.1229        0.180668        0.176292 
        1.12903        0.178312         0.17407 
        1.13518        0.176314        0.171884 
        1.14131        0.173977        0.169737 
        1.14745        0.171418        0.167629 
        1.15359        0.169651        0.165556 
        1.15973        0.167303        0.163517 
        1.16584        0.165718        0.161522 
        1.17197        0.163682        0.159558 
        1.17811        0.161922        0.157621 
        1.18424        0.160232        0.155721 
        1.19038        0.158044        0.153847 
        1.19652        0.155809        0.152006 
        1.20267        0.154468        0.150194 
        1.20881         0.15266        0.148413 
        1.21495        0.151039        0.146663 
        1.22108        0.149026        0.144942 
         1.2272        0.147545        0.143252 
        1.23334        0.145727        0.141586 
        1.23949        0.144102        0.139943 
        1.24562        0.142479         0.13833 
        1.25174         0.14096        0.136745 
        1.25789        0.139625        0.135181 
        1.26402        0.137619        0.133644 
        1.27014        0.136309        0.132134 
        1.27628         0.13486        0.130644 
        1.28244        0.133099        0.129174 
        1.28858        0.131794        0.127728 
        1.29471        0.130656        0.126308 
        1.30084        0.128924        0.124911 
        1.30697        0.127591        0.123534 
        1.31312        0.125927        0.122175 
        1.31925        0.124724         0.12084 
        1.32537        0.123534        0.119528 
        1.33151        0.122283         0.11823 
        1.33765        0.121013        0.116952 
        1.34378        0.119635        0.115696 
        1.34992        0.118343        0.114457 
        1.35606        0.117136        0.113234 
         1.3622        0.115982        0.112031 
        1.36833        0.114733        0.110848 
        1.37445        0.113319        0.109683 
        1.38059        0.112304        0.108532 
        1.38675        0.111469        0.107394 
        1.39288        0.110228        0.106277 
        1.39901        0.109059        0.105176 
        1.40515        0.108138        0.104089 
         1.4113        0.106764        0.103017 
        1.41742        0.105767        0.101965 
        1.42355        0.104869        0.100926 
         1.4297        0.103708       0.0998978 
        1.43585        0.102723       0.0988845 
        1.44198        0.101809       0.0978893 
        1.44809         0.10071       0.0969097 
        1.45423       0.0997916       0.0959399 
        1.46036       0.0988351       0.0949852 
        1.46649        0.098067       0.0940432 
        1.47263       0.0969866       0.0931133 
        1.47877       0.0958461       0.0921964 
        1.48491       0.0951001       0.0912905 
        1.49104       0.0940594       0.0903987 
        1.49718       0.0930913       0.0895181 
        1.50333       0.0924856       0.0886479 
        1.50947       0.0914516       0.0877911 
         1.5156       0.0906105       0.0869469 
        1.52172       0.0897815       0.0861138 
        1.52787       0.0889487         0.08529 
          1.534       0.0880221        0.084478 
        1.54013       0.0872584       0.0836774 
        1.54627       0.0866462       0.0828858 
        1.55241       0.0856659       0.0821044 
        1.55855       0.0848235       0.0813341 
        1.56467       0.0843269       0.0805759 
         1.5708       0.0834782       0.0798252 
        1.57695       0.0826535        0.079083 
        1.58308       0.0818835        0.078352 
        1.58922       0.0812201       0.0776298 
        1.59535       0.0804798       0.0769169 
         1.6015       0.0796892       0.0762121 
        1.60764       0.0790939       0.0755164 
        1.61376       0.0782978       0.0748314 
        1.61989       0.0776806       0.0741544 
        1.62604       0.0770657       0.0734843 
        1.63218       0.0763712       0.0728229 
        1.63831       0.0756758       0.0721712 
        1.64444       0.0750592       0.0715272 
        1.65059       0.0744426       0.0708896 
        1.65673       0.0738134       0.0702605 
        1.66285       0.0732723       0.0696408 
        1.66898       0.0725942       0.0690284 
        1.67512       0.0718774       0.0684221 
        1.68127       0.0712376       0.0678227 
         1.6874       0.0707324       0.0672317 
        1.69353       0.0699931       0.0666482 
        1.69967       0.0696712       0.0660702 
        1.70581       0.0688246       0.0654993 
        1.71193        0.068331       0.0649374 
        1.71806       0.0677162       0.0643808 
        1.72421       0.0673634       0.0638297 
        1.73035        0.066657       0.0632857 
        1.73649       0.0662302       0.0627481 
        1.74262        0.065628       0.0622172 
        1.74876       0.0650712       0.0616922 
        1.75489       0.0646628       0.0611743 
        1.76101        0.064036       0.0606625 
        1.76715       0.0634881       0.0601558 
        1.77329       0.0629256       0.0596544 
        1.77943       0.0625133       0.0591585 
        1.78557       0.0620509        0.058669 
        1.79171       0.0615558       0.0581849 
        1.79785       0.0610782       0.0577062 
        1.80399       0.0605578        0.057233 
        1.81012       0.0601166       0.0567658 
        1.81625       0.0596143        0.056304 
        1.82239       0.0591291       0.0558467 
        1.82853       0.0586886       0.0553947 
        1.83466       0.0582329       0.0549482 
        1.84078       0.0577949       0.0545071 
        1.84692       0.0572881       0.0540701 
        1.85306       0.0569358       0.0536373 
         1.8592       0.0564033         0.05321 
        1.86533       0.0560687       0.0527877 
        1.87147        0.055589       0.0523694 
        1.87761       0.0552839       0.0519554 
        1.88375       0.0548575       0.0515465 
        1.88988       0.0543467       0.0511424 
        1.89601       0.0539735       0.0507424 
        1.90215       0.0535597       0.0503463 
        1.90829       0.0531079       0.0499547 
        1.91442       0.0528483       0.0495672 
        1.92056       0.0523711       0.0491842 
         1.9267       0.0519598       0.0488049 
        1.93284       0.0516001       0.0484293 
        1.93897       0.0512255       0.0480584 
        1.94509       0.0509082       0.0476921 
        1.95123       0.0504842       0.0473288 
        1.95737       0.0501388        0.046969 
        1.96349       0.0497408       0.0466139 
        1.96964       0.0494027       0.0462614 
        1.97578       0.0490301       0.0459125 
        1.98192       0.0487356       0.0455678 
        1.98805       0.0483573       0.0452266 
        1.99419       0.0479658        0.044889 
        2.00033       0.0476322       0.0445546 
        2.00647       0.0474242       0.0442237 
         2.0126       0.0469591       0.0438968 
        2.01874       0.0467356       0.0435727 
        2.02488       0.0463855       0.0432515 
        2.03101       0.0460656       0.0429343 
        2.03714       0.0456407       0.0426205 
        2.04328       0.0454707       0.0423094 
        2.04941       0.0450242       0.0420018 
        2.05554       0.0448202       0.0416974 
        2.06167       0.0445263       0.0413957 
        2.06781       0.0441591       0.0410969 
        2.07396       0.0438863       0.0408006 
        2.08009       0.0435877       0.0405078 
        2.08622       0.0433108       0.0402182 
        2.09237       0.0430007       0.0399309 
        2.09851       0.0426996       0.0396463 
        2.10464        0.042476       0.0393649 
        2.11077       0.0421348       0.0390867 
        2.11691       0.0418294       0.0388105 
        2.12305       0.0415781        0.038537 
        2.12918       0.0413472       0.0382667 
        2.13531       0.0410047       0.0379991 
        2.14145        0.040717       0.0377333 
         2.1476       0.0404622       0.0374698 
        2.15372       0.0402743       0.0372102 
        2.15985       0.0399338       0.0369527 
        2.16599       0.0396724        0.036697 
        2.17213       0.0394312       0.0364439 
        2.17827       0.0391618       0.0361933 
         2.1844       0.0389781       0.0359453 
        2.19054       0.0386959       0.0356995 
        2.19666       0.0384135       0.0354564 
         2.2028       0.0381527       0.0352153 
        2.20893       0.0379756       0.0349764 
        2.21508       0.0377304       0.0347394 
        2.22122       0.0374415       0.0345045 
        2.22736        0.037246       0.0342723 
        2.23349       0.0369997       0.0340423 
        2.23962       0.0368328       0.0338143 
        2.24577       0.0365498       0.0335881 
         2.2519       0.0363252       0.0333644 
        2.25802       0.0360956       0.0331431 
        2.26417       0.0358709       0.0329231 
        2.27031       0.0356095        0.032705 
        2.27644       0.0353817       0.0324894 
        2.28257       0.0352249       0.0322759 
        2.28872        0.035008       0.0320638 
        2.29486       0.0348235       0.0318537 
        2.30099       0.0345798       0.0316459 
        2.30712       0.0342858       0.0314399 
        2.31326       0.0341256       0.0312354 
         2.3194       0.0339782       0.0310328 
        2.32553       0.0337338       0.0308324 
        2.33166        0.033589       0.0306338 
         2.3378        0.033368       0.0304367 
        2.34394        0.033128       0.0302413 
        2.35007       0.0329123       0.0300478 
        2.35619       0.0326708       0.0298563 
        2.36233       0.0325687        0.029666 
        2.36848       0.0324249        0.029477 
        2.37462       0.0321662         0.02929 
        2.38075       0.0319812       0.0291048 
        2.38689       0.0318027       0.0289211 
        2.39303       0.0316352        0.028739 
        2.39916       0.0314314       0.0285587 
        2.40529       0.0312752       0.0283799 
        2.41143       0.0310513       0.0282025 
        2.41757        0.030876       0.0280265 
         2.4237       0.0307565       0.0278524 
        2.42983       0.0305875       0.0276797 
        2.43598       0.0304285       0.0275081 
        2.44211       0.0301905       0.0273382 
        2.44823       0.0300406       0.0271702 
        2.45437       0.0298627        0.027003 
        2.46052       0.0297026       0.0268372 
        2.46665       0.0294958        0.026673 
        2.47279       0.0293275       0.0265103 
        2.47892         0.02915       0.0263488 
        2.48507       0.0289883       0.0261885 
         2.4912        0.028858       0.0260299 
        2.49733       0.0287254       0.0258726 
        2.50347       0.0285926       0.0257164 
        2.50961       0.0283904       0.0255615 
        2.51575       0.0282463       0.0254079 
        2.52188       0.0280703       0.0252558 
        2.52802       0.0279207       0.0251047 
        2.53416        0.027754       0.0249549 
        2.54029       0.0276417       0.0248065 
        2.54641       0.0274533       0.0246594 
        2.55255       0.0273352       0.0245134 
        2.55869       0.0271998       0.0243683 
        2.56483       0.0270378       0.0242245 
        2.57096       0.0268956       0.0240821 
        2.57709       0.0267598       0.0239408 
        2.58323       0.0266063       0.0238005 
        2.58937       0.0264665       0.0236612 
        2.59551       0.0263688       0.0235233 
        2.60164       0.0261941       0.0233865 
        2.60778       0.0260575       0.0232506 
        2.61392       0.0258728       0.0231158 
        2.62006       0.0257735       0.0229822 
        2.62619       0.0257042       0.0228498 
        2.63232       0.0254898       0.0227184 
        2.63846       0.0253775       0.0225878 
        2.64459       0.0252867       0.0224585 
        2.65072       0.0251125       0.0223302 
        2.65686       0.0250427       0.0222028 
          2.663       0.0248755       0.0220763 
        2.66915       0.0247427       0.0219507 
        2.67527       0.0246487       0.0218264 
        2.68141       0.0245143        0.021703 
        2.68755       0.0243941       0.0215805 
        2.69368       0.0242708        0.021459 
        2.69981       0.0241431       0.0213386 
        2.70595       0.0240571       0.0212188 
        2.71209       0.0239323       0.0210999 
        2.71823       0.0238089       0.0209821 
        2.72436        0.023673       0.0208653 
         2.7305       0.0235537       0.0207492 
        2.73663       0.0234639       0.0206341 
        2.74276       0.0233432         0.02052 
         2.7489        0.023213       0.0204066 
        2.75504       0.0231152        0.020294 
        2.76118       0.0229849       0.0201822 
        2.76732       0.0228763       0.0200714 
        2.77345       0.0227764       0.0199614 
        2.77959       0.0226888       0.0198523 
        2.78572       0.0225603        0.019744 
        2.79186       0.0224385       0.0196365 
        2.79798       0.0223528         0.01953 
        2.80412       0.0222684        0.019424 
        2.81027       0.0221533       0.0193187 
         2.8164       0.0220475       0.0192144 
        2.82253       0.0219342       0.0191109 
        2.82867        0.021843       0.0190081 
        2.83481       0.0217189       0.0189061 
        2.84095       0.0216113       0.0188048 
        2.84708       0.0215666       0.0187043 
        2.85322       0.0214772       0.0186045 
        2.85935       0.0213521       0.0185054 
        2.86549       0.0212574       0.0184072 
        2.87162       0.0211819       0.0183096 
        2.87776       0.0210496       0.0182127 
        2.88389       0.0209839       0.0181165 
        2.89003       0.0208939       0.0180211 
        2.89617       0.0207792       0.0179263 
        2.90231       0.0207032       0.0178321 
        2.90844       0.0205881       0.0177387 
        2.91458       0.0205133        0.017646 
        2.92071       0.0204102        0.017554 
        2.92684       0.0203451       0.0174626 
        2.93298       0.0202523       0.0173718 
         2.9391       0.0201951       0.0172819 
        2.94524       0.0200956       0.0171924 
        2.95138       0.0200065       0.0171036 
        2.95752       0.0199187       0.0170153 
        2.96367       0.0198483       0.0169276 
         2.9698        0.019741       0.0168407 
        2.97594       0.0196512       0.0167543 
        2.98207       0.0195943       0.0166686 
        2.98821       0.0195121       0.0165835 
        2.99434       0.0194365        0.016499 
        3.00048       0.0193473       0.0164151 
        3.00662       0.0192629       0.0163317 
        3.01275       0.0191913        0.016249 
        3.01888       0.0190972       0.0161669 
        3.02503       0.0190303       0.0160852 
        3.03117       0.0189717       0.0160041 
        3.03729       0.0188999       0.0159237 
        3.04342       0.0188106       0.0158438 
        3.04957       0.0187705       0.0157643 
         3.0557       0.0186695       0.0156855 
        3.06183       0.0185904       0.0156074 
        3.06796       0.0185474       0.0155297 
        3.07411       0.0184793       0.0154523 
        3.08025       0.0184099       0.0153756 
        3.08637       0.0182899       0.0152996 
         3.0925       0.0182579        0.015224 
        3.09865       0.0181987       0.0151487 
         3.1048       0.0181422        0.015074 
        3.11093       0.0180448           0.015 
        3.11706        0.017984       0.0149264 
         3.1232         0.01796       0.0148533 
        3.12933       0.0178485       0.0147806 
        3.13547       0.0178064       0.0147085 
        3.14159       0.0177083        0.014637 
        3.14773       0.0176478       0.0145658 
        3.15388       0.0175734        0.014495 
        3.16001       0.0175309       0.0144248 
        3.16614        0.017437       0.0143551 
        3.17228       0.0173821       0.0142858 
        3.17842       0.0173065        0.014217 
        3.18455       0.0172331       0.0141487 
        3.19068       0.0171979       0.0140808 
        3.19682       0.0171323       0.0140133 
        3.20297       0.0170718       0.0139462 
         3.2091       0.0169896       0.0138796 
        3.21524       0.0169361       0.0138135 
        3.22138       0.0168949       0.0137478 
         3.2275       0.0168215       0.0136826 
        3.23363       0.0167686       0.0136178 
        3.23977       0.0167262       0.0135534 
        3.24591       0.0166606       0.0134894 
        3.25205       0.0166281       0.0134257 
        3.25818       0.0165725       0.0133626 
        3.26432       0.0165191       0.0132998 
        3.27046       0.0164884       0.0132374 
         3.2766       0.0164229       0.0131755 
        3.28273       0.0163632       0.0131139 
        3.28887         0.01632       0.0130528 
          3.295       0.0162918        0.012992 
        3.30113       0.0162213       0.0129317 
        3.30727       0.0161987       0.0128717 
        3.31341       0.0161613       0.0128121 
        3.31954        0.016118       0.0127529 
        3.32568       0.0160936        0.012694 
        3.33182       0.0160296       0.0126355 
        3.33795       0.0160035       0.0125774 
        3.34409       0.0159544       0.0125197 
        3.35022        0.015937       0.0124623 
        3.35636       0.0158661       0.0124053 
         3.3625       0.0158617       0.0123486 
        3.36864       0.0158379       0.0122923 
        3.37477       0.0157969       0.0122363 
        3.38091       0.0157806       0.0121808 
        3.38704       0.0157387       0.0121255 
        3.39318       0.0157147       0.0120706 
        3.39931        0.015706       0.0120161 
        3.40545       0.0156565       0.0119618 
        3.41158        0.015636        0.011908 
        3.41772       0.0156085       0.0118544 
        3.42385       0.0156127       0.0118012 
        3.42998        0.015583       0.0117484 
        3.43612       0.0155731       0.0116958 
        3.44226       0.0155601       0.0116435 
         3.4484       0.0155209       0.0115915 
        3.45453       0.0155047         0.01154 
        3.46066       0.0154982       0.0114887 
        3.46681       0.0154845       0.0114377 
        3.47295       0.0154745       0.0113869 
        3.47908       0.0154701       0.0113367 
        3.48521       0.0154468       0.0112867 
        3.49135       0.0154482       0.0112369 
        3.49749       0.0154455       0.0111874 
        3.50362       0.0154566       0.0111383 
        3.50976         0.01543       0.0110895 
        3.51589       0.0154401       0.0110409 
        3.52203       0.0154138       0.0109926 
        3.52816       0.0154073       0.0109447 
        3.53429       0.0154041       0.0108971 
        3.54043       0.0154211       0.0108496 
        3.54657       0.0154108       0.0108025 
        3.55271       0.0154277       0.0107557 
        3.55884       0.0154602       0.0107092 
        3.56498       0.0154312       0.0106629 
        3.57112       0.0154525       0.0106168 
        3.57725       0.0154686       0.0105711 
        3.58338       0.0154682       0.0105257 
        3.58952        0.015494       0.0104805 
        3.59566       0.0155019       0.0104355 
         3.6018       0.0155117       0.0103909 
        3.60793       0.0155106       0.0103465 
        3.61407        0.015547       0.0103024 
        3.62021       0.0155751       0.0102585 
        3.62634       0.0155838       0.0102149 
        3.63247       0.0156202       0.0101716 
        3.63861        0.015612       0.0101285 
        3.64475       0.0156566       0.0100856 
        3.65089       0.0156681        0.010043 
        3.65702       0.0157244       0.0100007 
        3.66316       0.0157479      0.00995856 
        3.66929       0.0157754      0.00991671 
        3.67543       0.0158063       0.0098751 
        3.68156       0.0158336      0.00983374 
        3.68769       0.0158501      0.00979259 
        3.69383       0.0159006      0.00975167 
        3.69997       0.0159453      0.00971099 
        3.70611       0.0159971      0.00967056 
        3.71224       0.0160163      0.00963035 
        3.71838       0.0160841      0.00959036 
        3.72451       0.0161245      0.00955064 
        3.73065        0.016139      0.00951114 
        3.73678       0.0162059      0.00947186 
        3.74292       0.0162425      0.00943275 
        3.74906       0.0162949       0.0093939 
        3.75519       0.0163485      0.00935527 
        3.76133       0.0163998      0.00931686 
        3.76746       0.0164759      0.00927868 
         3.7736       0.0165258      0.00924072 
        3.77974       0.0165318      0.00920293 
        3.78588       0.0166279      0.00916535 
        3.79201       0.0166668      0.00912802 
        3.79814       0.0167429      0.00909091 
        3.80428       0.0168212      0.00905398 
        3.81042       0.0168919      0.00901723 
        3.81655        0.016952      0.00898072 
        3.82268       0.0170344      0.00894444 
        3.82882       0.0171117      0.00890834 
        3.83496       0.0171818      0.00887241 
        3.84109       0.0172306      0.00883669 
        3.84723       0.0173299      0.00880118 
        3.85337        0.017388      0.00876583 
        3.85951       0.0175062      0.00873066 
        3.86565       0.0175665      0.00869574 
        3.87178       0.0176641      0.00866103 
        3.87791       0.0177373       0.0086265 
        3.88405       0.0178191      0.00859213 
        3.89019       0.0179047      0.00855795 
        3.89632       0.0180147      0.00852398 
        3.90246       0.0181131      0.00849017 
         3.9086       0.0181964      0.00845654 
        3.91473       0.0183802      0.00842313 
        3.92086       0.0183817      0.00838993 
        3.92699       0.0185222      0.00835686 
        3.93313       0.0186239      0.00832395 
        3.93927       0.0187394      0.00829124 
         3.9454       0.0188254      0.00825872 
        3.95154       0.0189395      0.00822634 
        3.95768       0.0190758      0.00819414 
        3.96382       0.0191248      0.00816212 
        3.96995       0.0192513      0.00813028 
        3.97609       0.0193899      0.00809861 
        3.98222        0.019549      0.00806713 
        3.98836         0.01966       0.0080358 
         3.9945       0.0197202      0.00800463 
        4.00063       0.0198841      0.00797365 
        4.00677       0.0200459       0.0079428 
        4.01291       0.0201717      0.00791211 
        4.01904        0.020293      0.00788164 
        4.02517        0.020445      0.00785133 
        4.03131       0.0205658      0.00782112 
        4.03745       0.0206903      0.00779108 
        4.04358       0.0208416      0.00776123 
        4.04972       0.0209805      0.00773153 
        4.05585       0.0211519      0.00770198 
        4.06199       0.0213347      0.00767258 
        4.06812        0.021476      0.00764335 
        4.07426       0.0216357      0.00761427 
         4.0804       0.0217687      0.00758531 
        4.08654       0.0218952      0.00755651 
        4.09267       0.0221676       0.0075279 
         4.0988       0.0222969      0.00749945 
        4.10494       0.0224658      0.00747112 
        4.11108       0.0226026      0.00744291 
        4.11721       0.0228428      0.00741488 
        4.12334       0.0229753        0.007387 
        4.12948       0.0232137      0.00735926 
        4.13561       0.0234086      0.00733164 
        4.14176       0.0235228      0.00730415 
        4.14789       0.0237898      0.00727681 
        4.15403       0.0239915      0.00724964 
        4.16016       0.0241297      0.00722259 
         4.1663       0.0243343      0.00719569 
        4.17243       0.0246018      0.00716894 
        4.17857       0.0247542       0.0071423 
        4.18471       0.0249905       0.0071158 
        4.19084       0.0251502      0.00708944 
        4.19698       0.0254295      0.00706322 
        4.20312       0.0255886      0.00703711 
        4.20925        0.025795      0.00701116 
        4.21538       0.0261058      0.00698535 
        4.22152       0.0263551      0.00695964 
        4.22766       0.0266084      0.00693406 
         4.2338       0.0268389      0.00690863 
        4.23993       0.0270505      0.00688332 
        4.24607       0.0273296      0.00685814 
         4.2522       0.0275526      0.00683308 
        4.25834       0.0278152      0.00680814 
        4.26447       0.0280519      0.00678335 
        4.27061       0.0284098      0.00675868 
        4.27674       0.0285723      0.00673412 
        4.28288       0.0288287      0.00670966 
        4.28902       0.0291265      0.00668535 
        4.29515       0.0293526      0.00666117 
        4.30129       0.0296482      0.00663709 
        4.30743       0.0300946      0.00661312 
        4.31356       0.0303456      0.00658929 
        4.31969       0.0305943       0.0065656 
        4.32583        0.030932      0.00654201 
        4.33197       0.0311323       0.0065185 
         4.3381        0.031519      0.00649513 
        4.34424       0.0317502      0.00647189 
        4.35038       0.0320581      0.00644872 
        4.35652       0.0324498      0.00642569 
        4.36265       0.0327415      0.00640279 
        4.36878       0.0330012         0.00638 
        4.37492       0.0334374       0.0063573 
        4.38106        0.033717       0.0063347 
        4.38719       0.0342005      0.00631226 
        4.39333       0.0344816      0.00628992 
        4.39946        0.034838      0.00626767 
         4.4056        0.035275      0.00624552 
        4.41173       0.0355981      0.00622349 
        4.41786       0.0360407      0.00620159 
          4.424       0.0363168      0.00617977 
        4.43014       0.0367987      0.00615803 
        4.43628       0.0371273      0.00613641 
        4.44241       0.0376752      0.00611491 
        4.44855       0.0379663      0.00609351 
        4.45469       0.0384054      0.00607219 
        4.46083       0.0387318        0.006051 
        4.46696       0.0392362      0.00602993 
        4.47309        0.039684      0.00600893 
        4.47923       0.0401132      0.00598802 
        4.48537       0.0406033      0.00596724 
         4.4915       0.0410184      0.00594655 
        4.49764       0.0414942      0.00592595 
        4.50378       0.0419515      0.00590544 
        4.50991       0.0424326      0.00588506 
        4.51604       0.0427726      0.00586477 
        4.52218       0.0433341      0.00584454 
        4.52832       0.0439538      0.00582443 
        4.53445       0.0443943      0.00580443 
        4.54059       0.0448414      0.00578451 
        4.54673       0.0454478      0.00576467 
        4.55286       0.0460318      0.00574493 
          4.559       0.0463393       0.0057253 
        4.56513       0.0470842      0.00570576 
        4.57127       0.0476276       0.0056863 
        4.57741       0.0481074      0.00566693 
        4.58354       0.0485859      0.00564766 
        4.58968        0.049226      0.00562848 
        4.59582       0.0498205      0.00560937 
        4.60195       0.0504029      0.00559037 
        4.60809       0.0510385      0.00557146 
        4.61422       0.0515303      0.00555263 
        4.62036       0.0524126       0.0055339 
        4.62649       0.0528658      0.00551524 
        4.63263       0.0535206      0.00549667 
        4.63876       0.0540507      0.00547819 
         4.6449       0.0548124      0.00545979 
        4.65104       0.0555216      0.00544148 
        4.65717       0.0561784      0.00542326 
        4.66331       0.0569278      0.00540512 
        4.66944       0.0574952      0.00538705 
        4.67558       0.0581836      0.00536909 
        4.68171       0.0590444      0.00535119 
        4.68785       0.0596734      0.00533337 
        4.69399       0.0605141      0.00531563 
        4.70012       0.0611135      0.00529801 
        4.70625       0.0619475      0.00528044 
        4.71239       0.0628949      0.00526294 
        4.71853       0.0636947      0.00524553 
        4.72467       0.0642553      0.00522819 
         4.7308       0.0653272      0.00521094 
        4.73694       0.0659366      0.00519377 
        4.74308       0.0667612      0.00517667 
        4.74922        0.067803      0.00515964 
        4.75535       0.0688754      0.00514271 
        4.76148        0.069388      0.00512586 
        4.76762       0.0704069      0.00510905 
        4.77376       0.0712703      0.00509233 
        4.77989       0.0722498      0.00507571 
        4.78602       0.0731137      0.00505915 
        4.79216        0.073942      0.00504265 
         4.7983       0.0750627      0.00502623 
        4.80443       0.0761725       0.0050099 
        4.81056        0.077001      0.00499364 
         4.8167       0.0779087      0.00497743 
        4.82284       0.0790572      0.00496129 
        4.82898       0.0802593      0.00494524 
        4.83511       0.0813264      0.00492927 
        4.84125       0.0824133      0.00491334 
        4.84739       0.0833525       0.0048975 
        4.85352       0.0846502      0.00488174 
        4.85965        0.085461      0.00486604 
        4.86579       0.0866189      0.00485041 
        4.87193        0.087921      0.00483484 
        4.87807       0.0890577      0.00481934 
         4.8842       0.0904343      0.00480392 
        4.89034       0.0914107      0.00478855 
        4.89647       0.0927644      0.00477326 
        4.90261       0.0939363      0.00475804 
        4.90874       0.0950799      0.00474289 
        4.91488       0.0964425       0.0047278 
        4.92102       0.0979209      0.00471277 
        4.92715       0.0992612      0.00469781 
        4.93329        0.100705      0.00468292 
        4.93942        0.102294      0.00466808 
        4.94556        0.103272      0.00465331 
         4.9517        0.104928      0.00463861 
        4.95783        0.106447      0.00462397 
        4.96397        0.107595       0.0046094 
        4.97011        0.109036      0.00459488 
        4.97624        0.111111      0.00458044 
        4.98238        0.112162      0.00456606 
        4.98851        0.113853      0.00455174 
        4.99465        0.116091      0.00453748 
        5.00078        0.117212      0.00452328 
        5.00691        0.118841      0.00450915 
        5.01305        0.120474      0.00449507 
        5.01919        0.122143      0.00448104 
        5.02533        0.124351      0.00446708 
        5.03146         0.12597      0.00445319 
         5.0376        0.127969      0.00443935 
        5.04374        0.129153      0.00442556 
        5.04987        0.131555      0.00441184 
        5.05601        0.133788      0.00439818 
        5.06215        0.135043      0.00438457 
        5.06829        0.137806      0.00437102 
        5.07442        0.139539      0.00435754 
        5.08055        0.141856      0.00434412 
        5.08668        0.143408      0.00433074 
        5.09282         0.14558      0.00431741 
        5.09896        0.148338      0.00430416 
        5.10509         0.15032      0.00429096 
        5.11123        0.152642      0.00427781 
        5.11736        0.154935      0.00426471 
         5.1235        0.157515      0.00425167 
        5.12964         0.15934      0.00423868 
        5.13577        0.161621      0.00422575 
        5.14191        0.164637      0.00421287 
        5.14804        0.166171      0.00420006 
        5.15418        0.169304      0.00418729 
        5.16032        0.172228      0.00417457 
        5.16645        0.174205       0.0041619 
        5.17259        0.177137      0.00414929 
        5.17872        0.180343      0.00413674 
        5.18486        0.182669      0.00412423 
          5.191        0.185705      0.00411177 
        5.19713        0.188595      0.00409937 
        5.20327        0.191822      0.00408703 
        5.20941        0.194671      0.00407472 
        5.21555        0.196751      0.00406246 
        5.22168        0.200611      0.00405027 
        5.22781        0.204017      0.00403813 
        5.23395        0.207207      0.00402603 
        5.24009        0.210786      0.00401397 
        5.24622        0.214256      0.00400198 
        5.25236        0.217784      0.00399003 
         5.2585        0.220521      0.00397812 
        5.26463        0.225005      0.00396627 
        5.27077        0.228846      0.00395447 
         5.2769        0.232411      0.00394272 
        5.28304        0.235688      0.00393101 
        5.28917        0.240012      0.00391936 
         5.2953        0.244664      0.00390775 
        5.30144        0.248111      0.00389619 
        5.30757        0.252881      0.00388467 
        5.31371        0.255387      0.00387319 
        5.31985        0.261323      0.00386176 
        5.32599        0.266242      0.00385038 
        5.33213        0.270265      0.00383904 
        5.33826        0.274336      0.00382775 
         5.3444        0.278942      0.00381651 
        5.35053        0.283818      0.00380532 
        5.35667        0.288554      0.00379416 
        5.36281        0.293324      0.00378305 
        5.36894        0.298421      0.00377199 
        5.37507        0.303437      0.00376098 
        5.38121        0.309262         0.00375 
        5.38735        0.314036      0.00373906 
        5.39348        0.320575      0.00372819 
        5.39961        0.324733      0.00371735 
        5.40575        0.332367      0.00370654 
        5.41189        0.335089      0.00369578 
        5.41803        0.342667      0.00368506 
        5.42416        0.348596      0.00367439 
         5.4303        0.354829      0.00366376 
        5.43644        0.361554      0.00365317 
        5.44257        0.366421      0.00364263 
        5.44871        0.376551      0.00363212 
        5.45484        0.383308      0.00362166 
        5.46098        0.389146      0.00361124 
        5.46712        0.396295      0.00360085 
        5.47325        0.403954      0.00359051 
        5.47938        0.411845      0.00358022 
        5.48552        0.417841      0.00356997 
        5.49165        0.427249      0.00355975 
        5.49779        0.435191      0.00354958 
        5.50393        0.441679      0.00353943 
        5.51006         0.45047      0.00352933 
         5.5162        0.460859      0.00351927 
        5.52234        0.469137      0.00350925 
        5.52847        0.479281      0.00349927 
        5.53461        0.487124      0.00348933 
        5.54075        0.500454      0.00347943 
        5.54688         0.50598      0.00346956 
        5.55302         0.51797      0.00345974 
        5.55915        0.526991      0.00344995 
        5.56529        0.536624       0.0034402 
        5.57143        0.549931      0.00343049 
        5.57756        0.558499      0.00342081 
         5.5837        0.569071      0.00341118 
        5.58983         0.58302      0.00340158 
        5.59597        0.596351      0.00339202 
         5.6021        0.606291       0.0033825 
        5.60824        0.619339      0.00337301 
        5.61438         0.63259      0.00336355 
        5.62051        0.644838      0.00335414 
        5.62665        0.656479      0.00334476 
        5.63278        0.670426      0.00333542 
        5.63892        0.682922      0.00332611 
        5.64505        0.698333      0.00331684 
        5.65119        0.711483      0.00330761 
        5.65733        0.726947      0.00329841 
        5.66346        0.747569      0.00328924 
         5.6696         0.76277      0.00328011 
        5.67573        0.784165      0.00327102 
        5.68187        0.790314      0.00326196 
          5.688        0.814225      0.00325294 
        5.69414        0.827677      0.00324394 
        5.70028        0.848888      0.00323498 
        5.70642        0.866616      0.00322606 
        5.71255        0.886051      0.00321717 
        5.71869        0.906763      0.00320831 
        5.72482        0.930301      0.00319949 
        5.73096        0.952038      0.00319071 
        5.73709        0.969371      0.00318196 
        5.74322        0.995947      0.00317324 
        5.74936         1.01564      0.00316454 
         5.7555         1.04924      0.00315588 
        5.76164         1.06078      0.00314726 
        5.76777         1.09142      0.00313867 
        5.77391         1.11249      0.00313011 
        5.78005         1.14184      0.00312158 
        5.78618         1.16646      0.00311309 
        5.79231         1.19769      0.00310464 
        5.79845         1.22684       0.0030962 
        5.80459         1.25981      0.00308779 
        5.81073         1.29091      0.00307943 
        5.81686         1.31124      0.00307109 
          5.823         1.34741      0.00306279 
        5.82914         1.38407      0.00305451 
        5.83527         1.41415      0.00304627 
         5.8414         1.45272      0.00303806 
        5.84754         1.49328      0.00302987 
        5.85368         1.52142      0.00302172 
        5.85981         1.56771       0.0030136 
        5.86595         1.61258      0.00300551 
        5.87208         1.63475      0.00299745 
        5.87822         1.70159      0.00298942 
        5.88435         1.72892      0.00298142 
        5.89049         1.78146      0.00297345 
        5.89662         1.81455       0.0029655 
        5.90276         1.88798      0.00295758 
         5.9089         1.93477       0.0029497 
        5.91503         1.98805      0.00294185 
        5.92117         2.04249      0.00293402 
        5.92731          2.1047      0.00292622 
        5.93344         2.17299      0.00291845 
        5.93958         2.21837      0.00291071 
        5.94572         2.27517      0.00290299 
        5.95186         2.36861       0.0028953 
        5.95799         2.39633      0.00288765 
        5.96412         2.48492      0.00288003 
        5.97026          2.5686      0.00287242 
         5.9764          2.6374      0.00286485 
        5.98253         2.69731      0.00285731 
        5.98866         2.79091      0.00284979 
         5.9948         2.88726       0.0028423 
        6.00094         2.96204      0.00283483 
        6.00707         3.02733       0.0028274 
        6.01321         3.14831      0.00281999 
        6.01935         3.22659       0.0028126 
        6.02548         3.32062      0.00280525 
        6.03162          3.4356      0.00279792 
        6.03775         3.54643      0.00279062 
        6.04389         3.62899      0.00278334 
        6.05003         3.77199      0.00277609 
        6.05617         3.86611      0.00276886 
         6.0623         3.98576      0.00276166 
        6.06844         4.11837      0.00275449 
        6.07457         4.23849      0.00274734 
         6.0807          4.3995      0.00274022 
        6.08684          4.5184      0.00273313 
        6.09298         4.69013      0.00272606 
        6.09912         4.81444      0.00271901 
        6.10525         4.97144      0.00271199 
        6.11138         5.20122        0.002705 
        6.11752           5.356      0.00269802 
        6.12366         5.52931      0.00269108 
        6.12979         5.68904      0.00268416 
        6.13593         5.85273      0.00267726 
        6.14207         6.18843      0.00267039 
         6.1482         6.26095      0.00266354 
        6.15434         6.50295      0.00265672 
        6.16047         6.73778      0.00264992 
        6.16661         7.02339      0.00264314 
        6.17274         7.20452      0.00263639 
        6.17887         7.23788      0.00262966 
        6.18501         7.92246      0.00262296 
        6.19115         7.97508      0.00261628 
        6.19729         8.45971      0.00260961 
        6.20342         8.56356      0.00260298 
        6.20956          8.8185      0.00259637 
         6.2157         9.42851      0.00258977 
        6.22183         9.47949      0.00258321 
        6.22797         9.68964      0.00257667 
         6.2341         10.4637      0.00257015 
        6.24024         10.3503      0.00256365 
        6.24638         11.3193      0.00255717 
        6.25251         11.0042      0.00255072 
        6.25865         11.0341      0.00254429 
        6.26478         11.4265      0.00253788 
        6.27092         11.5856       0.0025315 
        6.27705         12.1318      0.00252514 
        6.28318         17.5163      0.00251879 
