# k  (h/Mpc)    P(k)  (Mpc/h)^3    P_linear(k)  (Mpc/h)^3
     0.00783031         8400.55          8529.5 
       0.013688         10518.2         10480.1 
       0.019231         10558.5         10556.2 
      0.0249154         9549.21         9702.99 
      0.0312784         8287.76         8349.72 
      0.0375637         7085.12         7079.21 
      0.0433917         6082.16         6154.18 
      0.0492413         5472.02         5494.33 
      0.0555754         4906.45         5012.27 
      0.0619321         4672.52         4657.63 
       0.067871         4267.05         4348.66 
      0.0738098         3931.01         4007.23 
      0.0800417         3509.36         3604.81 
      0.0862327         3141.67            3190 
      0.0921407          2818.4         2821.89 
      0.0982031         2493.77         2506.47 
       0.104506         2308.17         2260.88 
       0.110769         2133.34         2093.27 
       0.116806         2005.05         1982.62 
       0.122832         1923.35         1895.54 
       0.129052         1798.97         1805.25 
       0.135211         1700.21         1700.08 
       0.141259         1607.31          1579.3 
       0.147318         1494.64         1449.19 
       0.153489            1359         1320.71 
       0.159709         1268.13         1207.81 
       0.165845         1203.71         1119.47 
       0.171974         1130.17         1054.18 
       0.178125         1079.66         1006.51 
       0.184229         1040.05         968.971 
        0.19034         977.384         933.171 
       0.196428         957.616         893.608 
       0.202534         922.695         847.934 
       0.208729         870.984         796.962 
       0.214876         820.534         745.581 
       0.220989         788.491         697.886 
       0.227147         745.092         656.392 
        0.23329          713.43         622.719 
       0.239377         696.812         596.212 
       0.245482         652.024         574.431 
       0.251667          646.07         554.672 
       0.257832          623.39         534.952 
       0.263955         601.679         514.007 
       0.270079         578.697         491.518 
        0.27624         569.288         468.083 
       0.282372          544.99         445.231 
        0.28843         529.016         424.279 
       0.294538         503.415         405.571 
       0.300721         499.274         389.277 
        0.30691         476.335         375.236 
       0.313033         466.483         362.867 
       0.319153         450.913          351.21 
       0.325316         438.439         339.546 
        0.33145         424.969         327.685 
       0.337538         418.958         315.678 
       0.343633          404.97         303.689 
       0.349808         391.428         291.946 
       0.355968          386.61         280.995 
       0.362074         378.028         271.057 
       0.368217         367.691         262.024 
       0.374374         353.635         253.769 
       0.380519         349.698         246.101 
       0.386598         340.916         238.845 
       0.392688         337.638         231.705 
        0.39888         328.285         224.508 
       0.405048         320.899         217.409 
       0.411186         314.346         210.484 
       0.417313         308.369          203.83 
       0.423458         302.374         197.505 
       0.429607         295.924         191.558 
       0.435692         287.964          186.06 
       0.441815         285.729         180.861 
       0.447964          280.17         175.893 
       0.454126         270.041         171.099 
       0.460267         266.685          166.46 
       0.466387         263.504         161.935 
        0.47254         257.729         157.484 
       0.478662         256.522         153.182 
       0.484765         248.471         149.048 
       0.490885         245.269         145.072 
       0.497035         241.566         141.253 
       0.503198         236.024          137.61 
       0.509342          233.59         134.143 
       0.515458         230.449         130.827 
       0.521598         226.401         127.606 
       0.527764         222.936         124.467 
       0.533884          220.14          121.44 
           0.54         216.801         118.503 
       0.546137         215.534         115.639 
       0.552299         211.248         112.854 
       0.558452         208.706         110.169 
       0.564573         205.337         107.596 
       0.570708         201.568         105.114 
       0.576825         199.001         102.729 
       0.582926          196.17         100.428 
       0.589034         193.855         98.1932 
       0.595184         191.764         96.0075 
       0.601379         189.692         93.8699 
       0.607522         185.829         91.8122 
       0.613639         184.911         89.8237 
       0.619772          180.88         87.8897 
       0.625918         179.318         86.0097 
       0.632068         177.124          84.185 
       0.638161         175.941         82.4308 
         0.6443         173.278         80.7157 
       0.650464         171.534          79.045 
       0.656582         169.732          77.435 
       0.662703         167.752         75.8705 
       0.668861         165.135          74.341 
       0.675024         163.247         72.8528 
       0.681124         162.403         71.4201 
       0.687237         159.672         70.0227 
       0.693381         157.449         68.6559 
       0.699536         156.356         67.3232 
       0.705665         156.107         66.0317 
       0.711789         152.842         64.7756 
       0.717957         152.357          63.544 
        0.72409         150.232         62.3518 
       0.730186         147.996          61.198 
       0.736317         147.057         60.0676 
       0.742472          146.13         58.9621 
       0.748622         144.773         57.8858 
        0.75476         143.502          56.839 
       0.760888         141.481         55.8199 
       0.767043         140.796          54.822 
       0.773185         139.289         53.8507 
       0.779291         137.197         52.9086 
       0.785407         136.532         51.9879 
       0.791564         135.301         51.0834 
       0.797719         133.286         50.2011 
       0.803834         132.693         49.3455 
       0.809972         131.173         48.5068 
       0.816124         130.905          47.686 
       0.822261         129.367         46.8865 
       0.828378         128.162          46.108 
       0.834502         127.742         45.3465 
       0.840667         125.904         44.5976 
       0.846816         124.701         43.8677 
       0.852925         123.936          43.159 
       0.859047         122.451         42.4645 
       0.865192         121.767         41.7832 
       0.871341         120.627         41.1166 
       0.877463         119.524         40.4676 
       0.883569         118.754         39.8343 
       0.889708         117.858         39.2115 
       0.895864         116.737         38.6005 
       0.902008         115.916         38.0039 
       0.908149         115.322         37.4203 
       0.914301         114.096         36.8482 
       0.920448         113.298         36.2886 
       0.926574         112.569         35.7427 
       0.932687         112.223         35.2093 
       0.938823         110.534          34.685 
       0.944975         109.562         34.1702 
       0.951105         109.032         33.6678 
       0.957225         107.776         33.1764 
       0.963368         107.087         32.6932 
       0.969511         106.791         32.2197 
       0.975621         106.273         31.7582 
       0.981748         105.409         31.3045 
       0.987916         104.314          30.857 
        0.99406         103.671         30.4199 
        1.00019         103.006         29.9923 
        1.00632           102.3         29.5733 
        1.01246         101.561         29.1617 
        1.01859         100.335         28.7587 
        1.02471         100.302         28.3639 
        1.03085         99.2779         27.9751 
        1.03698         98.7169         27.5946 
        1.04314         97.7907         27.2195 
        1.04929         97.2339         26.8523 
        1.05541         96.5125         26.4935 
        1.06154         96.0783         26.1403 
        1.06769         95.7069         25.7931 
        1.07382         95.1551         25.4534 
        1.07993         94.4192         25.1206 
        1.08607         93.6702         24.7924 
        1.09222         93.2618         24.4697 
        1.09836         92.5092         24.1532 
        1.10449          91.971         23.8427 
        1.11063          91.358         23.5374 
        1.11677         90.9296         23.2375 
         1.1229         89.9592         22.9434 
        1.12903          89.217         22.6542 
        1.13518         89.4565         22.3697 
        1.14131          88.685         22.0904 
        1.14745         87.8471         21.8159 
        1.15359         87.4399         21.5462 
        1.15973         87.0485         21.2808 
        1.16584          86.345         21.0212 
        1.17197         85.8828         20.7656 
        1.17811         85.3532         20.5134 
        1.18424         84.7606         20.2662 
        1.19038         84.2836         20.0224 
        1.19652          83.903         19.7827 
        1.20267         83.1814         19.5469 
        1.20881         82.7797         19.3151 
        1.21495         82.1888         19.0873 
        1.22108         81.7876         18.8633 
         1.2272         81.0792         18.6435 
        1.23334          80.799         18.4266 
        1.23949         80.2571         18.2128 
        1.24562         79.9307         18.0029 
        1.25174         79.4173         17.7966 
        1.25789         79.0582          17.593 
        1.26402         78.6498          17.393 
        1.27014         77.9109         17.1965 
        1.27628         77.7079         17.0026 
        1.28244         77.0656         16.8112 
        1.28858         76.7949         16.6231 
        1.29471         76.3764         16.4383 
        1.30084         75.8973         16.2565 
        1.30697         75.4534         16.0772 
        1.31312          75.052         15.9003 
        1.31925         74.7174         15.7267 
        1.32537         74.3844         15.5559 
        1.33151         73.6418         15.3869 
        1.33765         73.3067         15.2206 
        1.34378         72.8726         15.0571 
        1.34992         72.6501         14.8959 
        1.35606         72.2298         14.7367 
         1.3622         71.5956         14.5802 
        1.36833         71.4585         14.4263 
        1.37445         71.0159         14.2746 
        1.38059          70.483         14.1248 
        1.38675         70.1168         13.9767 
        1.39288         69.7062         13.8313 
        1.39901         69.6018         13.6881 
        1.40515         69.1478         13.5466 
         1.4113         68.7277         13.4071 
        1.41742         68.5903         13.2702 
        1.42355         67.9565         13.1349 
         1.4297         67.7119         13.0011 
        1.43585         67.1983         12.8693 
        1.44198         66.9631         12.7397 
        1.44809         66.6349         12.6122 
        1.45423         66.2805          12.486 
        1.46036         66.0537         12.3618 
        1.46649         65.6397         12.2392 
        1.47263         65.2097         12.1182 
        1.47877         65.0336         11.9988 
        1.48491          64.732         11.8809 
        1.49104         64.2685         11.7649 
        1.49718         63.8213         11.6503 
        1.50333         63.5965          11.537 
        1.50947         63.2628         11.4255 
         1.5156         62.9621         11.3156 
        1.52172         62.7086         11.2072 
        1.52787         62.5266            11.1 
          1.534         62.0956         10.9943 
        1.54013          61.704         10.8901 
        1.54627         61.4971         10.7871 
        1.55241         61.0658         10.6854 
        1.55855         60.7573         10.5852 
        1.56467         60.3393         10.4865 
         1.5708         60.2959         10.3888 
        1.57695         60.0198         10.2922 
        1.58308         59.5498         10.1971 
        1.58922         59.4909         10.1031 
        1.59535         59.2438         10.0103 
         1.6015         58.6555         9.91857 
        1.60764         58.5272         9.82803 
        1.61376         58.1783         9.73888 
        1.61989         57.8377         9.65077 
        1.62604          57.707         9.56356 
        1.63218         57.4992         9.47748 
        1.63831         57.1346         9.39266 
        1.64444         56.8259         9.30885 
        1.65059         56.4376         9.22587 
        1.65673         56.2914           9.144 
        1.66285         55.9524         9.06335 
        1.66898         55.7134         8.98364 
        1.67512         55.3631         8.90475 
        1.68127         55.0664         8.82673 
         1.6874         54.9291         8.74982 
        1.69353         54.6158         8.67388 
        1.69967         54.3344         8.59866 
        1.70581         54.2394         8.52436 
        1.71193         53.9828         8.45122 
        1.71806         53.4663         8.37879 
        1.72421         53.3939         8.30707 
        1.73035         53.0838         8.23626 
        1.73649         52.6794          8.1663 
        1.74262          52.632         8.09721 
        1.74876         52.3714         8.02888 
        1.75489         52.0641         7.96148 
        1.76101           51.89         7.89487 
        1.76715         51.5419         7.82894 
        1.77329         51.3517         7.76368 
        1.77943          51.067         7.69914 
        1.78557         50.9241         7.63543 
        1.79171         50.6163         7.57243 
        1.79785         50.4138         7.51013 
        1.80399         50.2038         7.44855 
        1.81012         50.0133         7.38775 
        1.81625         49.5429         7.32765 
        1.82239          49.433         7.26813 
        1.82853         49.0725         7.20931 
        1.83466         48.9872         7.15119 
        1.84078         48.6067         7.09378 
        1.84692         48.4109         7.03691 
        1.85306         48.2313         6.98059 
         1.8592         47.9205         6.92498 
        1.86533         47.7975         6.87001 
        1.87147         47.5837         6.81557 
        1.87761         47.4041          6.7617 
        1.88375         47.1385         6.70848 
        1.88988         47.0897         6.65588 
        1.89601          46.703         6.60383 
        1.90215         46.5244         6.55229 
        1.90829         46.3988         6.50132 
        1.91442         46.1218         6.45089 
        1.92056         45.8468         6.40104 
         1.9267          45.585         6.35167 
        1.93284          45.446         6.30279 
        1.93897         45.2459         6.25452 
        1.94509          44.944         6.20686 
        1.95123         44.8742         6.15957 
        1.95737         44.6132         6.11275 
        1.96349         44.3724         6.06653 
        1.96964         44.2986         6.02066 
        1.97578         43.9905         5.97524 
        1.98192         43.8335         5.93039 
        1.98805         43.6592         5.88599 
        1.99419         43.3521         5.84204 
        2.00033         43.1908         5.79853 
        2.00647         42.9979         5.75547 
         2.0126         42.7765         5.71292 
        2.01874         42.6438         5.67073 
        2.02488         42.5012         5.62894 
        2.03101         42.2145         5.58765 
        2.03714         42.0371         5.54681 
        2.04328          41.813         5.50633 
        2.04941         41.6006         5.46629 
        2.05554         41.3702         5.42668 
        2.06167         41.3311         5.38741 
        2.06781         41.0909         5.34853 
        2.07396         40.8852         5.30997 
        2.08009         40.7391         5.27186 
        2.08622         40.4776         5.23417 
        2.09237         40.3135         5.19677 
        2.09851         40.1242         5.15973 
        2.10464         39.9694         5.12312 
        2.11077          39.841          5.0869 
        2.11691         39.5953         5.05096 
        2.12305         39.3743         5.01536 
        2.12918         39.2437         4.98019 
        2.13531         39.0179         4.94536 
        2.14145         38.9299         4.91078 
         2.1476         38.7077         4.87648 
        2.15372          38.481         4.84269 
        2.15985         38.3556         4.80919 
        2.16599         38.3084          4.7759 
        2.17213         38.1534         4.74297 
        2.17827         37.8514         4.71035 
         2.1844         37.6886         4.67808 
        2.19054         37.5036         4.64609 
        2.19666         37.3592         4.61445 
         2.2028         37.1832         4.58307 
        2.20893         37.0808         4.55197 
        2.21508          36.917         4.52113 
        2.22122         36.6848         4.49056 
        2.22736         36.5559         4.46034 
        2.23349          36.426         4.43041 
        2.23962         36.1595         4.40073 
        2.24577         36.0263          4.3713 
         2.2519         35.8503         4.34218 
        2.25802         35.7712         4.31338 
        2.26417          35.588         4.28475 
        2.27031         35.4958         4.25636 
        2.27644         35.2087         4.22831 
        2.28257         35.1237         4.20052 
        2.28872         34.9047         4.17292 
        2.29486          34.844         4.14558 
        2.30099         34.6735         4.11854 
        2.30712         34.5187         4.09173 
        2.31326         34.4032         4.06511 
         2.3194         34.2262         4.03874 
        2.32553          34.058         4.01266 
        2.33166         33.9234         3.98681 
         2.3378         33.7336         3.96116 
        2.34394         33.5334         3.93572 
        2.35007         33.4338         3.91055 
        2.35619         33.3632         3.88563 
        2.36233         33.2465         3.86086 
        2.36848         32.9895         3.83626 
        2.37462         32.9307         3.81193 
        2.38075         32.7594         3.78783 
        2.38689         32.6987         3.76392 
        2.39303         32.4848         3.74022 
        2.39916         32.2966         3.71674 
        2.40529         32.0803         3.69347 
        2.41143         32.0593         3.67039 
        2.41757         31.9558         3.64749 
         2.4237         31.7681         3.62483 
        2.42983         31.6455         3.60236 
        2.43598         31.4543         3.58002 
        2.44211         31.3346         3.55791 
        2.44823         31.2133         3.53604 
        2.45437         31.1212         3.51429 
        2.46052         30.9055          3.4927 
        2.46665         30.8551         3.47134 
        2.47279         30.7118         3.45016 
        2.47892         30.5242         3.42914 
        2.48507         30.4168         3.40828 
         2.4912         30.2907         3.38764 
        2.49733         30.1646         3.36717 
        2.50347         29.9966         3.34684 
        2.50961         29.9109         3.32668 
        2.51575          29.813         3.30669 
        2.52188         29.6337         3.28689 
        2.52802         29.5534         3.26724 
        2.53416         29.4595         3.24773 
        2.54029         29.2593         3.22843 
        2.54641         29.2216         3.20928 
        2.55255         29.0656         3.19027 
        2.55869         28.9228         3.17139 
        2.56483         28.8153         3.15268 
        2.57096         28.6706         3.13415 
        2.57709          28.526         3.11576 
        2.58323         28.4112          3.0975 
        2.58937         28.2908         3.07937 
        2.59551         28.1812         3.06142 
        2.60164         28.0874         3.04361 
        2.60778         27.9401         3.02593 
        2.61392          27.809         3.00839 
        2.62006         27.7107           2.991 
        2.62619         27.5875         2.97377 
        2.63232         27.4608         2.95666 
        2.63846         27.3862         2.93967 
        2.64459         27.2371         2.92284 
        2.65072         27.0936         2.90614 
        2.65686         27.0079         2.88957 
          2.663         26.9038          2.8731 
        2.66915         26.7852         2.85676 
        2.67527         26.6766         2.84058 
        2.68141         26.5934         2.82452 
        2.68755         26.4823         2.80857 
        2.69368         26.3537         2.79276 
        2.69981         26.2063         2.77709 
        2.70595         26.1043          2.7615 
        2.71209         25.9957         2.74603 
        2.71823         25.9044          2.7307 
        2.72436         25.8131         2.71549 
         2.7305          25.678         2.70039 
        2.73663         25.5883         2.68541 
        2.74276         25.4093         2.67056 
         2.7489         25.3982          2.6558 
        2.75504         25.2551         2.64114 
        2.76118         25.1634         2.62659 
        2.76732         25.0575         2.61217 
        2.77345         24.9525         2.59786 
        2.77959         24.8359         2.58366 
        2.78572         24.7584         2.56956 
        2.79186         24.6123         2.55558 
        2.79798         24.5242         2.54171 
        2.80412         24.4598         2.52792 
        2.81027         24.3545         2.51422 
         2.8164         24.2288         2.50065 
        2.82253          24.172         2.48718 
        2.82867         24.0114          2.4738 
        2.83481         23.9315         2.46052 
        2.84095         23.8306         2.44733 
        2.84708         23.7477         2.43426 
        2.85322         23.6094         2.42127 
        2.85935         23.5628         2.40838 
        2.86549         23.4965         2.39559 
        2.87162         23.3675         2.38289 
        2.87776          23.292         2.37028 
        2.88389         23.1602         2.35776 
        2.89003         23.0478         2.34534 
        2.89617         22.9648           2.333 
        2.90231          22.901         2.32075 
        2.90844          22.783         2.30859 
        2.91458         22.6877         2.29652 
        2.92071         22.5897         2.28455 
        2.92684         22.5079         2.27265 
        2.93298         22.4184         2.26085 
         2.9391         22.3391         2.24914 
        2.94524         22.2187          2.2375 
        2.95138         22.1309         2.22594 
        2.95752         22.0617         2.21444 
        2.96367         21.9552         2.20303 
         2.9698         21.8993         2.19172 
        2.97594         21.8045         2.18048 
        2.98207         21.6948         2.16932 
        2.98821         21.6093         2.15825 
        2.99434         21.5125         2.14725 
        3.00048         21.4771         2.13633 
        3.00662         21.3766         2.12547 
        3.01275         21.2492         2.11471 
        3.01888         21.1774         2.10402 
        3.02503          21.124         2.09339 
        3.03117         21.0133         2.08284 
        3.03729         20.9302         2.07238 
        3.04342         20.8438         2.06199 
        3.04957         20.7783         2.05164 
         3.0557         20.7175         2.04138 
        3.06183         20.6013         2.03121 
        3.06796         20.5244          2.0211 
        3.07411         20.4364         2.01103 
        3.08025           20.34         2.00105 
        3.08637          20.249         1.99116 
         3.0925         20.1753         1.98131 
        3.09865           20.11         1.97152 
         3.1048         20.0253          1.9618 
        3.11093         19.9461         1.95216 
        3.11706         19.8714         1.94258 
         3.1232          19.782         1.93307 
        3.12933         19.6884         1.92361 
        3.13547         19.6359         1.91423 
        3.14159         19.5504         1.90492 
        3.14773         19.4911         1.89565 
        3.15388         19.3823         1.88644 
        3.16001         19.2881         1.87731 
        3.16614         19.2512         1.86824 
        3.17228         19.1723         1.85922 
        3.17842         19.0998         1.85026 
        3.18455         19.0507         1.84137 
        3.19068         18.9355         1.83254 
        3.19682         18.8659         1.82375 
        3.20297         18.7858         1.81502 
         3.2091         18.7173         1.80636 
        3.21524         18.6347         1.79775 
        3.22138         18.5972          1.7892 
         3.2275          18.484         1.78071 
        3.23363         18.4227         1.77228 
        3.23977         18.3575          1.7639 
        3.24591         18.2847         1.75557 
        3.25205         18.2267         1.74728 
        3.25818         18.1119         1.73906 
        3.26432         18.0698         1.73089 
        3.27046         17.9747         1.72278 
         3.2766         17.9265         1.71471 
        3.28273         17.8675          1.7067 
        3.28887         17.7801         1.69874 
          3.295         17.7043         1.69084 
        3.30113         17.6369         1.68298 
        3.30727         17.6022         1.67517 
        3.31341         17.5002         1.66742 
        3.31954         17.4303         1.65971 
        3.32568         17.3676         1.65205 
        3.33182         17.3031         1.64444 
        3.33795         17.2229         1.63688 
        3.34409         17.1889         1.62936 
        3.35022         17.1171         1.62189 
        3.35636         17.0498         1.61448 
         3.3625         16.9752          1.6071 
        3.36864          16.927         1.59977 
        3.37477         16.8376         1.59249 
        3.38091         16.7774         1.58526 
        3.38704         16.7187         1.57807 
        3.39318         16.6503         1.57092 
        3.39931         16.5886         1.56382 
        3.40545         16.5442         1.55677 
        3.41158         16.4596         1.54975 
        3.41772         16.3849         1.54278 
        3.42385         16.3348         1.53586 
        3.42998         16.2694         1.52898 
        3.43612         16.1985         1.52214 
        3.44226         16.1318         1.51534 
         3.4484         16.0694         1.50857 
        3.45453         16.0399         1.50186 
        3.46066         15.9633         1.49519 
        3.46681         15.8847         1.48855 
        3.47295         15.8466         1.48195 
        3.47908         15.7809          1.4754 
        3.48521           15.72         1.46889 
        3.49135         15.6689         1.46242 
        3.49749         15.5881         1.45598 
        3.50362         15.5434         1.44958 
        3.50976         15.4791         1.44323 
        3.51589         15.4135         1.43691 
        3.52203         15.3569         1.43063 
        3.52816         15.3059          1.4244 
        3.53429          15.264         1.41819 
        3.54043         15.1912         1.41202 
        3.54657         15.1428         1.40588 
        3.55271         15.0719         1.39979 
        3.55884         15.0253         1.39374 
        3.56498         14.9654         1.38771 
        3.57112            14.9         1.38172 
        3.57725         14.8548         1.37577 
        3.58338         14.7801         1.36986 
        3.58952         14.7437         1.36398 
        3.59566         14.6654         1.35813 
         3.6018         14.6186         1.35232 
        3.60793         14.5659         1.34654 
        3.61407         14.5086          1.3408 
        3.62021          14.471         1.33509 
        3.62634         14.3941         1.32942 
        3.63247         14.3472         1.32378 
        3.63861         14.2996         1.31817 
        3.64475         14.2462         1.31258 
        3.65089         14.1809         1.30704 
        3.65702         14.1532         1.30153 
        3.66316         14.0864         1.29605 
        3.66929         14.0411          1.2906 
        3.67543         13.9792         1.28519 
        3.68156         13.9298          1.2798 
        3.68769         13.8638         1.27445 
        3.69383         13.8369         1.26912 
        3.69997         13.7832         1.26383 
        3.70611         13.7113         1.25857 
        3.71224         13.6922         1.25334 
        3.71838         13.6173         1.24813 
        3.72451          13.577         1.24296 
        3.73065         13.5425         1.23782 
        3.73678         13.4866         1.23271 
        3.74292         13.4243         1.22762 
        3.74906         13.3783         1.22256 
        3.75519         13.3266         1.21754 
        3.76133         13.2762         1.21254 
        3.76746         13.2236         1.20757 
         3.7736          13.187         1.20263 
        3.77974          13.131         1.19771 
        3.78588         13.0773         1.19282 
        3.79201         13.0429         1.18796 
        3.79814         12.9877         1.18313 
        3.80428         12.9382         1.17832 
        3.81042         12.9027         1.17354 
        3.81655         12.8429         1.16879 
        3.82268         12.8064         1.16407 
        3.82882         12.7436         1.15937 
        3.83496         12.7021         1.15469 
        3.84109         12.6668         1.15005 
        3.84723         12.6274         1.14542 
        3.85337         12.5596         1.14082 
        3.85951         12.5256         1.13625 
        3.86565         12.4821          1.1317 
        3.87178          12.433         1.12718 
        3.87791          12.391         1.12269 
        3.88405         12.3389         1.11822 
        3.89019         12.3106         1.11377 
        3.89632         12.2596         1.10935 
        3.90246         12.2026         1.10495 
         3.9086         12.1625         1.10057 
        3.91473         12.1302         1.09622 
        3.92086         12.0709          1.0919 
        3.92699          12.037          1.0876 
        3.93313         11.9947         1.08331 
        3.93927         11.9456         1.07906 
         3.9454         11.9038         1.07483 
        3.95154         11.8866         1.07061 
        3.95768         11.8242         1.06642 
        3.96382         11.7734         1.06225 
        3.96995         11.7305         1.05811 
        3.97609         11.6813         1.05399 
        3.98222         11.6598         1.04989 
        3.98836         11.6093         1.04581 
         3.9945         11.5606         1.04176 
        4.00063         11.5326         1.03773 
        4.00677         11.4918         1.03371 
        4.01291         11.4619         1.02972 
        4.01904         11.4171         1.02575 
        4.02517         11.3651         1.02181 
        4.03131         11.3261         1.01788 
        4.03745         11.2903         1.01397 
        4.04358         11.2533         1.01008 
        4.04972         11.2116         1.00622 
        4.05585           11.16         1.00237 
        4.06199          11.132        0.998543 
        4.06812         11.0935        0.994739 
        4.07426         11.0494        0.990954 
         4.0804         11.0071        0.987186 
        4.08654         10.9736        0.983437 
        4.09267         10.9368        0.979714 
         4.0988         10.8896        0.976012 
        4.10494         10.8673        0.972324 
        4.11108         10.8123        0.968653 
        4.11721         10.7784        0.965005 
        4.12334         10.7433        0.961377 
        4.12948         10.7011        0.957766 
        4.13561         10.6701        0.954172 
        4.14176         10.6342        0.950594 
        4.14789         10.6008        0.947037 
        4.15403         10.5648          0.9435 
        4.16016         10.5228         0.93998 
         4.1663         10.4865        0.936479 
        4.17243          10.434        0.932997 
        4.17857         10.4159        0.929531 
        4.18471         10.3763        0.926081 
        4.19084         10.3409        0.922651 
        4.19698          10.301        0.919238 
        4.20312         10.2778        0.915841 
        4.20925         10.2444        0.912463 
        4.21538         10.1931        0.909104 
        4.22152         10.1655        0.905758 
        4.22766         10.1323        0.902429 
         4.2338         10.0965         0.89912 
        4.23993         10.0502        0.895826 
        4.24607         10.0304        0.892549 
         4.2522         9.99688        0.889287 
        4.25834         9.95339        0.886042 
        4.26447         9.92701        0.882816 
        4.27061         9.88901        0.879605 
        4.27674         9.84241        0.876408 
        4.28288         9.82525        0.873226 
        4.28902         9.79353        0.870061 
        4.29515         9.75213        0.866914 
        4.30129         9.72415        0.863781 
        4.30743         9.68521        0.860661 
        4.31356         9.64929        0.857559 
        4.31969         9.63302        0.854476 
        4.32583         9.59356        0.851406 
        4.33197         9.56638        0.848346 
         4.3381         9.52918        0.845305 
        4.34424         9.50115         0.84228 
        4.35038         9.46193        0.839265 
        4.35652         9.43435        0.836267 
        4.36265         9.40808        0.833288 
        4.36878         9.36323        0.830322 
        4.37492         9.34217        0.827367 
        4.38106         9.30263        0.824426 
        4.38719         9.28553        0.821505 
        4.39333         9.24744        0.818598 
        4.39946         9.21103        0.815702 
         4.4056         9.18698         0.81282 
        4.41173         9.15601        0.809953 
        4.41786         9.12791        0.807103 
          4.424         9.08231        0.804263 
        4.43014         9.06472        0.801434 
        4.43628         9.03312         0.79862 
        4.44241         9.00862        0.795822 
        4.44855         8.97613        0.793036 
        4.45469         8.94556        0.790262 
        4.46083          8.9183        0.787505 
        4.46696         8.88414        0.784762 
        4.47309          8.8613        0.782028 
        4.47923         8.83167        0.779308 
        4.48537         8.80476        0.776604 
         4.4915          8.7809        0.773911 
        4.49764         8.74899        0.771229 
        4.50378         8.71529         0.76856 
        4.50991         8.68996        0.765908 
        4.51604         8.66306        0.763268 
        4.52218         8.63836        0.760635 
        4.52832         8.60054        0.758018 
        4.53445         8.57202        0.755414 
        4.54059         8.55317        0.752822 
        4.54673         8.51939        0.750241 
        4.55286         8.49855        0.747671 
          4.559         8.46241        0.745116 
        4.56513         8.44134        0.742573 
        4.57127         8.41243        0.740041 
        4.57741         8.38436        0.737519 
        4.58354         8.35962        0.735011 
        4.58968          8.3415        0.732515 
        4.59582          8.3045        0.730028 
        4.60195         8.28356        0.727556 
        4.60809          8.2495        0.725095 
        4.61422         8.22193        0.722645 
        4.62036         8.20457        0.720206 
        4.62649         8.17138        0.717778 
        4.63263         8.14897        0.715362 
        4.63876         8.11754        0.712957 
         4.6449         8.09515        0.710561 
        4.65104         8.06834        0.708178 
        4.65717         8.05086        0.705808 
        4.66331         8.01833        0.703446 
        4.66944         8.00169        0.701095 
        4.67558          7.9702        0.698758 
        4.68171         7.95086        0.696428 
        4.68785         7.92349        0.694108 
        4.69399         7.89014        0.691801 
        4.70012          7.8769        0.689506 
        4.70625         7.84921         0.68722 
        4.71239         7.81884        0.684943 
        4.71853         7.79667        0.682677 
        4.72467         7.77373         0.68042 
         4.7308         7.74707        0.678175 
        4.73694         7.73323        0.675941 
        4.74308         7.70237        0.673715 
        4.74922         7.68127        0.671499 
        4.75535         7.65451        0.669295 
        4.76148         7.63555        0.667102 
        4.76762         7.60565        0.664915 
        4.77376         7.58049        0.662739 
        4.77989         7.56847        0.660576 
        4.78602         7.53654         0.65842 
        4.79216         7.51779        0.656273 
         4.7983         7.49419        0.654136 
        4.80443         7.48026        0.652011 
        4.81056         7.44656        0.649894 
         4.8167         7.42276        0.647785 
        4.82284         7.40568        0.645685 
        4.82898         7.38124        0.643596 
        4.83511         7.35681        0.641517 
        4.84125         7.34153        0.639445 
        4.84739         7.31944        0.637383 
        4.85352         7.29883        0.635332 
        4.85965         7.27337        0.633288 
        4.86579         7.25593        0.631254 
        4.87193         7.23006        0.629227 
        4.87807         7.20207        0.627211 
         4.8842         7.18576        0.625203 
        4.89034         7.16871        0.623204 
        4.89647         7.14822        0.621214 
        4.90261         7.13261        0.619233 
        4.90874         7.10689        0.617261 
        4.91488         7.08441        0.615297 
        4.92102         7.07011        0.613341 
        4.92715         7.04489        0.611394 
        4.93329         7.01933        0.609456 
        4.93942         7.00343        0.607525 
        4.94556         6.97807        0.605603 
         4.9517           6.959         0.60369 
        4.95783         6.94755        0.601785 
        4.96397         6.92523        0.599888 
        4.97011         6.90555        0.597999 
        4.97624         6.88081        0.596119 
        4.98238         6.86571        0.594248 
        4.98851         6.84207        0.592384 
        4.99465         6.82644        0.590528 
        5.00078         6.80404         0.58868 
        5.00691         6.78621        0.586841 
        5.01305         6.76974        0.585009 
        5.01919         6.75055        0.583183 
        5.02533         6.73116        0.581366 
        5.03146         6.70683        0.579558 
         5.0376         6.70083        0.577757 
        5.04374         6.66791        0.575963 
        5.04987         6.65256        0.574177 
        5.05601         6.63093          0.5724 
        5.06215         6.61258        0.570628 
        5.06829         6.59919        0.568864 
        5.07442         6.58373         0.56711 
        5.08055         6.56186        0.565363 
        5.08668         6.53952        0.563622 
        5.09282         6.53128        0.561888 
        5.09896         6.51712        0.560163 
        5.10509         6.49494        0.558445 
        5.11123         6.47628        0.556733 
        5.11736         6.45896        0.555029 
         5.1235         6.43964        0.553331 
        5.12964         6.42566        0.551642 
        5.13577         6.40128        0.549958 
        5.14191         6.38764        0.548282 
        5.14804         6.36949        0.546615 
        5.15418         6.35994        0.544953 
        5.16032          6.3421        0.543298 
        5.16645         6.32586        0.541649 
        5.17259         6.30729        0.540008 
        5.17872         6.29413        0.538374 
        5.18486         6.27179        0.536746 
          5.191         6.26188        0.535124 
        5.19713         6.24275        0.533511 
        5.20327         6.21929        0.531904 
        5.20941           6.211        0.530303 
        5.21555         6.18849        0.528707 
        5.22168         6.17962         0.52712 
        5.22781         6.16376         0.52554 
        5.23395         6.14226        0.523966 
        5.24009         6.12892        0.522397 
        5.24622         6.11319        0.520836 
        5.25236         6.09586        0.519281 
         5.2585         6.07813        0.517731 
        5.26463         6.07107        0.516189 
        5.27077         6.05259        0.514653 
         5.2769         6.03696        0.513123 
        5.28304         6.01972          0.5116 
        5.28917         6.00391        0.510083 
         5.2953         5.99111        0.508573 
        5.30144         5.97859        0.507068 
        5.30757         5.96627        0.505569 
        5.31371         5.94692        0.504075 
        5.31985         5.93204        0.502588 
        5.32599         5.91707        0.501106 
        5.33213         5.90106         0.49963 
        5.33826         5.88819        0.498162 
         5.3444         5.87612        0.496699 
        5.35053         5.86472        0.495242 
        5.35667         5.85148         0.49379 
        5.36281         5.83278        0.492344 
        5.36894         5.81836        0.490904 
        5.37507         5.80891        0.489471 
        5.38121         5.79275        0.488042 
        5.38735          5.7844        0.486619 
        5.39348         5.76644        0.485203 
        5.39961          5.7538        0.483793 
        5.40575          5.7434        0.482387 
        5.41189         5.72204        0.480986 
        5.41803         5.71681        0.479591 
        5.42416         5.69896        0.478203 
         5.4303         5.68805        0.476819 
        5.43644          5.6743        0.475441 
        5.44257         5.66266        0.474069 
        5.44871         5.65079        0.472701 
        5.45484         5.63526         0.47134 
        5.46098         5.62683        0.469983 
        5.46712         5.60855        0.468632 
        5.47325         5.59953        0.467286 
        5.47938         5.58867        0.465947 
        5.48552         5.57725        0.464613 
        5.49165         5.56295        0.463283 
        5.49779          5.5543        0.461958 
        5.50393         5.53761        0.460638 
        5.51006         5.52741        0.459323 
         5.5162         5.51683        0.458015 
        5.52234         5.50525        0.456711 
        5.52847         5.48973        0.455411 
        5.53461         5.47524        0.454117 
        5.54075         5.47227        0.452829 
        5.54688         5.45776        0.451545 
        5.55302         5.44782        0.450266 
        5.55915         5.43739        0.448993 
        5.56529         5.42164        0.447724 
        5.57143         5.41573         0.44646 
        5.57756         5.40082          0.4452 
         5.5837         5.39132        0.443947 
        5.58983          5.3808        0.442698 
        5.59597         5.37082        0.441454 
         5.6021         5.36181        0.440214 
        5.60824         5.34764        0.438979 
        5.61438         5.34357        0.437749 
        5.62051         5.32228        0.436524 
        5.62665         5.32015        0.435303 
        5.63278         5.30833        0.434087 
        5.63892         5.29989        0.432876 
        5.64505         5.29343         0.43167 
        5.65119         5.28112        0.430468 
        5.65733         5.26948         0.42927 
        5.66346         5.25902        0.428078 
         5.6696         5.24157        0.426889 
        5.67573         5.23708        0.425706 
        5.68187         5.22921        0.424527 
          5.688         5.22042        0.423352 
        5.69414         5.21121        0.422182 
        5.70028         5.20385        0.421016 
        5.70642         5.19506        0.419854 
        5.71255         5.18246        0.418697 
        5.71869         5.17603        0.417545 
        5.72482         5.16628        0.416397 
        5.73096         5.15744        0.415254 
        5.73709         5.14638        0.414115 
        5.74322         5.14035         0.41298 
        5.74936         5.12856        0.411849 
         5.7555         5.12548        0.410721 
        5.76164         5.11632        0.409599 
        5.76777         5.10853        0.408482 
        5.77391         5.09953        0.407367 
        5.78005         5.08946        0.406257 
        5.78618         5.08197        0.405152 
        5.79231         5.07308        0.404052 
        5.79845         5.06427        0.402954 
        5.80459         5.05596         0.40186 
        5.81073         5.05113        0.400771 
        5.81686         5.04483        0.399687 
          5.823         5.03946        0.398605 
        5.82914         5.02998        0.397528 
        5.83527         5.02414        0.396456 
         5.8414         5.01073        0.395388 
        5.84754         5.00722        0.394322 
        5.85368         4.99956        0.393261 
        5.85981          4.9952        0.392204 
        5.86595         4.98318        0.391151 
        5.87208         4.98067        0.390102 
        5.87822          4.9705        0.389057 
        5.88435         4.96393        0.388016 
        5.89049         4.95906        0.386978 
        5.89662         4.95276        0.385945 
        5.90276         4.94458        0.384914 
         5.9089         4.93477        0.383888 
        5.91503         4.93137        0.382866 
        5.92117         4.92445        0.381847 
        5.92731         4.92194        0.380832 
        5.93344         4.91368        0.379821 
        5.93958         4.90599        0.378813 
        5.94572         4.90498        0.377809 
        5.95186         4.89823        0.376808 
        5.95799         4.89074        0.375813 
        5.96412         4.88537         0.37482 
        5.97026         4.87891        0.373831 
         5.9764         4.87647        0.372845 
        5.98253          4.8695        0.371864 
        5.98866         4.86832        0.370886 
         5.9948         4.85651         0.36991 
        6.00094         4.85724        0.368939 
        6.00707            4.85        0.367971 
        6.01321         4.84437        0.367007 
        6.01935         4.83902        0.366046 
        6.02548          4.8349        0.365088 
        6.03162         4.82958        0.364135 
        6.03775         4.82959        0.363185 
        6.04389         4.82279        0.362238 
        6.05003         4.82078        0.361293 
        6.05617         4.81345        0.360353 
         6.0623         4.81048        0.359416 
        6.06844         4.80711        0.358482 
        6.07457         4.80058        0.357553 
         6.0807         4.79775        0.356626 
        6.08684         4.79597        0.355703 
        6.09298         4.79263        0.354782 
        6.09912         4.78914        0.353865 
        6.10525         4.78436        0.352952 
        6.11138         4.78145        0.352041 
        6.11752         4.77868        0.351134 
        6.12366         4.77759         0.35023 
        6.12979         4.77386        0.349329 
        6.13593          4.7684        0.348432 
        6.14207         4.76988        0.347537 
         6.1482         4.76331        0.346646 
        6.15434         4.76181        0.345758 
        6.16047         4.76144        0.344873 
        6.16661         4.75941        0.343991 
        6.17274         4.75273        0.343113 
        6.17887         4.75028        0.342237 
        6.18501         4.75146        0.341365 
        6.19115         4.74681        0.340495 
        6.19729         4.74556        0.339628 
        6.20342         4.73888        0.338764 
        6.20956         4.74228        0.337904 
         6.2157         4.73969        0.337046 
        6.22183         4.73628        0.336191 
        6.22797         4.73405         0.33534 
         6.2341         4.73671        0.334492 
        6.24024         4.73423        0.333646 
        6.24638          4.7338        0.332803 
        6.25251         4.73193        0.331963 
        6.25865          4.7308        0.331126 
        6.26478         4.72924        0.330292 
        6.27092         4.72931        0.329461 
        6.27705         4.72889        0.328633 
        6.28318         4.72992        0.327808 
