#           k/h    P           
   0.100000E-03   0.158698E+03
   0.102020E-03   0.161773E+03
   0.104081E-03   0.164908E+03
   0.106184E-03   0.168103E+03
   0.108329E-03   0.171360E+03
   0.110517E-03   0.174681E+03
   0.112750E-03   0.178065E+03
   0.115027E-03   0.181515E+03
   0.117351E-03   0.185032E+03
   0.119722E-03   0.188617E+03
   0.122140E-03   0.192271E+03
   0.124608E-03   0.195996E+03
   0.127125E-03   0.199793E+03
   0.129693E-03   0.203664E+03
   0.132313E-03   0.207609E+03
   0.134986E-03   0.211631E+03
   0.137713E-03   0.215730E+03
   0.140495E-03   0.219909E+03
   0.143333E-03   0.224169E+03
   0.146228E-03   0.228511E+03
   0.149182E-03   0.232937E+03
   0.152196E-03   0.237448E+03
   0.155271E-03   0.242047E+03
   0.158407E-03   0.246734E+03
   0.161607E-03   0.251513E+03
   0.164872E-03   0.256383E+03
   0.168203E-03   0.261348E+03
   0.171601E-03   0.266408E+03
   0.175067E-03   0.271566E+03
   0.178604E-03   0.276824E+03
   0.182212E-03   0.282183E+03
   0.185893E-03   0.287646E+03
   0.189648E-03   0.293214E+03
   0.193479E-03   0.298890E+03
   0.197388E-03   0.304675E+03
   0.201375E-03   0.310572E+03
   0.205443E-03   0.316583E+03
   0.209594E-03   0.322709E+03
   0.213828E-03   0.328954E+03
   0.218147E-03   0.335319E+03
   0.222554E-03   0.341807E+03
   0.227050E-03   0.348419E+03
   0.231637E-03   0.355159E+03
   0.236316E-03   0.362028E+03
   0.241090E-03   0.369030E+03
   0.245960E-03   0.376167E+03
   0.250929E-03   0.383441E+03
   0.255998E-03   0.390856E+03
   0.261170E-03   0.398414E+03
   0.266446E-03   0.406117E+03
   0.271828E-03   0.413968E+03
   0.277319E-03   0.421968E+03
   0.282922E-03   0.430119E+03
   0.288637E-03   0.438423E+03
   0.294468E-03   0.446886E+03
   0.300417E-03   0.455514E+03
   0.306485E-03   0.464316E+03
   0.312677E-03   0.473299E+03
   0.318993E-03   0.482470E+03
   0.325437E-03   0.491833E+03
   0.332012E-03   0.501394E+03
   0.338719E-03   0.511156E+03
   0.345561E-03   0.521125E+03
   0.352542E-03   0.531303E+03
   0.359664E-03   0.541693E+03
   0.366930E-03   0.552298E+03
   0.374342E-03   0.563118E+03
   0.381904E-03   0.574156E+03
   0.389619E-03   0.585411E+03
   0.397490E-03   0.596880E+03
   0.405520E-03   0.608559E+03
   0.413712E-03   0.620442E+03
   0.422070E-03   0.632524E+03
   0.430596E-03   0.644801E+03
   0.439295E-03   0.657281E+03
   0.448169E-03   0.669973E+03
   0.457222E-03   0.682888E+03
   0.466459E-03   0.696037E+03
   0.475882E-03   0.709431E+03
   0.485496E-03   0.723073E+03
   0.495303E-03   0.736965E+03
   0.505309E-03   0.751112E+03
   0.515517E-03   0.765514E+03
   0.525931E-03   0.780174E+03
   0.536556E-03   0.795097E+03
   0.547395E-03   0.810284E+03
   0.558453E-03   0.825740E+03
   0.569734E-03   0.841468E+03
   0.581244E-03   0.857471E+03
   0.592986E-03   0.873752E+03
   0.604965E-03   0.890312E+03
   0.617186E-03   0.907154E+03
   0.629654E-03   0.924279E+03
   0.642374E-03   0.941692E+03
   0.655350E-03   0.959400E+03
   0.668589E-03   0.977412E+03
   0.682096E-03   0.995736E+03
   0.695875E-03   0.101438E+04
   0.709933E-03   0.103336E+04
   0.724274E-03   0.105264E+04
   0.738906E-03   0.107224E+04
   0.753832E-03   0.109212E+04
   0.769061E-03   0.111227E+04
   0.784597E-03   0.113269E+04
   0.800447E-03   0.115337E+04
   0.816617E-03   0.117432E+04
   0.833114E-03   0.119554E+04
   0.849944E-03   0.121704E+04
   0.867114E-03   0.123881E+04
   0.884631E-03   0.126082E+04
   0.902501E-03   0.128305E+04
   0.920733E-03   0.130546E+04
   0.939333E-03   0.132801E+04
   0.958309E-03   0.135069E+04
   0.977668E-03   0.137350E+04
   0.997418E-03   0.139645E+04
   0.101757E-02   0.141957E+04
   0.103812E-02   0.144286E+04
   0.105910E-02   0.146631E+04
   0.108049E-02   0.148984E+04
   0.110232E-02   0.151337E+04
   0.112459E-02   0.153680E+04
   0.114730E-02   0.156002E+04
   0.117048E-02   0.158292E+04
   0.119413E-02   0.160526E+04
   0.121825E-02   0.162683E+04
   0.124286E-02   0.164741E+04
   0.126797E-02   0.166674E+04
   0.129358E-02   0.168478E+04
   0.131971E-02   0.170181E+04
   0.134637E-02   0.171818E+04
   0.137357E-02   0.173424E+04
   0.140132E-02   0.175034E+04
   0.142963E-02   0.176671E+04
   0.145851E-02   0.178333E+04
   0.148797E-02   0.180016E+04
   0.151803E-02   0.181715E+04
   0.154870E-02   0.183427E+04
   0.157998E-02   0.185152E+04
   0.161190E-02   0.186899E+04
   0.164446E-02   0.188679E+04
   0.167768E-02   0.190503E+04
   0.171158E-02   0.192380E+04
   0.174615E-02   0.194304E+04
   0.178143E-02   0.196246E+04
   0.181741E-02   0.198171E+04
   0.185413E-02   0.200045E+04
   0.189158E-02   0.201832E+04
   0.192980E-02   0.203521E+04
   0.196878E-02   0.205131E+04
   0.200855E-02   0.206684E+04
   0.204913E-02   0.208204E+04
   0.209052E-02   0.209716E+04
   0.213276E-02   0.211246E+04
   0.217584E-02   0.212821E+04
   0.221979E-02   0.214471E+04
   0.226464E-02   0.216225E+04
   0.231039E-02   0.218115E+04
   0.235706E-02   0.220146E+04
   0.240467E-02   0.222298E+04
   0.245325E-02   0.224547E+04
   0.250281E-02   0.226870E+04
   0.255337E-02   0.229240E+04
   0.260495E-02   0.231637E+04
   0.265758E-02   0.234048E+04
   0.271126E-02   0.236456E+04
   0.276603E-02   0.238847E+04
   0.282191E-02   0.241204E+04
   0.287892E-02   0.243518E+04
   0.293708E-02   0.245788E+04
   0.299641E-02   0.248010E+04
   0.305694E-02   0.250183E+04
   0.311870E-02   0.252307E+04
   0.318170E-02   0.254390E+04
   0.324597E-02   0.256457E+04
   0.331155E-02   0.258530E+04
   0.337844E-02   0.260635E+04
   0.344669E-02   0.262796E+04
   0.351632E-02   0.265009E+04
   0.358735E-02   0.267246E+04
   0.365982E-02   0.269476E+04
   0.373376E-02   0.271667E+04
   0.380918E-02   0.273789E+04
   0.388613E-02   0.275818E+04
   0.396464E-02   0.277741E+04
   0.404473E-02   0.279545E+04
   0.412644E-02   0.281217E+04
   0.420980E-02   0.282744E+04
   0.429484E-02   0.284130E+04
   0.438160E-02   0.285396E+04
   0.447012E-02   0.286562E+04
   0.456042E-02   0.287646E+04
   0.465255E-02   0.288670E+04
   0.474653E-02   0.289628E+04
   0.484242E-02   0.290496E+04
   0.494024E-02   0.291252E+04
   0.504004E-02   0.291872E+04
   0.514186E-02   0.292332E+04
   0.524573E-02   0.292619E+04
   0.535170E-02   0.292728E+04
   0.545981E-02   0.292653E+04
   0.557011E-02   0.292390E+04
   0.568263E-02   0.291934E+04
   0.579743E-02   0.291277E+04
   0.591455E-02   0.290410E+04
   0.603403E-02   0.289327E+04
   0.615592E-02   0.288019E+04
   0.628028E-02   0.286480E+04
   0.640715E-02   0.284712E+04
   0.653658E-02   0.282722E+04
   0.666863E-02   0.280517E+04
   0.680335E-02   0.278105E+04
   0.694078E-02   0.275494E+04
   0.708100E-02   0.272676E+04
   0.722404E-02   0.269642E+04
   0.736998E-02   0.266379E+04
   0.751886E-02   0.262880E+04
   0.767075E-02   0.259136E+04
   0.782571E-02   0.255157E+04
   0.798380E-02   0.250955E+04
   0.814509E-02   0.246546E+04
   0.830963E-02   0.241945E+04
   0.847750E-02   0.237168E+04
   0.864875E-02   0.232223E+04
   0.882347E-02   0.227116E+04
   0.900171E-02   0.221856E+04
   0.918356E-02   0.216451E+04
   0.936908E-02   0.210911E+04
   0.955835E-02   0.205252E+04
   0.975144E-02   0.199493E+04
   0.994843E-02   0.193650E+04
   0.101494E-01   0.187742E+04
   0.103544E-01   0.181788E+04
   0.105636E-01   0.175803E+04
   0.107770E-01   0.169807E+04
   0.109947E-01   0.163815E+04
   0.112168E-01   0.157843E+04
   0.114434E-01   0.151907E+04
   0.116746E-01   0.146021E+04
   0.119104E-01   0.140199E+04
   0.121510E-01   0.134453E+04
   0.123965E-01   0.128795E+04
   0.126469E-01   0.123236E+04
   0.129024E-01   0.117787E+04
   0.131631E-01   0.112458E+04
   0.134290E-01   0.107257E+04
   0.137003E-01   0.102193E+04
   0.139770E-01   0.972716E+03
   0.142594E-01   0.924996E+03
   0.145474E-01   0.878825E+03
   0.148413E-01   0.834247E+03
   0.151411E-01   0.791290E+03
   0.154470E-01   0.749978E+03
   0.157590E-01   0.710341E+03
   0.160774E-01   0.672401E+03
   0.164022E-01   0.636166E+03
   0.167335E-01   0.601633E+03
   0.170716E-01   0.568789E+03
   0.174164E-01   0.537616E+03
   0.177683E-01   0.508091E+03
   0.181272E-01   0.480183E+03
   0.184934E-01   0.453850E+03
   0.188670E-01   0.429045E+03
   0.192481E-01   0.405702E+03
   0.196370E-01   0.383754E+03
   0.200337E-01   0.363131E+03
   0.204384E-01   0.343769E+03
   0.208513E-01   0.325599E+03
   0.212725E-01   0.308548E+03
   0.217022E-01   0.292544E+03
   0.221406E-01   0.277518E+03
   0.225879E-01   0.263409E+03
   0.230442E-01   0.250156E+03
   0.235097E-01   0.237697E+03
   0.239847E-01   0.225975E+03
   0.244692E-01   0.214937E+03
   0.249635E-01   0.204535E+03
   0.254678E-01   0.194723E+03
   0.259823E-01   0.185467E+03
   0.265072E-01   0.176733E+03
   0.270426E-01   0.168490E+03
   0.275889E-01   0.160709E+03
   0.281463E-01   0.153363E+03
   0.287149E-01   0.146427E+03
   0.292949E-01   0.139877E+03
   0.298867E-01   0.133690E+03
   0.304905E-01   0.127847E+03
   0.311064E-01   0.122327E+03
   0.317348E-01   0.117112E+03
   0.323759E-01   0.112184E+03
   0.330299E-01   0.107526E+03
   0.336972E-01   0.103124E+03
   0.343779E-01   0.989636E+02
   0.350724E-01   0.950319E+02
   0.357809E-01   0.913178E+02
   0.365038E-01   0.878105E+02
   0.372412E-01   0.844997E+02
   0.379935E-01   0.813763E+02
   0.387610E-01   0.784336E+02
   0.395440E-01   0.756654E+02
   0.403429E-01   0.730656E+02
   0.411579E-01   0.706281E+02
   0.419893E-01   0.683456E+02
   0.428375E-01   0.662062E+02
   0.437029E-01   0.641987E+02
   0.445858E-01   0.623124E+02
   0.454865E-01   0.605378E+02
   0.464053E-01   0.588687E+02
   0.473428E-01   0.573025E+02
   0.482992E-01   0.558372E+02
   0.492749E-01   0.544707E+02
   0.502703E-01   0.531994E+02
   0.512858E-01   0.520134E+02
   0.523219E-01   0.509019E+02
   0.533789E-01   0.498550E+02
   0.544572E-01   0.488636E+02
   0.555573E-01   0.479191E+02
   0.566796E-01   0.470131E+02
   0.578246E-01   0.461382E+02
   0.589927E-01   0.452856E+02
   0.601845E-01   0.444448E+02
   0.614003E-01   0.436056E+02
   0.626407E-01   0.427591E+02
   0.639061E-01   0.418981E+02
   0.651971E-01   0.410168E+02
   0.665142E-01   0.401100E+02
   0.678578E-01   0.391736E+02
   0.692287E-01   0.382043E+02
   0.706272E-01   0.371996E+02
   0.720539E-01   0.361600E+02
   0.735095E-01   0.350880E+02
   0.749945E-01   0.339867E+02
   0.765095E-01   0.328605E+02
   0.780551E-01   0.317147E+02
   0.796319E-01   0.305554E+02
   0.812406E-01   0.293915E+02
   0.828817E-01   0.282323E+02
   0.845561E-01   0.270881E+02
   0.862642E-01   0.259704E+02
   0.880068E-01   0.248899E+02
   0.897847E-01   0.238578E+02
   0.915985E-01   0.228838E+02
   0.934489E-01   0.219757E+02
   0.953367E-01   0.211393E+02
   0.972626E-01   0.203790E+02
   0.992274E-01   0.196962E+02
   0.101232E+00   0.190891E+02
   0.103277E+00   0.185554E+02
   0.105363E+00   0.180881E+02
   0.107492E+00   0.176790E+02
   0.109663E+00   0.173182E+02
   0.111879E+00   0.169932E+02
   0.114139E+00   0.166911E+02
   0.116445E+00   0.163975E+02
   0.118797E+00   0.160978E+02
   0.121197E+00   0.157784E+02
   0.123645E+00   0.154266E+02
   0.126143E+00   0.150337E+02
   0.128691E+00   0.145943E+02
   0.131291E+00   0.141085E+02
   0.133943E+00   0.135803E+02
   0.136649E+00   0.130194E+02
   0.139409E+00   0.124388E+02
   0.142226E+00   0.118543E+02
   0.145099E+00   0.112823E+02
   0.148030E+00   0.107385E+02
   0.151020E+00   0.102362E+02
   0.154071E+00   0.978512E+01
   0.157184E+00   0.939054E+01
   0.160359E+00   0.905328E+01
   0.163598E+00   0.876937E+01
   0.166903E+00   0.853156E+01
   0.170275E+00   0.832916E+01
   0.173715E+00   0.814912E+01
   0.177224E+00   0.797691E+01
   0.180804E+00   0.779745E+01
   0.184457E+00   0.759719E+01
   0.188183E+00   0.736675E+01
   0.191985E+00   0.710330E+01
   0.195863E+00   0.681159E+01
   0.199820E+00   0.650238E+01
   0.203856E+00   0.618952E+01
   0.207974E+00   0.588678E+01
   0.212176E+00   0.560590E+01
   0.216462E+00   0.535556E+01
   0.220835E+00   0.514065E+01
   0.225296E+00   0.496100E+01
   0.229847E+00   0.481064E+01
   0.234490E+00   0.467874E+01
   0.239227E+00   0.455239E+01
   0.244060E+00   0.442045E+01
   0.248990E+00   0.427582E+01
   0.254020E+00   0.411595E+01
   0.259152E+00   0.394290E+01
   0.264387E+00   0.376320E+01
   0.269728E+00   0.358635E+01
   0.275177E+00   0.342159E+01
   0.280736E+00   0.327492E+01
   0.286407E+00   0.314774E+01
   0.292193E+00   0.303738E+01
   0.298096E+00   0.293790E+01
   0.304118E+00   0.284143E+01
   0.310261E+00   0.274123E+01
   0.316529E+00   0.263462E+01
   0.322923E+00   0.252327E+01
   0.329447E+00   0.241128E+01
   0.336102E+00   0.230353E+01
   0.342892E+00   0.220446E+01
   0.349819E+00   0.211590E+01
   0.356885E+00   0.203601E+01
   0.364095E+00   0.196093E+01
   0.371450E+00   0.188702E+01
   0.378954E+00   0.181192E+01
   0.386609E+00   0.173549E+01
   0.394419E+00   0.166002E+01
   0.402387E+00   0.158826E+01
   0.410516E+00   0.152171E+01
   0.418809E+00   0.146026E+01
   0.427269E+00   0.140237E+01
   0.435901E+00   0.134606E+01
   0.444706E+00   0.129033E+01
   0.453690E+00   0.123532E+01
   0.462855E+00   0.118211E+01
   0.472206E+00   0.113181E+01
   0.481745E+00   0.108451E+01
   0.491477E+00   0.103960E+01
   0.501405E+00   0.996261E+00
   0.511534E+00   0.953967E+00
   0.521868E+00   0.912987E+00
   0.532411E+00   0.873677E+00
   0.543166E+00   0.836355E+00
   0.554139E+00   0.800803E+00
   0.565333E+00   0.766650E+00
   0.576753E+00   0.733658E+00
   0.588404E+00   0.701870E+00
   0.600291E+00   0.671436E+00
   0.612418E+00   0.642384E+00
   0.624789E+00   0.614581E+00
   0.637411E+00   0.587869E+00
   0.650288E+00   0.562194E+00
   0.663424E+00   0.537596E+00
   0.676826E+00   0.514055E+00
   0.690499E+00   0.491532E+00
   0.704448E+00   0.469919E+00
   0.718679E+00   0.449208E+00
   0.733197E+00   0.429369E+00
   0.748009E+00   0.410377E+00
   0.763119E+00   0.392192E+00
   0.778536E+00   0.374766E+00
   0.794263E+00   0.358080E+00
   0.810308E+00   0.342117E+00
   0.826677E+00   0.326830E+00
   0.843378E+00   0.312194E+00
   0.860415E+00   0.298200E+00
   0.877797E+00   0.284741E+00
   0.895529E+00   0.271868E+00
   0.913620E+00   0.259568E+00
   0.932076E+00   0.247815E+00
   0.950906E+00   0.236583E+00
   0.970115E+00   0.225849E+00
   0.989713E+00   0.215590E+00
   0.100971E+01   0.205786E+00
   0.103010E+01   0.196416E+00
   0.105091E+01   0.187460E+00
   0.107214E+01   0.178901E+00
   0.109380E+01   0.170719E+00
   0.111590E+01   0.162900E+00
   0.113844E+01   0.155426E+00
   0.116144E+01   0.148282E+00
   0.118490E+01   0.141455E+00
   0.120884E+01   0.134930E+00
   0.123326E+01   0.128696E+00
   0.125817E+01   0.122739E+00
   0.128359E+01   0.117048E+00
   0.130952E+01   0.111612E+00
   0.133597E+01   0.106419E+00
   0.136296E+01   0.101460E+00
   0.139049E+01   0.967238E-01
   0.141858E+01   0.922015E-01
   0.144724E+01   0.878836E-01
   0.147648E+01   0.837614E-01
   0.150630E+01   0.798263E-01
   0.153673E+01   0.760701E-01
   0.156778E+01   0.724851E-01
   0.159945E+01   0.690640E-01
   0.163176E+01   0.657998E-01
   0.166472E+01   0.626859E-01
   0.169835E+01   0.597158E-01
   0.173266E+01   0.568833E-01
   0.176766E+01   0.541826E-01
   0.180337E+01   0.516078E-01
   0.183980E+01   0.491535E-01
   0.187697E+01   0.468143E-01
   0.191489E+01   0.445852E-01
   0.195357E+01   0.424612E-01
   0.199304E+01   0.404377E-01
   0.203330E+01   0.385101E-01
   0.207437E+01   0.366741E-01
