#           k/h    P           
   0.100000E-03   0.368900E+03
   0.102020E-03   0.376087E+03
   0.104081E-03   0.383413E+03
   0.106184E-03   0.390881E+03
   0.108329E-03   0.398494E+03
   0.110517E-03   0.406255E+03
   0.112750E-03   0.414166E+03
   0.115027E-03   0.422231E+03
   0.117351E-03   0.430453E+03
   0.119722E-03   0.438834E+03
   0.122140E-03   0.447377E+03
   0.124608E-03   0.456086E+03
   0.127125E-03   0.464964E+03
   0.129693E-03   0.474013E+03
   0.132313E-03   0.483238E+03
   0.134986E-03   0.492642E+03
   0.137713E-03   0.502227E+03
   0.140495E-03   0.511998E+03
   0.143333E-03   0.521958E+03
   0.146228E-03   0.532111E+03
   0.149182E-03   0.542460E+03
   0.152196E-03   0.553009E+03
   0.155271E-03   0.563761E+03
   0.158407E-03   0.574721E+03
   0.161607E-03   0.585893E+03
   0.164872E-03   0.597280E+03
   0.168203E-03   0.608887E+03
   0.171601E-03   0.620718E+03
   0.175067E-03   0.632776E+03
   0.178604E-03   0.645067E+03
   0.182212E-03   0.657594E+03
   0.185893E-03   0.670363E+03
   0.189648E-03   0.683376E+03
   0.193479E-03   0.696640E+03
   0.197388E-03   0.710159E+03
   0.201375E-03   0.723937E+03
   0.205443E-03   0.737979E+03
   0.209594E-03   0.752290E+03
   0.213828E-03   0.766875E+03
   0.218147E-03   0.781740E+03
   0.222554E-03   0.796889E+03
   0.227050E-03   0.812327E+03
   0.231637E-03   0.828060E+03
   0.236316E-03   0.844094E+03
   0.241090E-03   0.860433E+03
   0.245960E-03   0.877083E+03
   0.250929E-03   0.894051E+03
   0.255998E-03   0.911340E+03
   0.261170E-03   0.928959E+03
   0.266446E-03   0.946911E+03
   0.271828E-03   0.965204E+03
   0.277319E-03   0.983844E+03
   0.282922E-03   0.100284E+04
   0.288637E-03   0.102219E+04
   0.294468E-03   0.104190E+04
   0.300417E-03   0.106199E+04
   0.306485E-03   0.108246E+04
   0.312677E-03   0.110331E+04
   0.318993E-03   0.112455E+04
   0.325437E-03   0.114619E+04
   0.332012E-03   0.116824E+04
   0.338719E-03   0.119069E+04
   0.345561E-03   0.121357E+04
   0.352542E-03   0.123688E+04
   0.359664E-03   0.126061E+04
   0.366930E-03   0.128479E+04
   0.374342E-03   0.130942E+04
   0.381904E-03   0.133451E+04
   0.389619E-03   0.136006E+04
   0.397490E-03   0.138608E+04
   0.405520E-03   0.141257E+04
   0.413712E-03   0.143956E+04
   0.422070E-03   0.146704E+04
   0.430596E-03   0.149503E+04
   0.439295E-03   0.152353E+04
   0.448169E-03   0.155255E+04
   0.457222E-03   0.158209E+04
   0.466459E-03   0.161218E+04
   0.475882E-03   0.164281E+04
   0.485496E-03   0.167400E+04
   0.495303E-03   0.170574E+04
   0.505309E-03   0.173807E+04
   0.515517E-03   0.177097E+04
   0.525931E-03   0.180446E+04
   0.536556E-03   0.183856E+04
   0.547395E-03   0.187326E+04
   0.558453E-03   0.190858E+04
   0.569734E-03   0.194453E+04
   0.581244E-03   0.198112E+04
   0.592986E-03   0.201836E+04
   0.604965E-03   0.205626E+04
   0.617186E-03   0.209482E+04
   0.629654E-03   0.213407E+04
   0.642374E-03   0.217400E+04
   0.655350E-03   0.221464E+04
   0.668589E-03   0.225599E+04
   0.682096E-03   0.229805E+04
   0.695875E-03   0.234086E+04
   0.709933E-03   0.238440E+04
   0.724274E-03   0.242871E+04
   0.738906E-03   0.247378E+04
   0.753832E-03   0.251963E+04
   0.769061E-03   0.256628E+04
   0.784597E-03   0.261373E+04
   0.800447E-03   0.266199E+04
   0.816617E-03   0.271109E+04
   0.833114E-03   0.276103E+04
   0.849944E-03   0.281183E+04
   0.867114E-03   0.286350E+04
   0.884631E-03   0.291605E+04
   0.902501E-03   0.296951E+04
   0.920733E-03   0.302387E+04
   0.939333E-03   0.307917E+04
   0.958309E-03   0.313541E+04
   0.977668E-03   0.319260E+04
   0.997418E-03   0.325077E+04
   0.101757E-02   0.330993E+04
   0.103812E-02   0.337010E+04
   0.105910E-02   0.343129E+04
   0.108049E-02   0.349351E+04
   0.110232E-02   0.355679E+04
   0.112459E-02   0.362114E+04
   0.114730E-02   0.368658E+04
   0.117048E-02   0.375313E+04
   0.119413E-02   0.382079E+04
   0.121825E-02   0.388960E+04
   0.124286E-02   0.395956E+04
   0.126797E-02   0.403070E+04
   0.129358E-02   0.410303E+04
   0.131971E-02   0.417657E+04
   0.134637E-02   0.425134E+04
   0.137357E-02   0.432735E+04
   0.140132E-02   0.440462E+04
   0.142963E-02   0.448317E+04
   0.145851E-02   0.456302E+04
   0.148797E-02   0.464417E+04
   0.151803E-02   0.472666E+04
   0.154870E-02   0.481049E+04
   0.157998E-02   0.489568E+04
   0.161190E-02   0.498225E+04
   0.164446E-02   0.507021E+04
   0.167768E-02   0.515957E+04
   0.171158E-02   0.525036E+04
   0.174615E-02   0.534259E+04
   0.178143E-02   0.543627E+04
   0.181741E-02   0.553141E+04
   0.185413E-02   0.562803E+04
   0.189158E-02   0.572614E+04
   0.192980E-02   0.582576E+04
   0.196878E-02   0.592689E+04
   0.200855E-02   0.602956E+04
   0.204913E-02   0.613376E+04
   0.209052E-02   0.623951E+04
   0.213276E-02   0.634682E+04
   0.217584E-02   0.645569E+04
   0.221979E-02   0.656615E+04
   0.226464E-02   0.667820E+04
   0.231039E-02   0.679183E+04
   0.235706E-02   0.690707E+04
   0.240467E-02   0.702391E+04
   0.245325E-02   0.714236E+04
   0.250281E-02   0.726243E+04
   0.255337E-02   0.738411E+04
   0.260495E-02   0.750742E+04
   0.265758E-02   0.763234E+04
   0.271126E-02   0.775889E+04
   0.276603E-02   0.788707E+04
   0.282191E-02   0.801686E+04
   0.287892E-02   0.814827E+04
   0.293708E-02   0.828130E+04
   0.299641E-02   0.841594E+04
   0.305694E-02   0.855218E+04
   0.311870E-02   0.869001E+04
   0.318170E-02   0.882944E+04
   0.324597E-02   0.897044E+04
   0.331155E-02   0.911302E+04
   0.337844E-02   0.925714E+04
   0.344669E-02   0.940281E+04
   0.351632E-02   0.955001E+04
   0.358735E-02   0.969871E+04
   0.365982E-02   0.984890E+04
   0.373376E-02   0.100006E+05
   0.380918E-02   0.101537E+05
   0.388613E-02   0.103082E+05
   0.396464E-02   0.104641E+05
   0.404473E-02   0.106214E+05
   0.412644E-02   0.107800E+05
   0.420980E-02   0.109400E+05
   0.429484E-02   0.111012E+05
   0.438160E-02   0.112636E+05
   0.447012E-02   0.114273E+05
   0.456042E-02   0.115921E+05
   0.465255E-02   0.117580E+05
   0.474653E-02   0.119249E+05
   0.484242E-02   0.120929E+05
   0.494024E-02   0.122619E+05
   0.504004E-02   0.124318E+05
   0.514186E-02   0.126026E+05
   0.524573E-02   0.127741E+05
   0.535170E-02   0.129464E+05
   0.545981E-02   0.131193E+05
   0.557011E-02   0.132929E+05
   0.568263E-02   0.134670E+05
   0.579743E-02   0.136416E+05
   0.591455E-02   0.138166E+05
   0.603403E-02   0.139920E+05
   0.615592E-02   0.141676E+05
   0.628028E-02   0.143433E+05
   0.640715E-02   0.145191E+05
   0.653658E-02   0.146948E+05
   0.666863E-02   0.148704E+05
   0.680335E-02   0.150456E+05
   0.694078E-02   0.152204E+05
   0.708100E-02   0.153948E+05
   0.722404E-02   0.155686E+05
   0.736998E-02   0.157416E+05
   0.751886E-02   0.159138E+05
   0.767075E-02   0.160851E+05
   0.782571E-02   0.162554E+05
   0.798380E-02   0.164244E+05
   0.814509E-02   0.165922E+05
   0.830963E-02   0.167585E+05
   0.847750E-02   0.169232E+05
   0.864875E-02   0.170862E+05
   0.882347E-02   0.172474E+05
   0.900171E-02   0.174064E+05
   0.918356E-02   0.175633E+05
   0.936908E-02   0.177178E+05
   0.955835E-02   0.178697E+05
   0.975144E-02   0.180189E+05
   0.994843E-02   0.181652E+05
   0.101494E-01   0.183085E+05
   0.103544E-01   0.184485E+05
   0.105636E-01   0.185850E+05
   0.107770E-01   0.187179E+05
   0.109947E-01   0.188469E+05
   0.112168E-01   0.189720E+05
   0.114434E-01   0.190928E+05
   0.116746E-01   0.192091E+05
   0.119104E-01   0.193208E+05
   0.121510E-01   0.194277E+05
   0.123965E-01   0.195295E+05
   0.126469E-01   0.196261E+05
   0.129024E-01   0.197171E+05
   0.131631E-01   0.198024E+05
   0.134290E-01   0.198818E+05
   0.137003E-01   0.199550E+05
   0.139770E-01   0.200218E+05
   0.142594E-01   0.200820E+05
   0.145474E-01   0.201354E+05
   0.148413E-01   0.201818E+05
   0.151411E-01   0.202209E+05
   0.154470E-01   0.202525E+05
   0.157590E-01   0.202765E+05
   0.160774E-01   0.202926E+05
   0.164022E-01   0.203006E+05
   0.167335E-01   0.203003E+05
   0.170716E-01   0.202916E+05
   0.174164E-01   0.202742E+05
   0.177683E-01   0.202481E+05
   0.181272E-01   0.202129E+05
   0.184934E-01   0.201687E+05
   0.188670E-01   0.201153E+05
   0.192481E-01   0.200525E+05
   0.196370E-01   0.199803E+05
   0.200337E-01   0.198985E+05
   0.204384E-01   0.198072E+05
   0.208513E-01   0.197063E+05
   0.212725E-01   0.195957E+05
   0.217022E-01   0.194754E+05
   0.221406E-01   0.193456E+05
   0.225879E-01   0.192062E+05
   0.230442E-01   0.190574E+05
   0.235097E-01   0.188992E+05
   0.239847E-01   0.187319E+05
   0.244692E-01   0.185555E+05
   0.249635E-01   0.183703E+05
   0.254678E-01   0.181766E+05
   0.259823E-01   0.179746E+05
   0.265072E-01   0.177647E+05
   0.270426E-01   0.175472E+05
   0.275889E-01   0.173225E+05
   0.281463E-01   0.170910E+05
   0.287149E-01   0.168533E+05
   0.292949E-01   0.166098E+05
   0.298867E-01   0.163609E+05
   0.304905E-01   0.161075E+05
   0.311064E-01   0.158499E+05
   0.317348E-01   0.155890E+05
   0.323759E-01   0.153252E+05
   0.330299E-01   0.150593E+05
   0.336972E-01   0.147919E+05
   0.343779E-01   0.145239E+05
   0.350724E-01   0.142558E+05
   0.357809E-01   0.139884E+05
   0.365038E-01   0.137223E+05
   0.372412E-01   0.134584E+05
   0.379935E-01   0.131976E+05
   0.387610E-01   0.129406E+05
   0.395440E-01   0.126881E+05
   0.403429E-01   0.124405E+05
   0.411579E-01   0.121984E+05
   0.419893E-01   0.119619E+05
   0.428375E-01   0.117316E+05
   0.437029E-01   0.115075E+05
   0.445858E-01   0.112904E+05
   0.454865E-01   0.110809E+05
   0.464053E-01   0.108798E+05
   0.473428E-01   0.106877E+05
   0.482992E-01   0.105053E+05
   0.492749E-01   0.103321E+05
   0.502703E-01   0.101674E+05
   0.512858E-01   0.100104E+05
   0.523219E-01   0.986030E+04
   0.533789E-01   0.971643E+04
   0.544572E-01   0.957810E+04
   0.555573E-01   0.944468E+04
   0.566796E-01   0.931553E+04
   0.578246E-01   0.918995E+04
   0.589927E-01   0.906705E+04
   0.601845E-01   0.894600E+04
   0.614003E-01   0.882596E+04
   0.626407E-01   0.870587E+04
   0.639061E-01   0.858452E+04
   0.651971E-01   0.846076E+04
   0.665142E-01   0.833338E+04
   0.678578E-01   0.820085E+04
   0.692287E-01   0.806173E+04
   0.706272E-01   0.791473E+04
   0.720539E-01   0.775894E+04
   0.735095E-01   0.759364E+04
   0.749945E-01   0.741843E+04
   0.765095E-01   0.723379E+04
   0.780551E-01   0.704055E+04
   0.796319E-01   0.683968E+04
   0.812406E-01   0.663263E+04
   0.828817E-01   0.642088E+04
   0.845561E-01   0.620619E+04
   0.862642E-01   0.599063E+04
   0.880068E-01   0.577616E+04
   0.897847E-01   0.556474E+04
   0.915985E-01   0.535817E+04
   0.934489E-01   0.515830E+04
   0.953367E-01   0.496703E+04
   0.972626E-01   0.478602E+04
   0.992274E-01   0.461675E+04
   0.101232E+00   0.446057E+04
   0.103277E+00   0.431853E+04
   0.105363E+00   0.419088E+04
   0.107492E+00   0.407752E+04
   0.109663E+00   0.397785E+04
   0.111879E+00   0.389017E+04
   0.114139E+00   0.381271E+04
   0.116445E+00   0.374298E+04
   0.118797E+00   0.367820E+04
   0.121197E+00   0.361557E+04
   0.123645E+00   0.355219E+04
   0.126143E+00   0.348544E+04
   0.128691E+00   0.341306E+04
   0.131291E+00   0.333324E+04
   0.133943E+00   0.324506E+04
   0.136649E+00   0.314813E+04
   0.139409E+00   0.304309E+04
   0.142226E+00   0.293109E+04
   0.145099E+00   0.281405E+04
   0.148030E+00   0.269426E+04
   0.151020E+00   0.257452E+04
   0.154071E+00   0.245784E+04
   0.157184E+00   0.234739E+04
   0.160359E+00   0.224594E+04
   0.163598E+00   0.215564E+04
   0.166903E+00   0.207730E+04
   0.170275E+00   0.201068E+04
   0.173715E+00   0.195424E+04
   0.177224E+00   0.190581E+04
   0.180804E+00   0.186287E+04
   0.184457E+00   0.182269E+04
   0.188183E+00   0.178246E+04
   0.191985E+00   0.173940E+04
   0.195863E+00   0.169117E+04
   0.199820E+00   0.163659E+04
   0.203856E+00   0.157590E+04
   0.207974E+00   0.151069E+04
   0.212176E+00   0.144338E+04
   0.216462E+00   0.137668E+04
   0.220835E+00   0.131320E+04
   0.225296E+00   0.125516E+04
   0.229847E+00   0.120404E+04
   0.234490E+00   0.116021E+04
   0.239227E+00   0.112293E+04
   0.244060E+00   0.109056E+04
   0.248990E+00   0.106088E+04
   0.254020E+00   0.103144E+04
   0.259152E+00   0.100003E+04
   0.264387E+00   0.965453E+03
   0.269728E+00   0.927851E+03
   0.275177E+00   0.888422E+03
   0.280736E+00   0.848805E+03
   0.286407E+00   0.810729E+03
   0.292193E+00   0.775779E+03
   0.298096E+00   0.744919E+03
   0.304118E+00   0.718019E+03
   0.310261E+00   0.693967E+03
   0.316529E+00   0.671276E+03
   0.322923E+00   0.648591E+03
   0.329447E+00   0.624961E+03
   0.336102E+00   0.600114E+03
   0.342892E+00   0.574634E+03
   0.349819E+00   0.549657E+03
   0.356885E+00   0.526213E+03
   0.364095E+00   0.504807E+03
   0.371450E+00   0.485413E+03
   0.378954E+00   0.467531E+03
   0.386609E+00   0.450329E+03
   0.394419E+00   0.433084E+03
   0.402387E+00   0.415590E+03
   0.410516E+00   0.398136E+03
   0.418809E+00   0.381208E+03
   0.427269E+00   0.365253E+03
   0.435901E+00   0.350473E+03
   0.444706E+00   0.336645E+03
   0.453690E+00   0.323373E+03
   0.462855E+00   0.310375E+03
   0.472206E+00   0.297510E+03
   0.481745E+00   0.284945E+03
   0.491477E+00   0.272939E+03
   0.501405E+00   0.261583E+03
   0.511534E+00   0.250848E+03
   0.521868E+00   0.240562E+03
   0.532411E+00   0.230563E+03
   0.543166E+00   0.220845E+03
   0.554139E+00   0.211465E+03
   0.565333E+00   0.202515E+03
   0.576753E+00   0.193994E+03
   0.588404E+00   0.185831E+03
   0.600291E+00   0.177968E+03
   0.612418E+00   0.170374E+03
   0.624789E+00   0.163076E+03
   0.637411E+00   0.156092E+03
   0.650288E+00   0.149409E+03
   0.663424E+00   0.143003E+03
   0.676826E+00   0.136855E+03
   0.690499E+00   0.130956E+03
   0.704448E+00   0.125294E+03
   0.718679E+00   0.119863E+03
   0.733197E+00   0.114654E+03
   0.748009E+00   0.109659E+03
   0.763119E+00   0.104869E+03
   0.778536E+00   0.100278E+03
   0.794263E+00   0.958773E+02
   0.810308E+00   0.916604E+02
   0.826677E+00   0.876203E+02
   0.843378E+00   0.837502E+02
   0.860415E+00   0.800435E+02
   0.877797E+00   0.764940E+02
   0.895529E+00   0.730954E+02
   0.913620E+00   0.698419E+02
   0.932076E+00   0.667276E+02
   0.950906E+00   0.637467E+02
   0.970115E+00   0.608939E+02
   0.989713E+00   0.581639E+02
   0.100971E+01   0.555518E+02
   0.103010E+01   0.530525E+02
   0.105091E+01   0.506616E+02
   0.107214E+01   0.483746E+02
   0.109380E+01   0.461870E+02
   0.111590E+01   0.440949E+02
   0.113844E+01   0.420942E+02
   0.116144E+01   0.401811E+02
   0.118490E+01   0.383520E+02
   0.120884E+01   0.366033E+02
   0.123326E+01   0.349315E+02
   0.125817E+01   0.333335E+02
   0.128359E+01   0.318061E+02
   0.130952E+01   0.303463E+02
   0.133597E+01   0.289511E+02
   0.136296E+01   0.276177E+02
   0.139049E+01   0.263437E+02
   0.141858E+01   0.251263E+02
   0.144724E+01   0.239632E+02
   0.147648E+01   0.228520E+02
   0.150630E+01   0.217905E+02
   0.153673E+01   0.207765E+02
   0.156778E+01   0.198080E+02
   0.159945E+01   0.188831E+02
   0.163176E+01   0.179998E+02
   0.166472E+01   0.171566E+02
   0.169835E+01   0.163517E+02
   0.173266E+01   0.155836E+02
   0.176766E+01   0.148507E+02
   0.180337E+01   0.141515E+02
   0.183980E+01   0.134846E+02
   0.187697E+01   0.128487E+02
   0.191489E+01   0.122423E+02
   0.195357E+01   0.116642E+02
   0.199304E+01   0.111132E+02
   0.203330E+01   0.105880E+02
   0.207437E+01   0.100876E+02
