2.058823368565473183e-02
1.986992651971769205e-02
1.934794444548567846e-02
1.919632762000136189e-02
1.887469795246941862e-02
1.832183548487107197e-02
1.733676927315576377e-02
1.659891777165821772e-02
1.662815269153609249e-02
1.685048565465630671e-02
1.752692821652434771e-02
1.616961344386419128e-02
1.715350943545706705e-02
2.075461761999784771e-02
2.149578835276722000e-02
2.517974187719865600e-02
2.880418997224371697e-02
2.562265901512791530e-02
2.511248560076441080e-02
2.811430015809119817e-02
3.080272479718212941e-02
3.403612692783743870e-02
4.016535080437341754e-02
4.621261512371164365e-02
4.183411708564881148e-02
4.685996557048160982e-02
5.506426941896044869e-02
5.598997415918804954e-02
6.462348766102415931e-02
6.599520503444469832e-02
6.964094354005294363e-02
7.134966517168404854e-02
7.671479174528152145e-02
7.781773784499765312e-02
8.750995720288808066e-02
9.319513459466710614e-02
9.891189478819714664e-02
1.058930672781959736e-01
1.093989025281320859e-01
1.114191961119971042e-01
1.188412809680852028e-01
1.230204544541039918e-01
1.271007809954182444e-01
1.311984559685730189e-01
1.347717080176557558e-01
1.409974800836885644e-01
1.458421893361923072e-01
1.516362088273278397e-01
1.571348404779587815e-01
1.651844546578953299e-01
1.688405376705389982e-01
1.728924798899894588e-01
1.799576394233149412e-01
1.809390681021123826e-01
1.863213599713991475e-01
1.957160616910697537e-01
2.026796579783333441e-01
2.086277797646719501e-01
2.133914159314244108e-01
2.157165122138424984e-01
2.217400764011910885e-01
2.257463482985360426e-01
2.348561193070353437e-01
2.365066209971390387e-01
2.435771440881270011e-01
2.506738402778104780e-01
2.526424651907506758e-01
2.576036737503500373e-01
2.634299410759512461e-01
2.674819356754362110e-01
2.712421545748352480e-01
2.802241203149443138e-01
2.850441820787164016e-01
2.866593429942782545e-01
2.960343913771559810e-01
3.000047338858422008e-01
3.056735294309352313e-01
3.088128435359130397e-01
3.132917954687834960e-01
3.180374948911526278e-01
3.243498765107882265e-01
3.291899754899763053e-01
3.347212436058157325e-01
3.410341906397229006e-01
3.459762068061760787e-01
3.518632929008912447e-01
3.565243777955455218e-01
3.608538635428166774e-01
3.656150752262400383e-01
3.701960784463307896e-01
3.755828074555884188e-01
3.818216334651995947e-01
3.871593816740848681e-01
3.905510909524256835e-01
3.950724862331391751e-01
3.994288128093139711e-01
4.029409081225168721e-01
4.088098056165273553e-01
4.132785306791780244e-01
4.196890227879570556e-01
4.267036181443759624e-01
4.291204891034549052e-01
4.336668302350512594e-01
4.392521021285953897e-01
4.439642888491615036e-01
4.456354215647258532e-01
4.508289765131452409e-01
4.570566699534171495e-01
4.620893559972048537e-01
4.664989876822916437e-01
4.689819230121742288e-01
4.732577502332844799e-01
4.778310697179016797e-01
4.829768908149396633e-01
4.877752233224116329e-01
4.917728416670741343e-01
4.976155324933020374e-01
5.018997726933528414e-01
5.055365998394075744e-01
5.095096595490881120e-01
5.132773018697324163e-01
5.175424591986516054e-01
5.235343897719386685e-01
5.264301860374966946e-01
5.304975545984003116e-01
5.353209852252764911e-01
5.390459662775611838e-01
5.428015626594989707e-01
5.478777830233632073e-01
5.517413227586799307e-01
5.564847240708570286e-01
5.602393784635772978e-01
5.630897660625355794e-01
5.677802933678726127e-01
5.714285358622648303e-01
5.756804825880366128e-01
5.792467510412719900e-01
5.835523286793438125e-01
5.869916407256724478e-01
5.913943627726776509e-01
5.952271707230464282e-01
5.988909911737666514e-01
6.032206934897210715e-01
6.076139056280348560e-01
6.107257121017635182e-01
6.153598942125314553e-01
6.183824677097929934e-01
6.210641828051497448e-01
6.254534891387065754e-01
6.289238364884716104e-01
6.317651694431041243e-01
6.356244615108722629e-01
6.400304590268822702e-01
6.441919956003858694e-01
6.468256936762979414e-01
6.500655466048622655e-01
6.532734658281260653e-01
6.571778039981741593e-01
6.625533124896823001e-01
6.652666200469106172e-01
6.688840669254052518e-01
6.722181515674903185e-01
6.745974376710737186e-01
6.774585224542890582e-01
6.804735994081254624e-01
6.843056804116172120e-01
6.889070309258958913e-01
6.926727898660740568e-01
6.964148140848943624e-01
6.991743673758721300e-01
7.021819374075648490e-01
7.044885784095807901e-01
7.088060183294494498e-01
7.119341143153296025e-01
7.152594387652223551e-01
7.186968156358137794e-01
7.213931355221090413e-01
7.249993832742337441e-01
7.284392096399688876e-01
7.320093928762808622e-01
7.349945264957444824e-01
7.371298913667765351e-01
7.404408811444771477e-01
7.437503427548896040e-01
7.470119502519984023e-01
7.499241172505136666e-01
7.526979758260751163e-01
7.553753983209801071e-01
7.589172898676177503e-01
7.609063602871958265e-01
7.649484220067833684e-01
7.680858602664082380e-01
7.699446559866470752e-01
7.738022076400923321e-01
7.767207425502483664e-01
7.787132537521748166e-01
7.827257325430850843e-01
7.843280303897788297e-01
7.881787795175974054e-01
7.898053977567710549e-01
7.933724956923100535e-01
7.962654043398655901e-01
7.983467825180390331e-01
8.018729215537334643e-01
8.045661798305455692e-01
8.072677726558689093e-01
8.113976121626709226e-01
8.143716247795457219e-01
8.158497065795531356e-01
8.185086205247222857e-01
8.213997136579017644e-01
8.235532449647966491e-01
8.265284848890813718e-01
8.282934957555321276e-01
8.315041961269611370e-01
8.347872971378645923e-01
8.372027672855355540e-01
8.394077435392715003e-01
8.422761996428309583e-01
8.439536989418351398e-01
8.459719429111666189e-01
8.494262874651649087e-01
8.519741591204607056e-01
8.539961886258086166e-01
8.559019033545877120e-01
8.582883994464006738e-01
8.599890237661722558e-01
8.630908093963438610e-01
8.664988456719645571e-01
8.692948717599245922e-01
8.719784479957399803e-01
8.738751698970790294e-01
8.761719408365935546e-01
8.782931430927498617e-01
8.806055934145108344e-01
8.831402237278100920e-01
8.849250992232648994e-01
8.878202980264129351e-01
8.905689895157525848e-01
8.927470314073380209e-01
8.939953778160414366e-01
8.974856283899397269e-01
8.998777311628144426e-01
9.014095606922413184e-01
9.033009934177740341e-01
9.053146708408461585e-01
9.080702177537837150e-01
9.099801607112635304e-01
9.121506700210452179e-01
9.145630469247908456e-01
9.167399505796944847e-01
