1.830866728104525373e-02
1.766763545594866175e-02
1.720175090762257955e-02
1.719753945260664094e-02
1.707766322906080492e-02
1.664865584719436853e-02
1.581337010669360207e-02
1.517090379356982911e-02
1.515185591401764509e-02
1.532956275206818347e-02
1.591007031612773695e-02
1.470270659875763143e-02
1.561829594046088530e-02
1.891828150340477827e-02
1.964060134955099290e-02
2.305124055134620542e-02
2.639545259506331093e-02
2.336785103833411217e-02
2.288416728858340410e-02
2.566001360835455658e-02
2.805462041927110975e-02
3.116411814037578845e-02
3.674500805554565402e-02
4.263681193658632601e-02
3.834237442989155142e-02
4.304169752102662144e-02
5.089264859584705092e-02
5.143143842221342688e-02
5.964555482640575279e-02
6.107653247348548975e-02
6.434541409637672960e-02
6.545549820337419333e-02
7.056655058928676394e-02
7.180990146119492490e-02
8.151012180603048329e-02
8.669388738709338238e-02
9.176569618169201636e-02
9.863909452001497213e-02
1.020514719061739461e-01
1.037062877575304354e-01
1.109607944355727599e-01
1.148280094518399769e-01
1.185408552305677737e-01
1.223739599350140150e-01
1.255343444033272804e-01
1.311542687348081770e-01
1.355256825504154161e-01
1.414342077809166431e-01
1.471427420752489390e-01
1.546483595715619219e-01
1.579287443171884242e-01
1.621660857927452737e-01
1.690291901209962644e-01
1.698762809544360763e-01
1.746241603656167873e-01
1.841331536547693715e-01
1.908987760885820506e-01
1.968328281856587259e-01
2.012236310709976661e-01
2.029242794492332469e-01
2.087503162578806526e-01
2.125991721080380259e-01
2.214014532421417492e-01
2.231101214348308048e-01
2.296776991574545623e-01
2.374325093855102209e-01
2.389289559913575778e-01
2.428222553755843283e-01
2.487501931113607623e-01
2.529302995310200308e-01
2.566649933381472404e-01
2.655518586233703848e-01
2.700316852856543548e-01
2.718148330035924931e-01
2.809129280284387575e-01
2.848760591347930804e-01
2.904971156066823434e-01
2.934665073428845972e-01
2.971025065252964614e-01
3.025007472093673155e-01
3.087726609507471243e-01
3.137925118957661796e-01
3.195228537540226732e-01
3.259037510826774398e-01
3.300122345526435019e-01
3.354736103314122087e-01
3.403870858237452723e-01
3.447149734032109447e-01
3.497271614999061806e-01
3.540692929412739276e-01
3.590568865579569224e-01
3.654287297518415412e-01
3.711004094552836641e-01
3.738471162400130998e-01
3.784049817011215788e-01
3.834855983886165109e-01
3.864341064024229278e-01
3.927043546371760119e-01
3.971396126191955589e-01
4.032621212356545248e-01
4.092528286430515139e-01
4.124995075156197566e-01
4.163306817028957774e-01
4.228639684053267511e-01
4.273315193324328520e-01
4.288599611948597512e-01
4.341543707912983718e-01
4.398787721663925954e-01
4.447476359279416980e-01
4.491564589331984991e-01
4.522193992730512146e-01
4.563406850433473494e-01
4.608327985532242321e-01
4.659732933695724388e-01
4.717393708238101779e-01
4.749974278303190078e-01
4.802265193183671288e-01
4.852744983872793183e-01
4.892286129830686336e-01
4.930860919012540200e-01
4.969139387173849842e-01
5.007339301041010549e-01
5.059424185811133290e-01
5.091332763928672067e-01
5.138736991421040123e-01
5.187401114497304233e-01
5.227157516763409895e-01
5.260900286942481463e-01
5.311685488115972520e-01
5.357880447324030460e-01
5.397946559352303497e-01
5.437094253220706719e-01
5.473009372099050251e-01
5.515600981429927829e-01
5.551013067085986963e-01
5.588962890773124803e-01
5.635964297031887948e-01
5.678084973419372794e-01
5.709581832560125525e-01
5.754253792523253974e-01
5.795060533447613516e-01
5.830848466399224383e-01
5.873717151766510991e-01
5.919569029229598822e-01
5.952277845405768986e-01
6.003078790208565829e-01
6.030178923666148494e-01
6.058208245642849876e-01
6.102788750483240099e-01
6.141774235621864086e-01
6.164395574001148015e-01
6.207639613294848591e-01
6.250570546794392834e-01
6.296507918704592477e-01
6.322586484304349996e-01
6.358886207092026011e-01
6.386963517099367715e-01
6.426789965706535268e-01
6.485067931971942867e-01
6.512750573240987384e-01
6.551638695625077169e-01
6.582190801251526224e-01
6.607967204256097737e-01
6.639162016278244982e-01
6.667741134867671837e-01
6.713950223479304702e-01
6.762861523853882506e-01
6.796123239513479630e-01
6.826873864927810454e-01
6.862543697783736185e-01
6.899641259527286019e-01
6.930247705124031876e-01
6.970124156219074107e-01
6.999879458744148186e-01
7.037289300198926734e-01
7.070860417102607931e-01
7.104349406212437934e-01
7.139084660659442694e-01
7.170601085941415986e-01
7.207007643707779021e-01
7.230870596298715203e-01
7.257514226845682703e-01
7.297562479166441740e-01
7.326296873888421546e-01
7.358666836868573702e-01
7.389536604110275020e-01
7.423749712891404284e-01
7.451627675667069628e-01
7.488403872232174407e-01
7.508830739294950485e-01
7.551256462954013537e-01
7.584410503878522558e-01
7.602532125220271553e-01
7.640376391407732726e-01
7.672102238949078945e-01
7.695978723802312516e-01
7.735407059161666377e-01
7.754738830057368304e-01
7.797013292464890499e-01
7.815523371252869334e-01
7.854709429905306628e-01
7.881900473460276002e-01
7.903421008041574547e-01
7.939261558298081889e-01
7.966706602799484838e-01
7.996160714156697047e-01
8.036605373939837982e-01
8.070127642811860680e-01
8.084314700186542302e-01
8.104112726874765915e-01
8.143425618961973589e-01
8.163633410226579512e-01
8.195680084589328507e-01
8.216174063689610785e-01
8.254056247905665611e-01
8.285280425705646712e-01
8.309583552488284397e-01
8.335595579332042426e-01
8.365203512964921595e-01
8.381690976205703469e-01
8.412488120200372066e-01
8.443860992264774490e-01
8.462050818518892514e-01
8.489384362752400159e-01
8.512525653810389947e-01
8.538519071071490885e-01
8.562452416964227986e-01
8.597416675513862572e-01
8.628031226040903112e-01
8.656961826941068638e-01
8.678550765812618195e-01
8.698709739539451924e-01
8.727299967099572120e-01
8.748941696360377218e-01
8.775818338868309754e-01
8.803131341719158121e-01
8.824999760392343573e-01
8.847764585127170234e-01
8.878600332879814649e-01
8.905212936780025901e-01
8.911661905530992023e-01
8.955226451793153464e-01
8.976828371015215247e-01
8.988001598857628949e-01
9.014504007263356433e-01
9.038730751383563522e-01
9.066626160837613080e-01
9.090539706904956496e-01
9.109855731331079065e-01
9.138656956333999215e-01
9.159622387180951231e-01
