2.171811152442283677e-02
2.096501133897640812e-02
2.041120498505279504e-02
2.019065037487343187e-02
1.978372695473858134e-02
1.918028307466792745e-02
1.812933873857991776e-02
1.735458894928568890e-02
1.740725263514055626e-02
1.764301408844640845e-02
1.834424456262257266e-02
1.689199274646435364e-02
1.789271597017087073e-02
2.163671300996593272e-02
2.241284484456577270e-02
2.626447102705564349e-02
3.006280741101525697e-02
2.683918071329599933e-02
2.630608748126968266e-02
2.936843198466095733e-02
3.214684854962030630e-02
3.539644934651793584e-02
4.176467653700031285e-02
4.788990313406790711e-02
4.353214904373796379e-02
4.875361260861617307e-02
5.713043668001320519e-02
5.825277435127344805e-02
6.704331073572569744e-02
6.836981451823059830e-02
7.214417938694106525e-02
7.414122531856992548e-02
7.963002430164839440e-02
8.069010484050992416e-02
9.035419494913243810e-02
9.628740516877472289e-02
1.022952446081570876e-01
1.092959913708417136e-01
1.128292955260013913e-01
1.150204663329030402e-01
1.225059414187561618e-01
1.268397111756715823e-01
1.311284274672653849e-01
1.353278396684406415e-01
1.390765656577674925e-01
1.455817240832780468e-01
1.506637923559057402e-01
1.563515713707167853e-01
1.617574011013759583e-01
1.700417466902264252e-01
1.738782328841532165e-01
1.778844122208689538e-01
1.850508491067488492e-01
1.861003023972782056e-01
1.917560447977653959e-01
2.009971883627126588e-01
2.080301634248047926e-01
2.140244479099124297e-01
2.189636220581886727e-01
2.216330209934318785e-01
2.276794771568512177e-01
2.318047827504320924e-01
2.408842599637225912e-01
2.427046892378602883e-01
2.498360492527834653e-01
2.565877365175125990e-01
2.589384897176457700e-01
2.643369479357913776e-01
2.700364830621242995e-01
2.741156580665322640e-01
2.778923731497503491e-01
2.869448465195195141e-01
2.918990126081190128e-01
2.933900829757807860e-01
3.029602320525417447e-01
3.068726635698888483e-01
3.125091925472467946e-01
3.158454146525435657e-01
3.206660351688369603e-01
3.251165082862837452e-01
3.314131318146194549e-01
3.361928198434681048e-01
3.416013337712117681e-01
3.479320083848346234e-01
3.532215333771487331e-01
3.592276895732279263e-01
3.638499740030541330e-01
3.681834352860524073e-01
3.728956710430504917e-01
3.774689469382401796e-01
3.829948005249470544e-01
3.891373542661089591e-01
3.942216846934706309e-01
3.980234521763429956e-01
4.025073110135647392e-01
4.065612215721204348e-01
4.103511000866283953e-01
4.160912267719033553e-01
4.204433144017894475e-01
4.269140033497355602e-01
4.342955804834370270e-01
4.365792940657768906e-01
4.414495661285184891e-01
4.464677258282185313e-01
4.513114381919290929e-01
4.530214952758411240e-01
4.582885812289475003e-01
4.645230170786687762e-01
4.697486785234516460e-01
4.740621936076844789e-01
4.764552827262908408e-01
4.807946486878617587e-01
4.853274157164274016e-01
4.904528456468117970e-01
4.947260819739783821e-01
4.990210783162525865e-01
5.051033313463768604e-01
5.090471302132024700e-01
5.127118799301011443e-01
5.166932360553115888e-01
5.203865730641588083e-01
5.249124021186175604e-01
5.311994811082878520e-01
5.339853945410332203e-01
5.376982262336417184e-01
5.424793994450837209e-01
5.461592454150917542e-01
5.500270847021538900e-01
5.551341187264448029e-01
5.586840983831826701e-01
5.636664808584249675e-01
5.672663908930762888e-01
5.699044095769100204e-01
5.747661436578178629e-01
5.783703905887320751e-01
5.829644593636438277e-01
5.861555726025113877e-01
5.903106499306451926e-01
5.939716793835978503e-01
5.983004052901926828e-01
6.019653438643054466e-01
6.057041278346518842e-01
6.098731764470042283e-01
6.143073848191312747e-01
6.173270145555871391e-01
6.216771066957009761e-01
6.249289589174632509e-01
6.276743305987885213e-01
6.317884117824786872e-01
6.353505516761721594e-01
6.384804355252424735e-01
6.420224426479491653e-01
6.465937015654410480e-01
6.503056725323321796e-01
6.530975536983010254e-01
6.562512476551666252e-01
6.596395406074553325e-01
6.634166598364754641e-01
6.683650843655699614e-01
6.713352190802617248e-01
6.747302022637754471e-01
6.783202139581409051e-01
6.806780759736663633e-01
6.833720489047765412e-01
6.864405320646282949e-01
6.898320472632218925e-01
6.945584151243033855e-01
6.982263599548388378e-01
7.020026037260036489e-01
7.047668056515695723e-01
7.074345747260474271e-01
7.095807610669931931e-01
7.141885406068927411e-01
7.172545277039784617e-01
7.203085282847063731e-01
7.237156600127261363e-01
7.262163937730163887e-01
7.298191229422391624e-01
7.333354912714679097e-01
7.367796986091710298e-01
7.396976058516903096e-01
7.418953781591310914e-01
7.451503417345963776e-01
7.485189325854224585e-01
7.515587834760449892e-01
7.544657162902628222e-01
7.569049559766292123e-01
7.598430007913294926e-01
7.633871223306648579e-01
7.652843211933142431e-01
7.689499408389582902e-01
7.723020337715182926e-01
7.742605978925251042e-01
7.781307137741494406e-01
7.807506756229087852e-01
7.825946570502321231e-01
7.865328754517888488e-01
7.882377342028396017e-01
7.917249148200766751e-01
7.933870999480718833e-01
7.967725254350058739e-01
7.999098555773518360e-01
8.017752959552839620e-01
8.050816053089431268e-01
8.077038355112096113e-01
8.105173233178396552e-01
8.144136336078869887e-01
8.173259117518618666e-01
8.188239331099628204e-01
8.219326665693639233e-01
8.241495809901785430e-01
8.264695041990998137e-01
8.294114440399806831e-01
8.313486325103256469e-01
8.340912354472345136e-01
8.372383437083357194e-01
8.397572292219004364e-01
8.420829811005322574e-01
8.446569700901452871e-01
8.464994403671495249e-01
8.479315497613667540e-01
8.515193806016579936e-01
8.544265398064134764e-01
8.560291165731723773e-01
8.582695413570715637e-01
8.603603333944594977e-01
8.621876129164107727e-01
8.647706183014206571e-01
8.684258527051650356e-01
8.708585553245964395e-01
8.735647570344126089e-01
8.753943794730852934e-01
8.776899027354435612e-01
8.795095347940189434e-01
8.822773634507734553e-01
8.842848215694324443e-01
8.858783851944133092e-01
8.891714426261395632e-01
8.916583307970669114e-01
8.938809755732812778e-01
8.952269309693728916e-01
8.982886093077627754e-01
9.006022135651448046e-01
9.023871646115851908e-01
9.040941144676781782e-01
9.060934514500027515e-01
9.087044685441841851e-01
9.106089260795919849e-01
9.130962594984023406e-01
9.150805992284761770e-01
9.170728760356710030e-01
