8.222144721220372293e-03
7.945616605098104399e-03
7.738220564438925801e-03
8.688479698586831432e-03
9.814423155604639487e-03
1.005861113797146787e-02
9.963718360385899822e-03
9.723212044352756017e-03
9.330878646182023603e-03
9.229974061527765686e-03
9.222247701316521606e-03
8.575830665913681400e-03
9.230609496276775613e-03
1.123564810305792937e-02
1.192034027945684457e-02
1.399441653168213839e-02
1.595496944612987897e-02
1.396966664275825845e-02
1.348650987321617194e-02
1.493079877525157334e-02
1.597218850495244966e-02
1.801647908805054099e-02
2.106406842680481548e-02
2.530648757268750063e-02
2.234164093206607998e-02
2.529345153051476905e-02
3.055271753310104255e-02
2.984006888081665310e-02
3.509967405688813047e-02
3.644034364440534163e-02
3.788715232110779346e-02
3.713429629011981425e-02
4.045720825269620569e-02
4.235019136092496583e-02
4.974967479655994368e-02
5.249391236180730308e-02
5.477529369705509688e-02
5.993461835841815827e-02
6.268905449413644804e-02
6.262177805630407545e-02
6.788522614711872682e-02
7.009264833920023086e-02
7.197352258273698178e-02
7.379066687400297198e-02
7.507436220076070532e-02
7.917616148570175150e-02
8.207611015884985761e-02
8.631629865155047987e-02
9.150239773559572243e-02
9.557174727229524047e-02
9.710298183128228400e-02
1.017869198898576494e-01
1.071865720735749039e-01
1.075541851085101697e-01
1.090083671894609557e-01
1.146228471370803331e-01
1.202606261690482709e-01
1.269659330169727873e-01
1.288469080893117624e-01
1.272719434594457577e-01
1.323967900986230961e-01
1.344343856549261029e-01
1.392414024269163775e-01
1.441929096769988816e-01
1.454094431426986023e-01
1.500945348334838392e-01
1.567441880199789139e-01
1.557455646100771585e-01
1.609455998830604528e-01
1.635534916623542778e-01
1.684328587252676424e-01
1.756939456676151756e-01
1.766370270433303691e-01
1.785217150125072705e-01
1.855651043568923020e-01
1.873699662056114990e-01
1.927067124913310892e-01
1.953976370802153195e-01
1.970794312941565318e-01
2.043845518347782719e-01
2.098892832824023891e-01
2.117591326711652511e-01
2.176680580394566300e-01
2.240863165875408292e-01
2.231344631943538992e-01
2.233429402364112415e-01
2.281073068965617512e-01
2.331449758856488641e-01
2.386751493966373927e-01
2.395375106795428199e-01
2.420327761175690151e-01
2.491931774135557331e-01
2.532822028038500539e-01
2.566618298056367320e-01
2.604364358924791678e-01
2.666171197413947924e-01
2.685366843882738275e-01
2.741521778072375515e-01
2.743356533027543898e-01
2.790457580653263880e-01
2.826444679231669421e-01
2.894446129809200019e-01
2.907460441242771254e-01
2.951203748607632571e-01
2.968668126371392102e-01
3.006624523832367446e-01
3.067371847638699633e-01
3.076829900635480453e-01
3.140259831774456778e-01
3.150147752228864007e-01
3.186717289935649955e-01
3.216097739809798406e-01
3.247900921475176950e-01
3.321296745306661080e-01
3.358313924244775706e-01
3.355284312827192528e-01
3.419927452991460837e-01
3.468286764186840343e-01
3.494999395050421565e-01
3.524036139854734295e-01
3.569999083590699729e-01
3.593461694429649356e-01
3.634046109828677484e-01
3.678068332429769161e-01
3.730087567952630190e-01
3.767508022576179783e-01
3.805776546321797404e-01
3.829963039908178546e-01
3.866558678681611405e-01
3.908783169521738987e-01
3.935362120105282968e-01
3.977475331757103771e-01
4.011923695436461768e-01
4.032562457710009429e-01
4.058931718968087909e-01
4.127577726501045485e-01
4.153785411741717781e-01
4.189676900539132109e-01
4.254832248534133887e-01
4.264240658339513157e-01
4.297210669048902587e-01
4.347218912888298759e-01
4.382633857524710908e-01
4.427683055436256176e-01
4.443344517650226755e-01
4.468376864511857671e-01
4.517648018031903412e-01
4.570505981706415310e-01
4.623625901019754458e-01
4.630158694336666270e-01
4.653650921369953397e-01
4.687446482173816542e-01
4.720348394046020024e-01
4.752042486143681077e-01
4.782132949307793535e-01
4.830659832216065985e-01
4.853842961705548409e-01
4.888574763139702517e-01
4.933067120269962191e-01
4.973298627601887567e-01
4.995114253715782215e-01
5.032037818870620516e-01
5.061266996208049207e-01
5.110498504156351096e-01
5.154117126702257856e-01
5.180339337943422606e-01
5.205667206339389397e-01
5.236596954076526700e-01
5.267791895441560346e-01
5.294345531347216527e-01
5.345668347181355973e-01
5.392147524512125312e-01
5.403120549913158488e-01
5.431609181039065426e-01
5.474926477025046090e-01
5.499340760314479493e-01
5.541142810286192599e-01
5.581444464706354358e-01
5.607513294192462139e-01
5.631480005046228809e-01
5.671137702285717896e-01
5.696821342051269221e-01
5.733640317642469952e-01
5.771421682674255926e-01
5.790016246014729751e-01
5.825617887136385065e-01
5.859384173405172147e-01
5.889191290504603993e-01
5.924626045624971082e-01
5.965240269420984953e-01
6.003606792585198804e-01
6.001166797639143624e-01
6.053923262995184462e-01
6.097080295357043545e-01
6.107661285518418692e-01
6.143967217220737131e-01
6.192132389285582850e-01
6.222545969999386806e-01
6.241365920025476743e-01
6.273899886693355965e-01
6.313010118649349245e-01
6.333769966316589173e-01
6.364539144491275779e-01
6.397514374316214392e-01
6.426537550081831141e-01
6.450307044542481494e-01
6.485754785127459954e-01
6.513902272786940006e-01
6.554630651558182031e-01
6.578042719182208842e-01
6.609035278407457970e-01
6.652442018425804848e-01
6.677612598831530466e-01
6.696251768953240813e-01
6.739301298690973940e-01
6.774510496851614549e-01
6.803911859185077793e-01
6.825051065993942290e-01
6.855708344289294098e-01
6.889958674218022994e-01
6.912089617037557865e-01
6.944393782034051776e-01
6.982940097170313720e-01
7.000341801896000637e-01
7.022978057207005520e-01
7.065666068240110675e-01
7.092716120681923364e-01
7.119166180963061308e-01
7.151066977157652937e-01
7.183663804856782464e-01
7.213292239041807496e-01
7.227050337603333485e-01
7.262978086204653350e-01
7.302535103090083135e-01
7.330326277785718103e-01
7.362301930430027452e-01
7.379633140018048154e-01
7.403821287194908285e-01
7.437709875071919496e-01
7.475759966315480565e-01
7.504789093846447878e-01
7.512354693773880543e-01
7.548039533586102801e-01
7.585950680445324723e-01
7.611923550282692075e-01
7.638873045034365594e-01
7.674054988300151869e-01
7.685204797704174862e-01
7.708791966430758036e-01
7.737213856226858866e-01
7.760708210290735432e-01
