2.730496738765958442e-01
2.737011384988979890e-01
2.740850285025487332e-01
2.742097426888371881e-01
2.738956263872361907e-01
2.737705446527350372e-01
2.740926718774669424e-01
2.743535402763139786e-01
2.742623675944482198e-01
2.741478287021928972e-01
2.742505778411655770e-01
2.746179056064625423e-01
2.747178582567075256e-01
2.748365552414058777e-01
2.750490285534458734e-01
2.750450320769652346e-01
2.753165123779283685e-01
2.757906357364499628e-01
2.760700734242763077e-01
2.760978857071016423e-01
2.764779409244415009e-01
2.766183778027996865e-01
2.769438887788778225e-01
2.772434410194564713e-01
2.776486875481712913e-01
2.779720753671686140e-01
2.782237906239634628e-01
2.784062247744453766e-01
2.792636108070251089e-01
2.790336697984762138e-01
2.794454296786852421e-01
2.798981532324487098e-01
2.799891161773246373e-01
2.806077877047465363e-01
2.808745801807497888e-01
2.817467291740335944e-01
2.818321239148409152e-01
2.821284511470426026e-01
2.824547237992247051e-01
2.834646964883825726e-01
2.833724929676135762e-01
2.842890274713971710e-01
2.841833882948194834e-01
2.845498813835246610e-01
2.845926210303740822e-01
2.858533830246479668e-01
2.859324787953437808e-01
2.869316646808500182e-01
2.872546623331421745e-01
2.874221344327329564e-01
2.878921797074398548e-01
2.882621996914185303e-01
2.890479272300686131e-01
2.892619366168312500e-01
2.898836936434950329e-01
2.898193564753766549e-01
2.903170067701593693e-01
2.913214539798766878e-01
2.916085356028231823e-01
2.916740808509762362e-01
2.929296340952353139e-01
2.931164275185826895e-01
2.940329086293965721e-01
2.942876178493278316e-01
2.943511020535209965e-01
2.956270876035695938e-01
2.955589949870099931e-01
2.959550221165730410e-01
2.972987188265182046e-01
2.979765423342501940e-01
2.981131168152912903e-01
2.988349939016816115e-01
2.992071127177231005e-01
2.999548401845502643e-01
3.000801534447627983e-01
3.003497567400054691e-01
3.010032547962745997e-01
3.021437522870247805e-01
3.025785007785005698e-01
3.026378129008425177e-01
3.039828632080918691e-01
3.042008393981233128e-01
3.049867176328840412e-01
3.050973168344420783e-01
3.058340886613489240e-01
3.067696291584182666e-01
3.073669857942129546e-01
3.078090356283983420e-01
3.083021509091860568e-01
3.092154517236949118e-01
3.099094074255742126e-01
3.103956103140072531e-01
3.110519168708096860e-01
3.117706628065505248e-01
3.122157303592507649e-01
3.132993451610930902e-01
3.134853670381543833e-01
3.139279104577868407e-01
3.155247661731019893e-01
3.153068879111747269e-01
3.167506593703958151e-01
3.168399686830044026e-01
3.174000867903965517e-01
3.182027206246608175e-01
3.185807377946797136e-01
3.202045652914781715e-01
3.203350828020309904e-01
3.213166050786417371e-01
3.221536900078250110e-01
3.230593865763969896e-01
3.232675177249530463e-01
3.244887027428604576e-01
3.248984694098197012e-01
3.258704077093837470e-01
3.266651409609444001e-01
3.270065109961209360e-01
3.286321807770901660e-01
3.293678972008829420e-01
3.294523690298994945e-01
3.306295342479191324e-01
3.316108899516814756e-01
3.325075506604614484e-01
3.327797162947669363e-01
3.337296038566297529e-01
3.348031211283373221e-01
3.354757269499941685e-01
3.361619007784749091e-01
3.368143531634851806e-01
3.380421487733470953e-01
3.390765068248142722e-01
3.395625870943883018e-01
3.408306860608369959e-01
3.418498068586590666e-01
3.425416405800693620e-01
3.434674038742835944e-01
3.441212674679032246e-01
3.453341386904484889e-01
3.466287110604640009e-01
3.471493926237429473e-01
3.482347810464547222e-01
3.491505862620581380e-01
3.498744166707006276e-01
3.513923482588477976e-01
3.522456475427291900e-01
3.535721524931049187e-01
3.541867192631205641e-01
3.552961165097655583e-01
3.558425948103007830e-01
3.577681725775936905e-01
3.583802311768956028e-01
3.593515169090764072e-01
3.606621592308518198e-01
3.619119851414384081e-01
3.629403408690097810e-01
3.641422113608762112e-01
3.649626763983428446e-01
3.662787411512060665e-01
3.672981465692401470e-01
3.684369661540322638e-01
3.696859922460742909e-01
3.706543580522116410e-01
3.724918369540619056e-01
3.734546774724963325e-01
3.745590954744058565e-01
3.760018202900699547e-01
3.773923824685633810e-01
3.785190020946914147e-01
3.797402757960612329e-01
3.813629270034026297e-01
3.825081396399703793e-01
3.840271590047260597e-01
3.852107081364329888e-01
3.869552178565058842e-01
3.876757323396793908e-01
3.897248145498600769e-01
3.914283156263133612e-01
3.923530118890001250e-01
3.940365504143775732e-01
3.956365069386651445e-01
3.970387318862417247e-01
3.988293804222594607e-01
4.003126833261007600e-01
4.012557968573040035e-01
4.035228086127528035e-01
4.054781117499778320e-01
4.073042796736764393e-01
4.090916636785854599e-01
4.107626783111956725e-01
4.127427090502563956e-01
4.143468501869505549e-01
4.167613972144251777e-01
4.180238351575523148e-01
4.201503537701198332e-01
4.215202792232798923e-01
4.237665680326294648e-01
4.256271930078640020e-01
4.276044626328119325e-01
4.297124916316342746e-01
4.323090783539889070e-01
4.346365118284997719e-01
4.364386304851299858e-01
4.390311033626578818e-01
4.412172482133439044e-01
4.427857836719277240e-01
4.457397419975807629e-01
4.481375362842208165e-01
4.504866712843687560e-01
4.533921894787212858e-01
4.562120991597788389e-01
4.579333033830697008e-01
4.616711348572158369e-01
4.648919811902386123e-01
4.664559925417618991e-01
4.706137936409737210e-01
4.738500952237791330e-01
4.767073384741891684e-01
4.790278645412002767e-01
4.831671392860241165e-01
4.854174047580221418e-01
4.883526097677842182e-01
4.931063534618037036e-01
4.965029622721121583e-01
5.011655481261638734e-01
5.049585335081672177e-01
5.081291616490488661e-01
5.125605350185995501e-01
5.153329004540790903e-01
5.215552781794995374e-01
5.260278782819460819e-01
5.302757892016735086e-01
5.343670359165088035e-01
5.409837938610739805e-01
5.460308422186297417e-01
5.503114999084869341e-01
5.568922396427857802e-01
5.625099882138482332e-01
5.689993038600994479e-01
5.767484551122148417e-01
5.820742499693699612e-01
5.899477573193527835e-01
5.961589737623698149e-01
6.061723702132052471e-01
6.136307950020878366e-01
6.242234028948918656e-01
6.331262395377753593e-01
6.439617823829264509e-01
6.547489579136328564e-01
6.698277945410393563e-01
6.823629989398818374e-01
6.965079513917834531e-01
7.083535031897999490e-01
7.355685059144313476e-01
7.565023865386082402e-01
7.740190370657681340e-01
7.924917724217617199e-01
8.371742527491764507e-01
