1.326222847776551209e-02
1.342410278165048418e-02
1.325836109230260629e-02
1.241449081609039516e-02
1.231731303634323732e-02
1.100420329458842196e-02
1.445279496895407988e-02
1.708750456695099298e-02
1.687275088489973568e-02
1.941355673496100720e-02
2.299116462822138260e-02
2.979110895722984764e-02
2.989542263476742054e-02
3.534031783701205298e-02
4.208399572293674423e-02
4.416608515648773325e-02
4.823243878815585556e-02
5.959468424188498620e-02
6.775234346241716665e-02
6.899097867645088977e-02
7.710538892488660867e-02
8.277264324722281852e-02
8.879687441576107620e-02
9.549563151701244423e-02
1.048346790752100882e-01
1.099419747734147745e-01
1.140027726659599006e-01
1.248669048523700364e-01
1.337234683759864484e-01
1.377774341528924529e-01
1.434427771802898322e-01
1.511823820375655936e-01
1.606146055438739950e-01
1.639930687233704387e-01
1.713279492987283270e-01
1.802956911894883218e-01
1.838093353316888334e-01
1.932467088022614410e-01
1.995350143637865947e-01
2.050383657473192345e-01
2.133931975173505025e-01
2.226936256877034837e-01
2.279946444446325771e-01
2.346779602584483093e-01
2.407806152683127365e-01
2.493238414409378878e-01
2.541558639539940323e-01
2.620514795186457691e-01
2.694781412014548572e-01
2.759617993380349965e-01
2.825010515343772677e-01
2.897897320407804012e-01
2.930606755104681049e-01
3.016234421516971187e-01
3.075798561038475820e-01
3.129979718682863177e-01
3.193484529290299134e-01
3.257900257658667975e-01
3.336063086638128561e-01
3.384409029791523582e-01
3.441140033921744612e-01
3.495897857562128008e-01
3.576057191053185758e-01
3.615984281399253208e-01
3.694731059146205143e-01
3.751642230555089497e-01
3.804864519460838812e-01
3.861273077678750165e-01
3.922082793705138348e-01
3.977746780766044377e-01
4.026544146404544278e-01
4.092215384851842774e-01
4.150998617845158556e-01
4.201229600359830396e-01
4.259373268730934359e-01
4.300366447306955830e-01
4.361051608848017236e-01
4.413331150985125295e-01
4.450899987180058082e-01
4.522863259575866102e-01
4.571689744536059363e-01
4.616628784747165981e-01
4.676213709007606134e-01
4.721419133661636791e-01
4.772424786897436766e-01
4.827537296985483506e-01
4.885442103655796009e-01
4.924463173270945959e-01
4.976776634750904038e-01
5.028769561989991921e-01
5.068923877389632793e-01
5.115057275699118611e-01
5.161062532756676147e-01
5.205620954112482046e-01
5.252234020185551078e-01
5.308479611899961093e-01
5.349873533582860663e-01
5.395300962671947254e-01
5.432734257171527581e-01
5.480110719654104345e-01
5.523269513980264556e-01
5.566699169661729618e-01
5.608096825001999131e-01
5.662223862456776668e-01
5.690336368546929924e-01
5.730415494988577718e-01
5.778962621928358523e-01
5.821154976018678706e-01
5.866238702938568750e-01
5.897084158473981930e-01
5.940652714025866921e-01
5.975590056113248005e-01
6.011956949360773850e-01
6.059114000519030263e-01
6.106567723084314059e-01
6.130422249940149504e-01
6.165999758803085706e-01
6.204103589756830850e-01
6.252337909752280209e-01
6.289821398651961326e-01
6.318792508922487228e-01
6.358421340604628602e-01
6.390272009430159050e-01
6.429384605865903213e-01
6.463707673898124728e-01
6.490784868382801776e-01
6.532790639552669143e-01
6.573329982121137727e-01
6.609224394424176863e-01
6.634093060149549581e-01
6.666637635931457195e-01
6.707151143280182248e-01
6.729634247637732436e-01
6.768622246280523447e-01
6.798795049400321311e-01
6.835976510881914825e-01
6.863677336875315671e-01
6.896629099405342522e-01
6.929645006096749604e-01
6.961782500511959348e-01
6.993116939294214962e-01
7.022683765512222065e-01
7.057338601615970042e-01
7.082126323191060280e-01
7.110896147668261946e-01
7.141872735918236570e-01
7.172122130140387020e-01
7.198700625048709556e-01
7.232506731746168871e-01
7.249342757615723221e-01
7.289613247471800062e-01
7.315675510529473513e-01
7.334760389030391403e-01
7.369208077617570574e-01
7.395636318255209840e-01
7.428677911382783883e-01
7.453660022192888368e-01
7.474830315780276457e-01
7.507987449953872350e-01
7.527899511534676957e-01
7.561555942202137226e-01
7.578290315420389556e-01
7.603682109100651232e-01
7.635366307395073937e-01
7.662645555224335547e-01
7.688019313144590638e-01
7.710413528173493125e-01
7.729996838282793270e-01
7.757989605827018131e-01
7.781501174428610001e-01
7.811399300575299076e-01
7.828869620168558141e-01
7.851236760497033451e-01
7.885804631271874365e-01
7.899170912236768149e-01
7.924064745854180192e-01
7.952975049558831389e-01
7.968847074207805470e-01
7.987390309391839693e-01
8.017563303458682400e-01
8.038814126278258643e-01
8.057710527881636331e-01
8.078474898737323384e-01
8.094144330850734370e-01
8.123773485709976372e-01
8.141883384313693961e-01
8.159943320486882090e-01
8.187611419184783745e-01
8.205588580703703228e-01
8.225299695633845332e-01
8.247754194435903408e-01
8.266217346660214016e-01
8.285285661502325150e-01
8.305917665212813050e-01
8.330707048053137553e-01
8.349258874747083059e-01
8.365348987897935906e-01
8.387171663913056685e-01
8.418113093430840133e-01
8.427195664260787034e-01
8.445101577519344982e-01
8.464597091793722994e-01
8.480739586974753719e-01
8.504114232185451261e-01
8.519207154942353144e-01
8.531597659963003899e-01
8.551219670393922501e-01
8.575914623264044856e-01
8.593889284370312964e-01
8.610913897055114674e-01
8.631737020791628856e-01
8.644276005374664784e-01
8.660800850690789643e-01
8.676033089556233202e-01
8.697059683858107126e-01
8.713766809398757474e-01
8.734100626013716617e-01
8.748907862416275272e-01
8.767694732591987394e-01
8.780979710277224681e-01
8.795986673898213981e-01
8.816138019730230813e-01
8.825985885217211280e-01
8.843551231942207158e-01
8.853115084617144692e-01
8.877346800809331473e-01
8.892229958429102021e-01
8.903564832910313420e-01
8.928219814540385713e-01
8.941617869058816614e-01
8.951328875884035918e-01
8.969516509593876696e-01
8.987083633160970475e-01
9.003104658364827761e-01
9.015253643823905039e-01
9.027449059065720816e-01
9.044617997961182931e-01
9.054972909576838314e-01
9.072647676257495908e-01
9.087660499047034435e-01
9.098606637718876788e-01
9.117185104195084655e-01
9.130507904296344401e-01
9.142620558170183598e-01
9.161420476713573180e-01
9.172970345543082216e-01
9.189209987218975861e-01
9.210116816208657742e-01
9.218763956915956292e-01
9.214196047001022016e-01
9.214095855463640961e-01
9.263181831041295000e-01
9.302187842066477197e-01
9.278035020276378386e-01
9.247918692612715486e-01
9.294849812255576715e-01
