2.857980985833067922e-01
2.870871582754221940e-01
2.877227174343037763e-01
2.878630853594408290e-01
2.872842821003149805e-01
2.868467410059594713e-01
2.879150245393379270e-01
2.887878063810992435e-01
2.885371932904224335e-01
2.887474151548942713e-01
2.895490957905474949e-01
2.913700395091209927e-01
2.913949929733508637e-01
2.924090118528499538e-01
2.941798835975301118e-01
2.941143535108587947e-01
2.955558247383719417e-01
2.985277513914257330e-01
3.003729735964042469e-01
3.004704983355397374e-01
3.028155510627834612e-01
3.037246182207393730e-01
3.054994634582038904e-01
3.072864840999398606e-01
3.098058545743681558e-01
3.116156935411757978e-01
3.129795837705994788e-01
3.144623164309266472e-01
3.190656611138078524e-01
3.179882856204381825e-01
3.201350860878510174e-01
3.229019483425972226e-01
3.236214351818421653e-01
3.263155559951181894e-01
3.282272253219742919e-01
3.326696096881611719e-01
3.328726471035494683e-01
3.348816762596307783e-01
3.371532270324025249e-01
3.414009354649863437e-01
3.417083298555574911e-01
3.469384343343379640e-01
3.452958691689200221e-01
3.477701113353006690e-01
3.487599126972412700e-01
3.536982134388773069e-01
3.550078825910448210e-01
3.591895435990513086e-01
3.611038836525653495e-01
3.618144476244890551e-01
3.648498114802141146e-01
3.661438181645895740e-01
3.696173587690803064e-01
3.706990463711285488e-01
3.727788818756938571e-01
3.738411387884721382e-01
3.766520027587743069e-01
3.792553399875170927e-01
3.820541313841729347e-01
3.827527741924303117e-01
3.864053828183650618e-01
3.886732666897439459e-01
3.915673932404813429e-01
3.934132197753685833e-01
3.948208235081714923e-01
3.991393628004031302e-01
3.994057301406402916e-01
4.021415385356552630e-01
4.046346835276022902e-01
4.075978016052235198e-01
4.103214220811270407e-01
4.118925384854237870e-01
4.135026761687232155e-01
4.164531437265244218e-01
4.179242125024621446e-01
4.183072010819495201e-01
4.223988634947163923e-01
4.257032139576263918e-01
4.272441321135593828e-01
4.283696256649370260e-01
4.312879962767489639e-01
4.338231000166744011e-01
4.357583127549128355e-01
4.370965451536056312e-01
4.397250282625058126e-01
4.425989691776518464e-01
4.447944041632960754e-01
4.466455654073361869e-01
4.484224713846135524e-01
4.504713718310323634e-01
4.527176550208663053e-01
4.560150461524816179e-01
4.569373435965192742e-01
4.592917598129178658e-01
4.620814648613022491e-01
4.629070216329265186e-01
4.653261987298085156e-01
4.667572852634390146e-01
4.702186657859907526e-01
4.709621487801292083e-01
4.748458857394512456e-01
4.757439262140855663e-01
4.772141272232984233e-01
4.805120025840941000e-01
4.818223126345012042e-01
4.847872944329975620e-01
4.862850717075877238e-01
4.892676709368152799e-01
4.905350273677275830e-01
4.927719249326842355e-01
4.940437228999355890e-01
4.974322450004574070e-01
4.985334940044834351e-01
5.013537243073638017e-01
5.029491543271091825e-01
5.044123015221616546e-01
5.079223765868805529e-01
5.096953183775370100e-01
5.111380492375574569e-01
5.134067264479079684e-01
5.155969564077911294e-01
5.172598531296090929e-01
5.190258162659060481e-01
5.218138613497140810e-01
5.225398187157445085e-01
5.248967719094230766e-01
5.259515373621097556e-01
5.292067039937647932e-01
5.308686337010434242e-01
5.331284476446547238e-01
5.349230704404265291e-01
5.371687637739576138e-01
5.391472737644140700e-01
5.405828920537851801e-01
5.425420296581002777e-01
5.444904500006011450e-01
5.469505365391831297e-01
5.485235847377214480e-01
5.503704056367491049e-01
5.522727295317733098e-01
5.540652439543816143e-01
5.560742157272493547e-01
5.584594165819668499e-01
5.590981408482624815e-01
5.614053346569110037e-01
5.626773268916436255e-01
5.648683549307021989e-01
5.666990703039762600e-01
5.695566390303392623e-01
5.711302070260457775e-01
5.720602083739495525e-01
5.746724146592824267e-01
5.766985071737381618e-01
5.784015284946177893e-01
5.800335722341056766e-01
5.824722169804590344e-01
5.832442941251055890e-01
5.846491631153413193e-01
5.871593821044741590e-01
5.885654351564724163e-01
5.904841127436104564e-01
5.921914732014811333e-01
5.937826597231881109e-01
5.963724183424152780e-01
5.979294156086949474e-01
5.994434526568590549e-01
6.008871588374248285e-01
6.024263481833986855e-01
6.046502270491940223e-01
6.064593282630733606e-01
6.081951610766810346e-01
6.093031994107833693e-01
6.118275554203448374e-01
6.132044912510938861e-01
6.147005624930806933e-01
6.168037906709712415e-01
6.174763480534601889e-01
6.200033880795606800e-01
6.218296074551282748e-01
6.234234230622459627e-01
6.253157845779898638e-01
6.265911190466637581e-01
6.279353353910386293e-01
6.297072748792857944e-01
6.313037552774026784e-01
6.332628520026278851e-01
6.345609618515242190e-01
6.366477991224895883e-01
6.380039479084728127e-01
6.395157082426979889e-01
6.413593735083842340e-01
6.429989346965779839e-01
6.443854965482960218e-01
6.464525067538943182e-01
6.472592909279738516e-01
6.492538533559256697e-01
6.503951720036544870e-01
6.523973817984526358e-01
6.537267023092974139e-01
6.555225362818896118e-01
6.569012611372743171e-01
6.581923349833503911e-01
6.599145071001654150e-01
6.613230149451253537e-01
6.628720879965390722e-01
6.645460664747182555e-01
6.658525231455695303e-01
6.674445308600729376e-01
6.687889177271217900e-01
6.704463687247733672e-01
6.718876914178362192e-01
6.731536067586779692e-01
6.749157095349085367e-01
6.761426640595350479e-01
6.775534545576903378e-01
6.791772423595471286e-01
6.802979174756668135e-01
6.819713042153056071e-01
6.834261809971978741e-01
6.850311406884963539e-01
6.867372785154067794e-01
6.878706829023036873e-01
6.893796335209456672e-01
6.909935892451299910e-01
6.918217691887362797e-01
6.934019749662891918e-01
6.950050615754524985e-01
6.958169605236557143e-01
6.981793188514457960e-01
6.986854185796458339e-01
7.000612642016865728e-01
7.013809216831832227e-01
7.028010122348530286e-01
7.044038949685345052e-01
7.057660082849211980e-01
7.071233926760015498e-01
7.083561981626708137e-01
7.096471169755624864e-01
7.107017365114807195e-01
7.120880383868773977e-01
7.135619746818886444e-01
7.148062154385214084e-01
7.162122473290328806e-01
7.169293513224702652e-01
7.182619738776783169e-01
7.200934110091763429e-01
7.207556314869963954e-01
7.229622356568250474e-01
7.251162489639884079e-01
7.231234740775743797e-01
7.228639660973449343e-01
7.288177419377691590e-01
7.337449735676354612e-01
7.290771592960705316e-01
7.240250811659533214e-01
7.310621924604978616e-01
