6.699185748935427426e-03
6.524060439351480473e-03
6.359961808606233967e-03
7.646923071892250748e-03
9.191902425251722783e-03
9.615166383688773105e-03
9.667220654833923871e-03
9.469245005323496250e-03
8.910862438384917206e-03
8.701434746404460019e-03
8.520022825517363160e-03
7.875511141717403407e-03
8.499745816721028871e-03
1.038134537512181051e-02
1.108602308680045785e-02
1.300435413703686025e-02
1.479450609236561409e-02
1.290217988339024263e-02
1.230601738522601324e-02
1.350046870307272315e-02
1.430154619184911650e-02
1.613023671936028580e-02
1.886145272158570516e-02
2.280977435255926097e-02
2.002604466424473539e-02
2.272324126564362681e-02
2.755130330523400395e-02
2.667835457477453140e-02
3.148881710182872135e-02
3.270947172160066502e-02
3.388765943455895185e-02
3.296293415013049066e-02
3.597162691689082675e-02
3.783904770000638684e-02
4.471023927607913062e-02
4.708565374108900081e-02
4.898235108116662934e-02
5.376896289140477986e-02
5.635422649366563647e-02
5.598847668918647408e-02
6.091280449040380879e-02
6.282541934902188818e-02
6.438304975692844823e-02
6.581907639006814859e-02
6.686042606930896193e-02
7.086796031080137837e-02
7.357299687706093938e-02
7.727028522776102637e-02
8.205528276666855525e-02
8.556944049203864255e-02
8.683706614827374493e-02
9.141537998471027660e-02
9.647458935685276904e-02
9.668711135179622329e-02
9.772154948145135578e-02
1.023138808019880275e-01
1.077033833661719814e-01
1.148912433939552197e-01
1.160205729027758842e-01
1.135562796793950779e-01
1.188760212027144547e-01
1.202711030260327912e-01
1.248033392902266198e-01
1.295407601441490586e-01
1.305429651254311485e-01
1.333405995936954858e-01
1.415145253267974523e-01
1.400728858081913275e-01
1.451823420362783335e-01
1.466784600717785658e-01
1.517485092959026116e-01
1.587148181576878980e-01
1.589657434727353436e-01
1.608014523800147810e-01
1.673282482638198121e-01
1.683722437515730586e-01
1.735216758254798097e-01
1.757063116090919475e-01
1.776265202794330145e-01
1.854570342195109300e-01
1.905706191506771063e-01
1.908100249352500666e-01
1.966333613133907643e-01
2.031335882845877461e-01
2.011127914228111047e-01
2.005817491760502613e-01
2.048630001254372335e-01
2.093041975783192510e-01
2.146890582544409010e-01
2.147175720876826344e-01
2.170353959258340681e-01
2.247133053060633434e-01
2.284981195384939989e-01
2.316433379084102961e-01
2.354022034304230071e-01
2.413982909872658955e-01
2.411870763485695346e-01
2.476565129729502990e-01
2.477162979879184157e-01
2.514641636473934905e-01
2.557575330364036392e-01
2.614676950834131097e-01
2.621293801960380421e-01
2.654733368780769487e-01
2.670098488273297543e-01
2.727144526274881131e-01
2.771027256098564928e-01
2.778025931552065009e-01
2.848037226067149930e-01
2.841089334166615465e-01
2.876026117279787409e-01
2.893452799134342279e-01
2.922873117577539648e-01
2.985572715822709111e-01
3.034990564405017910e-01
3.026212873032579354e-01
3.076811535987439283e-01
3.121038109936902227e-01
3.139954401464921663e-01
3.173447953371738572e-01
3.229286554028754086e-01
3.240895047743828639e-01
3.275296580448927575e-01
3.319349254734292876e-01
3.365460616484434730e-01
3.396450135808209425e-01
3.437142174173844489e-01
3.458943687654583710e-01
3.491746143090896370e-01
3.520771153450688584e-01
3.545638961808242340e-01
3.593709712356222274e-01
3.614031866806150517e-01
3.632549426892843214e-01
3.662918148789558459e-01
3.722642679703037638e-01
3.739337242851556442e-01
3.776191128050022661e-01
3.850341053016536619e-01
3.851605781897368685e-01
3.878884179063482041e-01
3.932304459950085596e-01
3.956161088462263886e-01
3.991068755734504814e-01
4.010283436587201433e-01
4.027899341246497511e-01
4.079578096395760634e-01
4.120286442191805620e-01
4.184121723314098151e-01
4.170145935192682840e-01
4.198554551667322832e-01
4.202091453844299940e-01
4.252403756761398701e-01
4.284075476357742107e-01
4.289627801250980865e-01
4.361391872724882934e-01
4.373850185606044660e-01
4.408747503468892770e-01
4.433942011975360309e-01
4.473978020254679167e-01
4.492789570109836372e-01
4.527730440465823625e-01
4.561119016616446697e-01
4.605361262702247216e-01
4.656015338649327484e-01
4.662763167743282366e-01
4.674624992744817464e-01
4.709397909822941042e-01
4.743018963344439731e-01
4.765148099657329772e-01
4.810931997275397776e-01
4.851218732207424611e-01
4.862624071088736399e-01
4.891720721691445450e-01
4.927238990418584819e-01
4.951901756843315461e-01
4.983153092849946231e-01
5.014647917619342588e-01
5.028430981138218847e-01
5.057716687946901546e-01
5.093874680400218846e-01
5.115430703443356597e-01
5.156482973456822938e-01
5.199796113980396095e-01
5.214105097000520939e-01
5.235270063129316975e-01
5.252175926946427431e-01
5.288154113650819221e-01
5.311123439756655351e-01
5.363263473002840565e-01
5.401126950553449824e-01
5.389916001641882337e-01
5.435100319178107764e-01
5.464190177566754514e-01
5.482611542989811459e-01
5.508008181123137392e-01
5.565630458296113581e-01
5.578558605508426860e-01
5.605020966826432804e-01
5.617742013207669416e-01
5.660465759000241626e-01
5.682266009484707725e-01
5.705117647515719481e-01
5.732391924350163093e-01
5.755615287478991204e-01
5.774316559380787695e-01
5.805320527182531443e-01
5.835467495298621854e-01
5.871032969244458499e-01
5.892330567448519352e-01
5.918741188226180894e-01
5.960916000908716983e-01
5.979741198296620874e-01
5.993632164878970325e-01
6.038854594570830514e-01
6.069195450232076627e-01
6.088160960495835328e-01
6.097642862587305812e-01
6.133436836100840672e-01
6.160091766014121895e-01
6.171985046249980345e-01
6.200919026362623487e-01
6.247785434197908883e-01
6.262016450145533319e-01
6.275642709310701450e-01
6.317995493481071145e-01
6.341593170300818816e-01
6.359986450292496318e-01
6.389137775834310418e-01
6.413147158817619209e-01
6.437137766511241699e-01
6.451956340225574182e-01
6.485230280935958547e-01
6.523964235631661834e-01
6.532336300567246345e-01
6.564714775146955894e-01
6.585559712568582746e-01
6.606716506487433360e-01
6.633859379816517965e-01
6.665011504731299663e-01
6.682357403137190177e-01
6.697608906581052901e-01
6.734131793048314663e-01
6.756347745788332526e-01
6.781641228954404799e-01
6.805471887430145639e-01
6.830223659949125059e-01
6.840935924274716973e-01
6.854782020510369334e-01
6.879494827953139824e-01
6.903377851251631947e-01
