2.370456098058072378e-02
2.288780469151880867e-02
2.227928587112009209e-02
2.193979955968792389e-02
2.136247323136167622e-02
2.065448120958025824e-02
1.947343901623068557e-02
1.861000429467380909e-02
1.870734177190371342e-02
1.898365393545604560e-02
1.976485925169020608e-02
1.817423909064748086e-02
1.924508650599042123e-02
2.325824139374444918e-02
2.407147777096334609e-02
2.815593224329953140e-02
3.220355605702081292e-02
2.888825595774800747e-02
2.834279387724077115e-02
3.157949086225478319e-02
3.462441170575820265e-02
3.795700175616054106e-02
4.479721113222916856e-02
5.099849559748829975e-02
4.664698618199872304e-02
5.214848613597330290e-02
6.076933065357858349e-02
6.229461023037697470e-02
7.134717737719360742e-02
7.267328437686848552e-02
7.671602544851800765e-02
7.928754835235243825e-02
8.498724690979322927e-02
8.596719113715359240e-02
9.548993597168420333e-02
1.018717542757746897e-01
1.083843072115081990e-01
1.154246406756665871e-01
1.190534740542126685e-01
1.215854650180885760e-01
1.291262342984180744e-01
1.337054403986638884e-01
1.383571194992435360e-01
1.426887112234354327e-01
1.467541469704473356e-01
1.538642462289455393e-01
1.594272498605714405e-01
1.648996627558612094e-01
1.701856106290410842e-01
1.788012511075341981e-01
1.829170661821617749e-01
1.868317098216491223e-01
1.941779037738853853e-01
1.954135610242612731e-01
2.015451177406741290e-01
2.104346738858211274e-01
2.175872986952853416e-01
2.236829482688007797e-01
2.289339999469469922e-01
2.322879608674357221e-01
2.382533991987330901e-01
2.426675355721693295e-01
2.514930937567443348e-01
2.539498883214825198e-01
2.609264188722205668e-01
2.670682409197203122e-01
2.702573008244814612e-01
2.763314163400383272e-01
2.816641555040623190e-01
2.859133698730403350e-01
2.896651867321781149e-01
2.989306420913754314e-01
3.041969511967366202e-01
3.054303802455848316e-01
3.153438894999656128e-01
3.191385585547230064e-01
3.245434769180924883e-01
3.284027579972151889e-01
3.337203932629385639e-01
3.377255839732824505e-01
3.439917710439053256e-01
3.487859877500468220e-01
3.538812618906403973e-01
3.602171229688613807e-01
3.660581320043647668e-01
3.722216353056795324e-01
3.769055946877783447e-01
3.813049543711825584e-01
3.859851981302922508e-01
3.904401999478769869e-01
3.961683226405041114e-01
4.020532469662867481e-01
4.066282331626732693e-01
4.111404430230741758e-01
4.155358333368391888e-01
4.192469237784815506e-01
4.235460767266687188e-01
4.290241198711485793e-01
4.331453772638856337e-01
4.395484063546312159e-01
4.473030788390011114e-01
4.496680017439663724e-01
4.550476453455599701e-01
4.589601123041044950e-01
4.639964511865082852e-01
4.659070827972289774e-01
4.714158375362431097e-01
4.773976649164308750e-01
4.830609164302734349e-01
4.872134491070138074e-01
4.895403425504820660e-01
4.938748831973630016e-01
4.983302622177127605e-01
5.034738450561132561e-01
5.067974776277283100e-01
5.114131842564506591e-01
5.178360474540701919e-01
5.211226238188257920e-01
5.250439647302403978e-01
5.290531631700955417e-01
5.326971362182728598e-01
5.374994644293642487e-01
5.442030622542322060e-01
5.469852842455975583e-01
5.499294739423955525e-01
5.544916534273182096e-01
5.582353479779542660e-01
5.623472124222412827e-01
5.675027590206027650e-01
5.706060905214368484e-01
5.757273938307729821e-01
5.790564654846801496e-01
5.816512382936339653e-01
5.865828343273615797e-01
5.899785880187458087e-01
5.951913381890903132e-01
5.981216110619468340e-01
6.017548671849310971e-01
6.057781627905495236e-01
6.097044805703097925e-01
6.131275978743629951e-01
6.171207123899686842e-01
6.207759019585623594e-01
6.255151893839948629e-01
6.282619629632040237e-01
6.319596765437047736e-01
6.356136501208605738e-01
6.386280334774775413e-01
6.420077634610649175e-01
6.460967193687099375e-01
6.496795360219664861e-01
6.526567961336126045e-01
6.573596079890146049e-01
6.601624927915398233e-01
6.635106834287511912e-01
6.666715457592274907e-01
6.702562234205147185e-01
6.736508967395447023e-01
6.775423523669321657e-01
6.811151294610252593e-01
6.841283340686016290e-01
6.881318988120771474e-01
6.907090688978240189e-01
6.930777619104451226e-01
6.960981497404326035e-01
6.988310459200662850e-01
7.036984428302028860e-01
7.070919056708184769e-01
7.106580515769804762e-01
7.134938541516843147e-01
7.160415441499116129e-01
7.180464602598203294e-01
7.229531107732236617e-01
7.256512111061883541e-01
7.285032662505258605e-01
7.316579451637771347e-01
7.341963284422647895e-01
7.377921893413887933e-01
7.411272848365355603e-01
7.444208500335187662e-01
7.469063609281750837e-01
7.493745601368793086e-01
7.526368875751484611e-01
7.558666230782926654e-01
7.583712856292962323e-01
7.614338212600066935e-01
7.634653743107928658e-01
7.668807431364200733e-01
7.702247927978274067e-01
7.723717149245957758e-01
7.752268058483737789e-01
7.787902283334040554e-01
7.810187963767799557e-01
7.846300789526696740e-01
7.869998007712301069e-01
7.888693633615307954e-01
7.925055413342317889e-01
7.943358622749866482e-01
7.970807402899988681e-01
7.989831438206721481e-01
8.022316792979889977e-01
8.053672195580118265e-01
8.070535030841408108e-01
8.099678775834172617e-01
8.122616869497067960e-01
8.157785339624322729e-01
8.183725753996017316e-01
8.216220475591030636e-01
8.234432753650123837e-01
8.262995651139090070e-01
8.279086674278376412e-01
8.307158835596254454e-01
8.332850031637293320e-01
8.356519169941135639e-01
8.378646110606767783e-01
8.403824929962550039e-01
8.429973647170622142e-01
8.456364124617191669e-01
8.478443679502631891e-01
8.498305583469860647e-01
8.506357015076703165e-01
8.540479208838170910e-01
8.574665012626886407e-01
8.584043287598036587e-01
8.612581260629549318e-01
8.633642012714609626e-01
8.649207517299550840e-01
8.674269071046500912e-01
8.704984734357565923e-01
8.724375318960087000e-01
8.749673475053577620e-01
8.768452078424163743e-01
8.795092749313464520e-01
8.810870091444830132e-01
8.836932934551593455e-01
8.853502877685356376e-01
8.866434824745761389e-01
8.897942739215792818e-01
8.922436554004553599e-01
8.943881789548586703e-01
8.958901359116228091e-01
8.981899550140000077e-01
9.007736533063845918e-01
9.031164724066469418e-01
9.044729300366743940e-01
9.066148540610089457e-01
9.089895125185786240e-01
9.102538169476040997e-01
9.132644705714529909e-01
9.145399398670446267e-01
9.165594367711424884e-01
