8.915663315256982732e-03
8.602445354186310719e-03
8.375572915704990531e-03
9.225965711387033516e-03
1.022356913874543360e-02
1.040869548361326655e-02
1.025741813173306448e-02
9.996817340786862127e-03
9.652304282044624206e-03
9.585849451406225352e-03
9.632522520965785401e-03
8.969773498118187652e-03
9.630167665308582772e-03
1.170551846522308731e-02
1.239662704165088794e-02
1.454590324496666913e-02
1.659629261978448969e-02
1.455193129267186303e-02
1.409595110235790059e-02
1.564585153563869194e-02
1.678439667785510542e-02
1.891836633663444150e-02
2.211444275870532924e-02
2.650024777312866633e-02
2.342401489973267026e-02
2.649523186089907181e-02
3.196654994973514158e-02
3.131335964370455388e-02
3.679977644810770998e-02
3.818755059226768694e-02
3.975325836625114712e-02
3.906856234015385065e-02
4.253312165977651133e-02
4.442500773291530036e-02
5.207013370744915243e-02
5.498101354458984069e-02
5.742139901467677859e-02
6.275655158613498152e-02
6.558245584261555849e-02
6.562219434056702771e-02
7.105678775374428546e-02
7.339296203806471020e-02
7.542028646641191214e-02
7.740073574595368600e-02
7.878701539048114932e-02
8.295017070774518553e-02
8.592481655604075619e-02
9.037956427315556318e-02
9.573351075586523928e-02
1.000462193494670304e-01
1.016864989272262126e-01
1.063988995632165341e-01
1.119637105881098743e-01
1.123662148571523134e-01
1.140188448012706413e-01
1.200671949086081908e-01
1.258265376983590811e-01
1.323970236754639096e-01
1.345405849199707293e-01
1.332804410423212571e-01
1.383567560700668386e-01
1.406220027352242663e-01
1.456240852496702154e-01
1.505771501906159882e-01
1.519598970640254898e-01
1.573423174850233086e-01
1.633787960941873174e-01
1.625902316659166014e-01
1.678197292565107301e-01
1.708604920357666146e-01
1.756526112236797554e-01
1.830835126718696471e-01
1.843146719152703450e-01
1.861926943254071654e-01
1.934636516601591083e-01
1.955145843734268085e-01
2.008888659200289972e-01
2.037510534855871136e-01
2.053751263241615499e-01
2.125195760420863778e-01
2.181852730262791307e-01
2.206365607009232732e-01
2.265538297711014726e-01
2.329575482276330933e-01
2.324300591057753274e-01
2.329822849096802873e-01
2.379392875528845430e-01
2.431084658312239188e-01
2.486767786131110769e-01
2.498156286106487378e-01
2.524284556556703474e-01
2.594802664469392228e-01
2.636553976816890521e-01
2.670450884570813033e-01
2.708517862184999236e-01
2.771307454426096828e-01
2.796107633756494404e-01
2.851352614447787426e-01
2.854418617774386879e-01
2.904502190432907138e-01
2.938412468912331987e-01
3.008290117965345400e-01
3.023951949149759066e-01
3.072228834275877452e-01
3.090053780745919965e-01
3.120926670818872650e-01
3.188265749036711671e-01
3.198891206184195091e-01
3.259944674892502059e-01
3.275327613247994152e-01
3.312264482490919204e-01
3.344612772932165079e-01
3.377583345924214941e-01
3.452823991591675856e-01
3.488910982836466723e-01
3.487296342017364714e-01
3.554375230421547571e-01
3.605536423410857783e-01
3.634389679199365730e-01
3.661419297273819651e-01
3.705007615714946967e-01
3.732819870657877459e-01
3.773515367510164031e-01
3.816480333476295894e-01
3.872213943601226505e-01
3.912859470685495222e-01
3.949514824925035028e-01
3.973558211091794412e-01
4.011399411253649405e-01
4.056310079511384892e-01
4.083882848819696543e-01
4.126213149003457037e-01
4.164305383871173549e-01
4.185582500476164869e-01
4.210809798655846814e-01
4.281171743358866411e-01
4.311460803105883755e-01
4.347002446662927566e-01
4.406805711984212448e-01
4.420570797995491685e-01
4.455833291768536153e-01
4.503334522711217591e-01
4.542008035949619549e-01
4.590103350954229389e-01
4.606064988777563984e-01
4.633837776389894691e-01
4.681155826603087267e-01
4.735495520076563603e-01
4.786275972010994306e-01
4.798367700340487318e-01
4.821830029809973661e-01
4.863368974025808478e-01
4.891638252497756967e-01
4.922799226995216992e-01
4.962956768649389172e-01
5.004067637979199290e-01
5.028462899119114926e-01
5.063613398073668614e-01
5.114402942451872214e-01
5.151835159323867597e-01
5.178086023322365783e-01
5.214281507783713465e-01
5.244133457062506443e-01
5.291321181781932781e-01
5.332522556592761420e-01
5.364561896126347484e-01
5.393442046244247834e-01
5.423451273866471967e-01
5.453628645556378718e-01
5.481361271256318668e-01
5.532510874329450434e-01
5.582356943556032736e-01
5.594371071450174870e-01
5.624716046837293648e-01
5.667158253472689422e-01
5.690727063011651321e-01
5.734554889483558515e-01
5.776306630411425225e-01
5.805049565977933312e-01
5.828676448003360377e-01
5.869105113519406114e-01
5.898109063685527120e-01
5.931443810726243493e-01
5.968730272647914115e-01
5.988742351943429076e-01
6.026784263383949680e-01
6.063796518648668643e-01
6.093571371730797104e-01
6.131867458486205402e-01
6.167709912287566709e-01
6.203359621800477175e-01
6.206982268300479388e-01
6.258688061060834196e-01
6.306544733596443075e-01
6.316331491019230304e-01
6.354110964144750184e-01
6.398657832435215020e-01
6.436208043440916349e-01
6.451219311804083922e-01
6.490007602690891497e-01
6.525858913768571856e-01
6.545823841259310605e-01
6.580233241509900743e-01
6.612858257126981165e-01
6.643615082754863455e-01
6.668768848534308846e-01
6.705946336154060550e-01
6.732876788079263930e-01
6.775339614860166337e-01
6.798645103667472211e-01
6.830292033320923828e-01
6.869819735079364387e-01
6.896099042588300643e-01
6.919798080143511054e-01
6.959140216167213344e-01
6.995463138386908142e-01
7.028207351532026470e-01
7.051793241741723950e-01
7.081731861260485150e-01
7.117511677685771643e-01
7.144430895949100968e-01
7.176972630233120487e-01
7.210661614064934888e-01
7.227900808102079022e-01
7.254939949633893992e-01
7.295952631478230810e-01
7.323714931624573099e-01
7.353029570828043537e-01
7.382459992002317062e-01
7.415580938813802758e-01
7.448175772021540242e-01
7.463125391805179865e-01
7.497590076571550854e-01
7.536690387093927246e-01
7.567291479216881056e-01
7.599360813220651378e-01
7.614557833739644677e-01
7.640276299470878385e-01
7.678039311165031355e-01
7.715105815209800655e-01
7.746739494503559476e-01
7.757673296689624465e-01
7.787428397667082169e-01
7.827585123515383714e-01
7.856282819454578625e-01
7.881646455485504799e-01
7.918181505961411348e-01
7.933319594501854199e-01
7.953929297341356675e-01
7.984287028049901203e-01
8.010755430203595484e-01
