9.135260897358005172e-01
9.143538586469323048e-01
9.148474430001750646e-01
9.149922901541459597e-01
9.145564480779652117e-01
9.143898220045043601e-01
9.147529721920217849e-01
9.150266604424031058e-01
9.148681010149745108e-01
9.146566043631052523e-01
9.147145105669374221e-01
9.150663536173524459e-01
9.151381581160680234e-01
9.151759436745031673e-01
9.153110477208937779e-01
9.152627330983059695e-01
9.154775125896398302e-01
9.158568586542561452e-01
9.160426371155507841e-01
9.160043474072975256e-01
9.163104840383108352e-01
9.163693119408299337e-01
9.165901101243184579e-01
9.167782302328676414e-01
9.170796654825609240e-01
9.173177672545679284e-01
9.174669448112342529e-01
9.175239977264227909e-01
9.182422686577240700e-01
9.178980510027687778e-01
9.181928520013882267e-01
9.185247784990707709e-01
9.184781812424770431e-01
9.189555862246777673e-01
9.190673656015375670e-01
9.197867679131352947e-01
9.197400114465210663e-01
9.198761055785459329e-01
9.200324717505573568e-01
9.208682152537102095e-01
9.206012577472235670e-01
9.213433746266334046e-01
9.210776101301256791e-01
9.212408534235839719e-01
9.210820132409521799e-01
9.221762003233611171e-01
9.220567632828584603e-01
9.228520505531899731e-01
9.229549425730476653e-01
9.229216954853964872e-01
9.231452221614895315e-01
9.233023480631514790e-01
9.238706694152157839e-01
9.238169333619878909e-01
9.242425176778011897e-01
9.238963989871838978e-01
9.241326254475744628e-01
9.249403602086819776e-01
9.249485742365735064e-01
9.247203090829007044e-01
9.257832251441464599e-01
9.256202364734871235e-01
9.262748179993272046e-01
9.262442480607876449e-01
9.260000178854466135e-01
9.270049468096311918e-01
9.265904156420562421e-01
9.266346138911413233e-01
9.278083271977489721e-01
9.281699073328500971e-01
9.278692022038805831e-01
9.283032073781045668e-01
9.282997652611545414e-01
9.287038085914396390e-01
9.285298187468650211e-01
9.284006174100017938e-01
9.286841020938391145e-01
9.295077209533738616e-01
9.294911515333035279e-01
9.291022246012968777e-01
9.302685417737402984e-01
9.299669897949901509e-01
9.304039651649047560e-01
9.300240150752661084e-01
9.303654991333051294e-01
9.309389667617486985e-01
9.310605496298927086e-01
9.311072802647737401e-01
9.310978456746151766e-01
9.315988927615499460e-01
9.318112919949484985e-01
9.318559337814336097e-01
9.321109300545273868e-01
9.322531673197353985e-01
9.321599985892106144e-01
9.327957360044767388e-01
9.325404332232751781e-01
9.322978238874393142e-01
9.335343094545553999e-01
9.327456422156642502e-01
9.335694919958925642e-01
9.332781447144061771e-01
9.334613672833220743e-01
9.333699195918299107e-01
9.332423516855774537e-01
9.342913964757331158e-01
9.339907154110415055e-01
9.344565430104472270e-01
9.345640470124844112e-01
9.347934782216051897e-01
9.345906408910729102e-01
9.351405883377167383e-01
9.348564346300698435e-01
9.351022289962714895e-01
9.353820025951995465e-01
9.349277588162909769e-01
9.356424654440301802e-01
9.359900220339147925e-01
9.354855643183590530e-01
9.359003827588939783e-01
9.363638497666941785e-01
9.364921820254431539e-01
9.356185859793335613e-01
9.359619210747459617e-01
9.363498648940310476e-01
9.361571432175552765e-01
9.362753392189040458e-01
9.361854480457471039e-01
9.365153970181619991e-01
9.364878165392184206e-01
9.366127716720521468e-01
9.370211254364264608e-01
9.370322119515149817e-01
9.368385473452935930e-01
9.370391829002556738e-01
9.369453867454770046e-01
9.371334215119568878e-01
9.373850909143639498e-01
9.370458409822088885e-01
9.371544834958949188e-01
9.374075006078089745e-01
9.370169143642645970e-01
9.375785128762956777e-01
9.375399549000575927e-01
9.376189441410498482e-01
9.370875688942368331e-01
9.375848700266854463e-01
9.368500030340837226e-01
9.378567841262105409e-01
9.373194157495652323e-01
9.373554238836429020e-01
9.372834527363801405e-01
9.375281142963615144e-01
9.375882019013349611e-01
9.373657813956662865e-01
9.375920579902111696e-01
9.374033247985483763e-01
9.372746732025162286e-01
9.371679254742538712e-01
9.370648634755741613e-01
9.370947088732883845e-01
9.371940793030679728e-01
9.370112815866368239e-01
9.371462525842488844e-01
9.369585296993500068e-01
9.368739159516781267e-01
9.367552770648187588e-01
9.366146181287460237e-01
9.366684916728976740e-01
9.364949810054831181e-01
9.364711030327795838e-01
9.359242718361194813e-01
9.363758222994965630e-01
9.361637691070195944e-01
9.360780047217328592e-01
9.360167529801108888e-01
9.359258304637542158e-01
9.357720401423802459e-01
9.358833542644849901e-01
9.353884908721735725e-01
9.354694363245187327e-01
9.353993290397252247e-01
9.346898795735438803e-01
9.349567857727967279e-01
9.348212173114407442e-01
9.346890377451526621e-01
9.340050078053228066e-01
9.340201438418195279e-01
9.339559351178151614e-01
9.337749286457267539e-01
9.337066916013518902e-01
9.334362569432961276e-01
9.332775340788407314e-01
9.331290080942750143e-01
9.327674251278843531e-01
9.325092684006883736e-01
9.322226714922122737e-01
9.319557556528255127e-01
9.318118794558024609e-01
9.316063006226528165e-01
9.311900887739388288e-01
9.307307448946917638e-01
9.306300201996048349e-01
9.302372544078552075e-01
9.297191909031264911e-01
9.295809925678344410e-01
9.293484954899688955e-01
9.290552012955879402e-01
9.285608970027229292e-01
9.282588629121701906e-01
9.276944735370112882e-01
9.273235898395296717e-01
9.270534963219085878e-01
9.265372656984192101e-01
9.260677158345498317e-01
9.257590158345930798e-01
9.252414814349617656e-01
9.247014714153689585e-01
9.243665699289702609e-01
9.236236640595837377e-01
9.231264311443873050e-01
9.228862687435165357e-01
9.222096739684029210e-01
9.215295039488675677e-01
9.209263884643023035e-01
9.205544279150279507e-01
9.203797654864622757e-01
9.190089534696430640e-01
9.185120632359382586e-01
9.176826881361269672e-01
9.166886848553025269e-01
9.164732543478055771e-01
9.162337864607669191e-01
9.152789730215505903e-01
9.138595125402467767e-01
9.126032116778133307e-01
9.119430246986155453e-01
9.120124701801221034e-01
9.114443448592213226e-01
9.092656891335915148e-01
9.070303075756181999e-01
9.060976537999685387e-01
9.073450225584737128e-01
9.069501744367616247e-01
9.033243590238239085e-01
8.993271513993427169e-01
8.989745153162752578e-01
9.011391423191572603e-01
9.009328853121206793e-01
8.952716850813464688e-01
8.911237284611537302e-01
8.922130507656936826e-01
8.934771557591085767e-01
8.873063194390168329e-01
8.801118916783192692e-01
8.803804391044022237e-01
