7.017026813012512410e-01
7.022575557591613782e-01
7.025705503966274135e-01
7.026671247197134873e-01
7.024006762676324733e-01
7.022812118731758257e-01
7.025690694113281287e-01
7.027965145708967576e-01
7.027066570361131248e-01
7.026270372138984088e-01
7.027404929417967461e-01
7.030956109045009006e-01
7.031528243477415119e-01
7.032801055632310616e-01
7.035248142724053189e-01
7.035072044561361260e-01
7.037703340625417470e-01
7.042576040800279102e-01
7.045416385078171473e-01
7.045542086072744681e-01
7.049479218013626758e-01
7.050776762007801013e-01
7.053928580924356817e-01
7.056840410703730804e-01
7.060961708674610149e-01
7.064170297922600650e-01
7.066539584881188496e-01
7.068266401104128516e-01
7.077078035102101206e-01
7.074201474124458544e-01
7.078179805665919533e-01
7.082803206484258318e-01
7.083312953001729140e-01
7.089359136368339476e-01
7.091866848079787511e-01
7.100596378003626308e-01
7.100989085242495058e-01
7.103724587254366396e-01
7.106929636165884023e-01
7.116753549799221812e-01
7.115410270580858620e-01
7.124858384462169347e-01
7.122667514019487278e-01
7.126045229303386019e-01
7.126134582045186017e-01
7.138443292595885170e-01
7.138945273318368923e-01
7.148505493134185151e-01
7.151332534549967868e-01
7.152320005751878762e-01
7.156634643514527827e-01
7.159584695122276354e-01
7.167148469983716241e-01
7.168515613467175696e-01
7.173855194511916666e-01
7.172744554015744178e-01
7.177156791720509244e-01
7.186203310797428800e-01
7.188827337943402007e-01
7.188659267986062806e-01
7.200043780346087052e-01
7.201510903413661513e-01
7.209685359616518907e-01
7.211432372260715429e-01
7.211462231442521409e-01
7.223525674206271452e-01
7.221945239444369502e-01
7.225076603981800405e-01
7.236158218173111001e-01
7.242337104976342976e-01
7.243853843712563245e-01
7.249112808260378404e-01
7.251614314724181831e-01
7.257855458475613863e-01
7.258552775967771487e-01
7.259334669038237653e-01
7.265865291416210292e-01
7.275608928790880947e-01
7.278477496651608591e-01
7.277851716086760625e-01
7.289156958083453652e-01
7.291205659585778820e-01
7.296310194846327146e-01
7.296648520545819805e-01
7.302892574556859584e-01
7.310374725531011419e-01
7.315309399442174731e-01
7.317748546213590499e-01
7.320913550019529925e-01
7.328456813615857879e-01
7.332725344481341168e-01
7.336968848286292699e-01
7.340931664668555179e-01
7.347013670229219917e-01
7.349761240200534118e-01
7.357118148454252493e-01
7.358374167912283825e-01
7.360524526971896631e-01
7.373497222693462527e-01
7.370368143709811193e-01
7.382574398334952326e-01
7.381456725696812216e-01
7.384748314878382125e-01
7.391576925937344278e-01
7.392638534652913318e-01
7.404728927486488033e-01
7.405494163382918549e-01
7.412515023443954076e-01
7.417814920944105772e-01
7.424025619947457466e-01
7.424897938018911736e-01
7.433912635841813943e-01
7.434609297531971084e-01
7.442340358777247422e-01
7.446701476423076560e-01
7.447376287415801155e-01
7.460803190813678487e-01
7.464703396271157310e-01
7.464462587494530288e-01
7.472606330986428791e-01
7.478864270056369001e-01
7.483976461079633324e-01
7.483960387086038279e-01
7.491149953267551842e-01
7.496605273561156579e-01
7.499888428857464096e-01
7.505402183372262837e-01
7.507538743591632979e-01
7.516961991121522413e-01
7.522139202992300655e-01
7.525262286524133648e-01
7.532912992465397028e-01
7.539175557323777310e-01
7.541901821943407525e-01
7.547476928246061867e-01
7.550165741966635702e-01
7.558371878640186559e-01
7.564181584665123914e-01
7.568742924227203073e-01
7.573216380465217501e-01
7.578875602504808739e-01
7.582188363813489040e-01
7.591486791489739927e-01
7.594994060901940625e-01
7.601832340867206161e-01
7.604593817501716924e-01
7.610152531077083449e-01
7.612671805693804750e-01
7.624650163402580949e-01
7.626906195752631845e-01
7.630956957816166231e-01
7.638434716213338138e-01
7.642798080547854589e-01
7.650278445244871328e-01
7.654227151926119577e-01
7.660232619280016308e-01
7.666640992133691990e-01
7.669947335016863432e-01
7.674643605583820749e-01
7.680755621434368630e-01
7.684286790767000941e-01
7.695108835012969273e-01
7.698079065244055608e-01
7.703698806513169517e-01
7.710646832294740793e-01
7.716688170374164102e-01
7.720685633234880552e-01
7.725677561564923135e-01
7.733665434822508677e-01
7.738128847967417068e-01
7.745684683495022149e-01
7.749143793087395204e-01
7.757731871406808866e-01
7.760854246712231008e-01
7.768907894900034528e-01
7.776387131090437554e-01
7.780467115384432919e-01
7.785382978039007140e-01
7.793715544130473960e-01
7.797272801070747050e-01
7.804855654461028136e-01
7.811852646204908712e-01
7.812474403149235469e-01
7.823156898037215701e-01
7.829692725410554166e-01
7.836145468926158930e-01
7.842419464652270467e-01
7.848612200615417978e-01
7.855708165129695608e-01
7.861746773080472428e-01
7.870478267043483633e-01
7.873206392123472952e-01
7.879826864037048351e-01
7.885770626621855239e-01
7.893511426135448872e-01
7.900114382382694700e-01
7.906104173768168097e-01
7.911687705082606215e-01
7.921173535013471545e-01
7.928659996048221803e-01
7.932206610953135284e-01
7.939997336951281071e-01
7.946769930755482880e-01
7.951414504252756199e-01
7.959789147074617377e-01
7.966652022359048679e-01
7.972521888482499985e-01
7.981473808285974858e-01
7.988428415625121737e-01
7.993119715466925346e-01
8.001486142522974410e-01
8.009138017886441308e-01
8.015012111786847804e-01
8.024835824353878655e-01
8.031823672455153940e-01
8.038266347229381381e-01
8.043992853680782540e-01
8.052768454455118130e-01
8.059105214761541625e-01
8.063667483589442853e-01
8.072930384683190130e-01
8.081622910157141293e-01
8.089753285251578552e-01
8.096296204125451590e-01
8.103892972463698774e-01
8.111348171552015263e-01
8.117071526053295516e-01
8.125475905200829629e-01
8.134180424517458707e-01
8.139363215205536184e-01
8.145263544705484415e-01
8.157744290291257805e-01
8.164881056595699738e-01
8.170308806342752028e-01
8.177623779059723930e-01
8.185013926625629432e-01
8.192272278200186664e-01
8.201632984396133308e-01
8.206801647992827409e-01
8.214299795549355743e-01
8.219995719280313029e-01
8.225825191480926613e-01
8.233455505025883969e-01
8.243154526701301776e-01
8.246120896592097349e-01
8.249223143758693810e-01
8.256250151538720994e-01
8.269752655619621029e-01
8.277526964091311834e-01
8.267566759563842460e-01
8.264870072466072859e-01
8.292485485734347739e-01
8.308855398172804163e-01
8.278356068940248003e-01
8.247680916708820531e-01
8.270667906983149020e-01
