1.801050040768287577e-02
1.759518351235191819e-02
1.704616882828252980e-02
1.566276294372721811e-02
1.578800834565364727e-02
1.394440741682993583e-02
1.854243724226888393e-02
2.187712668754349457e-02
2.193578639118882317e-02
2.535947577497970132e-02
2.993864592527407942e-02
3.830602529442792004e-02
3.889317162471855882e-02
4.625828222273217077e-02
5.413938002865032600e-02
5.835902697517290905e-02
6.278996795106016326e-02
7.597311346811511101e-02
8.611634203363781326e-02
8.858257846956654746e-02
9.789528287105209170e-02
1.052207980488373690e-01
1.136005831203062283e-01
1.214739809025919132e-01
1.322138202161713960e-01
1.377850001743479991e-01
1.431215197157494901e-01
1.555588785675358632e-01
1.652470512408040493e-01
1.713946867174090671e-01
1.786973285272204504e-01
1.871828930117781786e-01
1.967211466275549658e-01
2.033994460210454269e-01
2.106338140983571028e-01
2.204959573038027254e-01
2.248800511191841878e-01
2.351265745612336755e-01
2.422378339866488872e-01
2.485234416471214791e-01
2.577914888514534764e-01
2.670110303760550585e-01
2.746291957085558177e-01
2.817871053003301318e-01
2.882254906048171694e-01
2.970546418919035037e-01
3.029912270023364385e-01
3.095386442836482455e-01
3.174665075714763196e-01
3.253306369385341457e-01
3.326631889301390199e-01
3.401551973226885073e-01
3.445587809409083602e-01
3.537669549101253863e-01
3.618425597513120762e-01
3.658222719125741040e-01
3.735711298725717944e-01
3.797506335036376912e-01
3.872521960099913896e-01
3.925070831401978877e-01
3.985803681051652836e-01
4.047306681843108600e-01
4.113008900485151109e-01
4.172599561873460150e-01
4.230805181041343843e-01
4.304357391317437664e-01
4.362914208247485881e-01
4.419279844628012932e-01
4.476142135546560263e-01
4.534629802295421785e-01
4.587688169249572456e-01
4.657162802673266988e-01
4.711450953686177612e-01
4.746223355169836289e-01
4.805734697792727883e-01
4.861561225283083099e-01
4.922384371081441334e-01
4.969629484392344421e-01
5.023854468798204520e-01
5.076065024164604367e-01
5.128116554381780823e-01
5.168119650285871725e-01
5.222988853120018593e-01
5.284838861674557853e-01
5.328513983951070898e-01
5.369205714049560818e-01
5.422704321010662909e-01
5.462777010056287796e-01
5.508824500116651368e-01
5.559928562580461753e-01
5.594070111857010197e-01
5.658198312379940642e-01
5.694308260444190806e-01
5.733710195391615860e-01
5.768533767981200988e-01
5.826819542167293031e-01
5.866647141686036626e-01
5.903899113603590099e-01
5.949167728719381154e-01
5.983793119166402885e-01
6.026651368026700872e-01
6.066586074202642287e-01
6.108377847111057246e-01
6.162561999566004145e-01
6.188861455658534183e-01
6.218598198184506209e-01
6.256172650502634935e-01
6.295651420604427839e-01
6.334117395439475828e-01
6.377520606149854610e-01
6.409296284648279274e-01
6.431673452385696654e-01
6.476153422336303755e-01
6.507087317575009910e-01
6.546922917875377390e-01
6.581910170542377703e-01
6.616602817500648603e-01
6.643494897534217847e-01
6.680024400103562465e-01
6.720805909735380057e-01
6.743912764417561156e-01
6.779404002031828025e-01
6.806378896859538452e-01
6.836469496960896342e-01
6.874229879594893067e-01
6.906647956899086838e-01
6.934115688544169043e-01
6.963401042447575628e-01
6.991580339489441576e-01
7.023822767184717542e-01
7.050414504816495675e-01
7.088157250064223147e-01
7.105638924370674125e-01
7.136954404927549067e-01
7.169370344805835460e-01
7.197691247875424025e-01
7.228038771698925835e-01
7.251987027938666674e-01
7.288287548557248474e-01
7.303843348918274136e-01
7.335229886054221993e-01
7.355575527738406061e-01
7.378143104304440980e-01
7.408751390254144642e-01
7.435087713680137433e-01
7.458992334558374182e-01
7.487080006818951361e-01
7.510965854523128371e-01
7.536628715466323625e-01
7.560797417465791037e-01
7.582414804833083055e-01
7.596999697510553595e-01
7.630906102571215488e-01
7.655960154324923383e-01
7.676842300520577700e-01
7.700458734595835297e-01
7.718530805641827808e-01
7.734821009178797224e-01
7.762832823800518423e-01
7.789757029475069539e-01
7.812332731195210656e-01
7.828704040656702112e-01
7.849572722328980179e-01
7.874151494398633488e-01
7.884683161416954356e-01
7.911654442955351474e-01
7.936588192703689648e-01
7.954938585727476807e-01
7.980611784462956493e-01
7.994608632859349084e-01
8.014658258044770056e-01
8.029788493911180769e-01
8.053958718480739298e-01
8.070228445379400428e-01
8.092618294425970582e-01
8.113593541972451417e-01
8.128006407119038323e-01
8.150016163310815909e-01
8.169135927984463308e-01
8.186324746874401592e-01
8.206410241354000767e-01
8.220282394870495057e-01
8.248000802697106337e-01
8.257159078089632009e-01
8.273571561895012305e-01
8.289809187093497567e-01
8.315778129954191078e-01
8.329954912254387001e-01
8.347308662035487492e-01
8.358025508449319352e-01
8.383448747323091199e-01
8.395495257246604615e-01
8.411771235723870532e-01
8.434491540426419798e-01
8.449089246122194474e-01
8.458906055274221236e-01
8.474949034555934180e-01
8.491214209407554891e-01
8.510986970508915839e-01
8.525230529766743004e-01
8.537219737651746687e-01
8.556944202496198359e-01
8.570694802934042400e-01
8.588888685103551746e-01
8.604370100125549037e-01
8.615804467315194559e-01
8.622005018304977897e-01
8.651581213421727368e-01
8.661051353062693137e-01
8.676711919690762720e-01
8.695130444510159595e-01
8.697718421965942026e-01
8.722993636223921321e-01
8.735487889033356490e-01
8.749163483910976646e-01
8.761417512831261023e-01
8.770589084828850357e-01
8.790234429412049355e-01
8.802309329083942702e-01
8.820936207131063744e-01
8.829425262686362297e-01
8.844901724512058694e-01
8.851773367325819208e-01
8.869756847741859795e-01
8.884086089912078821e-01
8.896768205018534825e-01
8.903859433475406204e-01
8.929312276275974680e-01
8.936675390626795945e-01
8.945004739170869801e-01
8.963447145165358565e-01
8.973952293531028968e-01
8.988902007857394461e-01
8.996679468415841319e-01
9.012914166615771938e-01
9.021591756170421750e-01
9.033210620514944278e-01
9.043509885727242237e-01
9.056176730679452724e-01
9.072597636830167511e-01
9.080384530574791002e-01
9.097835574721248042e-01
9.105479256529585008e-01
9.112638808604649476e-01
9.122466247337457368e-01
9.139772004685851048e-01
9.148591751760767332e-01
9.169894734903762945e-01
9.179089198523093796e-01
9.176714980117892662e-01
9.176487672319372235e-01
9.212904302660754885e-01
9.252347543666010754e-01
9.227088318029984526e-01
9.203973402822963612e-01
9.241848302018556005e-01
