1.775687041761655691e-02
1.712799934813977187e-02
1.667617040332955089e-02
1.670978624705509244e-02
1.663896713061214019e-02
1.624524691030554760e-02
1.544798285964269977e-02
1.482813959870781483e-02
1.479477879814642197e-02
1.496243466471373212e-02
1.551775007064502832e-02
1.434763401326367462e-02
1.524530290257259529e-02
1.847535979565420594e-02
1.919291598501621232e-02
2.253759878799398153e-02
2.581409221046652991e-02
2.282992009423380486e-02
2.235210251754980032e-02
2.507473558036728278e-02
2.739702109086784507e-02
3.047133806576269449e-02
3.591846053971317621e-02
4.176421341306493090e-02
3.750177732891496474e-02
4.212371797404044355e-02
4.988433378954425929e-02
5.033062480502527997e-02
5.843452705315303752e-02
5.988061009481342872e-02
6.305562298348546535e-02
6.402827682108294671e-02
6.906784079711977831e-02
7.036010171068718400e-02
8.004522682271934808e-02
8.510891233956648094e-02
9.001932270045762130e-02
9.686313103020002813e-02
1.002503115747693796e-01
1.018162135130512014e-01
1.090223699336368285e-01
1.128120107897438440e-01
1.164415184964760486e-01
1.202003001797537218e-01
1.232545756729229725e-01
1.287416886294502627e-01
1.330123421968969211e-01
1.389300095221849274e-01
1.446903659119006258e-01
1.520549826624177092e-01
1.552366196880379245e-01
1.595307215858275951e-01
1.663562317604043994e-01
1.671662107166041744e-01
1.717546051341392321e-01
1.812468132058714376e-01
1.879688175738857825e-01
1.939147767052221139e-01
1.982097857746722147e-01
1.997721597014702477e-01
2.055279428592498847e-01
2.093536158504459010e-01
2.180154398343522038e-01
2.198408975717663083e-01
2.261949167243500758e-01
2.340915337622244963e-01
2.355498812789480478e-01
2.391554761826618636e-01
2.450775238819475343e-01
2.493267544265349023e-01
2.530841309578720222e-01
2.619523451117728441e-01
2.663232205554662557e-01
2.681333446626681938e-01
2.771897501049886414e-01
2.811171917281339305e-01
2.867084698129854781e-01
2.896786161082864908e-01
2.931099220208064904e-01
2.986581301757976203e-01
3.049260818453866095e-01
3.099825075836353805e-01
3.157557710873057921e-01
3.221684868117725142e-01
3.260544471989476056e-01
3.313711037912170365e-01
3.363764195200533713e-01
3.407258471831602908e-01
3.458124259914848175e-01
3.500297735259386145e-01
3.549239256888318539e-01
3.613179302868982923e-01
3.670169967494408825e-01
3.696716431271996339e-01
3.742295911099259298e-01
3.794921731454140024e-01
3.823235433269857042e-01
3.887198075694414112e-01
3.930851973464593585e-01
3.991280100447246459e-01
4.048214136468496482e-01
4.083736952946728782e-01
4.120279237077020262e-01
4.187411039384127953e-01
4.231473485514623545e-01
4.245981503483571284e-01
4.300111049818212683e-01
4.355061673875731398e-01
4.403836414077757500e-01
4.447370099551383182e-01
4.480233767182235094e-01
4.521110799068712716e-01
4.565557316582449787e-01
4.616823694011016888e-01
4.676228580738766016e-01
4.707189871116284063e-01
4.757841548317130465e-01
4.810629873116525346e-01
4.851392752941164344e-01
4.889196201253497298e-01
4.927539051090520927e-01
4.964912393453223549e-01
5.014981786487374693e-01
5.047382786896532636e-01
5.096624057400837016e-01
5.145778479155430629e-01
5.185735329787868331e-01
5.218614387895957885e-01
5.269405494392300771e-01
5.317170776504078766e-01
5.355303411344540798e-01
5.394433265845222092e-01
5.432550325194411833e-01
5.474226043899476091e-01
5.509019004653329388e-01
5.546813604075677695e-01
5.596645429528236404e-01
5.637826861411171508e-01
5.669499867665837023e-01
5.713963214388191325e-01
5.755371055485405396e-01
5.790708493210042773e-01
5.833068333733324451e-01
5.880047576071497639e-01
5.913100668799651238e-01
5.964283318560957836e-01
5.991157315582443799e-01
6.020149441905006116e-01
6.064479700662360750e-01
6.105179158445903642e-01
6.126382389860212108e-01
6.169858306274078608e-01
6.213602733815986046e-01
6.259262325941341576e-01
6.285840340481556598e-01
6.323246664733784828e-01
6.350125139925857365e-01
6.390153362433936834e-01
6.449528723034638755e-01
6.477864274792672905e-01
6.517093767436890062e-01
6.547125014841733703e-01
6.573628244714955215e-01
6.606055562229535827e-01
6.634429180361444134e-01
6.682558105903011469e-01
6.731440965449740910e-01
6.763029737592474167e-01
6.792109580177079220e-01
6.830233522489720377e-01
6.868480209230962696e-01
6.901626192852203800e-01
6.942038028574961661e-01
6.971143446635060803e-01
7.008492105742213374e-01
7.042304146846225521e-01
7.076344017364726291e-01
7.110273820991664939e-01
7.141216140182011785e-01
7.177343015845365493e-01
7.199478476209446587e-01
7.228432260563897316e-01
7.271144533196709503e-01
7.299125352909184850e-01
7.330979301089799449e-01
7.362179049146787557e-01
7.396954256134457006e-01
7.426213546856405001e-01
7.463658532817699642e-01
7.483568083337895915e-01
7.525615755678655150e-01
7.560406421919335651e-01
7.579912049469761381e-01
7.617157433140324674e-01
7.648798742847930932e-01
7.674158078649676584e-01
7.712413083016157467e-01
7.733699720161120172e-01
7.776902930554654425e-01
7.795843658755210459e-01
7.834580385080380793e-01
7.862377067438457434e-01
7.883812386260501404e-01
7.919426430225858793e-01
7.947750862402019889e-01
7.977237300763365679e-01
8.017866947597851457e-01
8.050323813945720053e-01
8.065990473938218219e-01
8.086355987524653788e-01
8.125750620721903239e-01
8.146325752217891125e-01
8.178645298685771614e-01
8.202334717719687029e-01
8.238784373828764718e-01
8.269336650594055760e-01
8.293691674749453790e-01
8.323047132083130073e-01
8.351780257891198156e-01
8.369532278820870363e-01
8.400391225642499515e-01
8.432741709557773913e-01
8.448314273453741974e-01
8.477376330649863956e-01
8.503959251051466106e-01
8.528673097739880582e-01
8.556412838416963540e-01
8.588756450866088521e-01
8.620116752877688970e-01
8.649366770170996421e-01
8.667613718095854569e-01
8.689451665627501153e-01
8.718499928028342616e-01
8.741742913281917993e-01
8.770640889206677837e-01
8.794751331417528517e-01
8.818841737127030012e-01
8.842461057069583852e-01
8.873711431017116125e-01
8.900763644332827518e-01
8.906067892537469222e-01
8.950960547892112817e-01
8.971969279890197324e-01
8.982922400066289947e-01
9.011954832089787981e-01
9.036261825092283262e-01
9.063302816591491951e-01
9.089174103556950657e-01
9.108470469635512323e-01
9.137603192771815985e-01
9.160003479086620271e-01
