9.459400559145850901e-03
1.007334398706030351e-02
1.020273120069993024e-02
9.733030815484126561e-03
9.465751144918585491e-03
8.487674638053317386e-03
1.116244750187898524e-02
1.328976869900880958e-02
1.299202838944834605e-02
1.484962396713616906e-02
1.762845947288645132e-02
2.307423755441333907e-02
2.301546933788451918e-02
2.705363217650608859e-02
3.265782382137675383e-02
3.354253101211282506e-02
3.722250467488197323e-02
4.659183580518251599e-02
5.295873012082188275e-02
5.359349854437144012e-02
6.044165312086691860e-02
6.460160403941596352e-02
6.931378890172593121e-02
7.487448290603883339e-02
8.274057069197159053e-02
8.724311910471346798e-02
9.078659370096511805e-02
9.900548013366181066e-02
1.073166582759892407e-01
1.096445333077848139e-01
1.144914587328420968e-01
1.216420575442311164e-01
1.286745622234135578e-01
1.313433586244711904e-01
1.382218638376223330e-01
1.466747286210567658e-01
1.489578107244857730e-01
1.569862085894578874e-01
1.628800549498738703e-01
1.680424828596799591e-01
1.749958286271977026e-01
1.845394722283443256e-01
1.863657194678887685e-01
1.932382919617867401e-01
1.982690523603603261e-01
2.060180381786371473e-01
2.104244058561782760e-01
2.184287530760497809e-01
2.248696647920893077e-01
2.297338545693794476e-01
2.359179905569513402e-01
2.420701633013775389e-01
2.444248584024303339e-01
2.510953005837676111e-01
2.568594521558551502e-01
2.622450757888302175e-01
2.692470165544283978e-01
2.728686578703294341e-01
2.818661926198731127e-01
2.855747135999302522e-01
2.909699459486465023e-01
2.953766761608188074e-01
3.042913463827993104e-01
3.074460264646904917e-01
3.147042462549684561e-01
3.186675191258590001e-01
3.239255791072438995e-01
3.303521927680034831e-01
3.358087268432646266e-01
3.402562674644362684e-01
3.459862290719356581e-01
3.525787631562179447e-01
3.570613703435276398e-01
3.627414293874236528e-01
3.675995627564189738e-01
3.726845135374122209e-01
3.766388709389548173e-01
3.832445930878755069e-01
3.870920603596775256e-01
3.934234102373836417e-01
3.983108087136071340e-01
4.033863178973164376e-01
4.089313037967735043e-01
4.130537837719522321e-01
4.173671480300144565e-01
4.249660639257556993e-01
4.287627195245668488e-01
4.330802259165205670e-01
4.379559764235764208e-01
4.422333664002567888e-01
4.469119964236161757e-01
4.517542782295456694e-01
4.565748837552382478e-01
4.613460862623274816e-01
4.654199917152074262e-01
4.694309766541626128e-01
4.756443556080180990e-01
4.798424156927411643e-01
4.842387016992311111e-01
4.893017276060648846e-01
4.921958751872934634e-01
4.974377497880705379e-01
5.012500690106940215e-01
5.058751316519924934e-01
5.101578093150120896e-01
5.144755411990232785e-01
5.191141052525741761e-01
5.233845271017087963e-01
5.273444307503659667e-01
5.319199576308775157e-01
5.364109060555779518e-01
5.400140495854289791e-01
5.444362722464289872e-01
5.489076412388370629e-01
5.527457248196729900e-01
5.562511170660472404e-01
5.612947384347115598e-01
5.646774538455128223e-01
5.681383987928593227e-01
5.726909897825851470e-01
5.762391542837663749e-01
5.801507565440219283e-01
5.849577624396564701e-01
5.881078369676384643e-01
5.919014146941244947e-01
5.954490865421644408e-01
5.990143668716159109e-01
6.029909417596237553e-01
6.061871576828674613e-01
6.110245425719065260e-01
6.135443707965242410e-01
6.177178300835211022e-01
6.212990233292416953e-01
6.248449694832971524e-01
6.286782873192702237e-01
6.320129138425109039e-01
6.356644343790813778e-01
6.386459963276407414e-01
6.431630048440950542e-01
6.455066381855918412e-01
6.498083779489765011e-01
6.520103491514059879e-01
6.557603505697677804e-01
6.594427450161228776e-01
6.627409359949583134e-01
6.664131264174198988e-01
6.701305196368632089e-01
6.716071667767431475e-01
6.760073109864882523e-01
6.792606087111624502e-01
6.826416718819379170e-01
6.857344688887802020e-01
6.885069802454134580e-01
6.920188382259648829e-01
6.948290915550796587e-01
6.975559180366990297e-01
7.013078885334783630e-01
7.044135352225402436e-01
7.081734580888945363e-01
7.104686046571844216e-01
7.134925525766919741e-01
7.167709055500054438e-01
7.202244485291608989e-01
7.227911746158640627e-01
7.252029786534919253e-01
7.281942729559696126e-01
7.307382927134168371e-01
7.336187436436135689e-01
7.368165488358709991e-01
7.397956343582786642e-01
7.425873915748474330e-01
7.452692765073400949e-01
7.481903894070235372e-01
7.512325501174627052e-01
7.540766354476352573e-01
7.568684838312814689e-01
7.598424515397390611e-01
7.612432207225380276e-01
7.641959299635242564e-01
7.670782649538573361e-01
7.700127746602900558e-01
7.724119552695879465e-01
7.754600301887971670e-01
7.771452870291005732e-01
7.799667078464396219e-01
7.828831662087961663e-01
7.853390641355640911e-01
7.882773217014539258e-01
7.905912882463368430e-01
7.926053936401996625e-01
7.956090996206570676e-01
7.984627621788256135e-01
8.006567239690902671e-01
8.030884574662465747e-01
8.050568360979291072e-01
8.074216416512547401e-01
8.102945571970359140e-01
8.124237774217497599e-01
8.149782031948369365e-01
8.170845082209026167e-01
8.197015345998373004e-01
8.220925399618544960e-01
8.241382046181585652e-01
8.264996680406292429e-01
8.289954926160686410e-01
8.312001563528739201e-01
8.337144716047996118e-01
8.354303508063423145e-01
8.383496616075194474e-01
8.403102181782264868e-01
8.424241608182903018e-01
8.449570097594343299e-01
8.467346268427676792e-01
8.487273550526122090e-01
8.509730202934422394e-01
8.534206243806938819e-01
8.560783004382619410e-01
8.572328888004507874e-01
8.600497652962960649e-01
8.617986035934260824e-01
8.632030618850257131e-01
8.659302085643544311e-01
8.680717246501679085e-01
8.696061794895832975e-01
8.719141058302893876e-01
8.738365586942985486e-01
8.754734739624902007e-01
8.782175590558638500e-01
8.798934923736265734e-01
8.822177664391814833e-01
8.838570239063530121e-01
8.860383414310281092e-01
8.879717911824823728e-01
8.890282296662919137e-01
8.918148733066374456e-01
8.932358104159378032e-01
8.953453723259710006e-01
8.972496487992884795e-01
8.993071639456373667e-01
9.009134323520825438e-01
9.024203371107067939e-01
9.044606009857782958e-01
9.063225651875593814e-01
9.072456924869530814e-01
9.095416510058343951e-01
9.117812771009740080e-01
9.131044065159634737e-01
9.162831192508152922e-01
9.181160368499641233e-01
9.184741009755202912e-01
9.186768921104608854e-01
9.234266322208468658e-01
9.281209788592699184e-01
9.259117065275900282e-01
9.230522722990517348e-01
9.281350474995052613e-01
