1.122192534887193720e-02
1.162114999314177791e-02
1.161316412344671166e-02
1.097654704819349056e-02
1.078987759606490904e-02
9.671004196395027383e-03
1.268467323078177958e-02
1.504059909602766670e-02
1.476801092565268106e-02
1.694455934479568299e-02
2.008816392886597288e-02
2.616549570032162056e-02
2.616308426948629751e-02
3.082921544960382995e-02
3.698973052833393060e-02
3.836574768042676220e-02
4.224517486638277447e-02
5.257853615615579179e-02
5.978589047216255337e-02
6.064618639578409076e-02
6.811930364071396016e-02
7.298294116360087846e-02
7.823269760366416414e-02
8.434214224019187522e-02
9.293131433147362730e-02
9.772841022944682432e-02
1.015033448603432503e-01
1.110681882347622634e-01
1.195503493209349177e-01
1.227390594351461250e-01
1.279055269585635535e-01
1.353804673008156545e-01
1.437025381338819519e-01
1.464757646346933062e-01
1.536493292084578632e-01
1.623261301473766238e-01
1.652153127406802702e-01
1.739953233998056403e-01
1.800047061657869263e-01
1.852609301800896835e-01
1.930150435225539141e-01
2.023955450659716548e-01
2.060287881810345667e-01
2.127684769490349737e-01
2.183485310762214027e-01
2.265274977046233262e-01
2.309880332818431414e-01
2.392301662940801155e-01
2.461170384056496074e-01
2.517381895885912879e-01
2.579615253506762906e-01
2.647855133300852648e-01
2.674664350318589623e-01
2.749896833588462153e-01
2.807433368476426327e-01
2.863974205821307462e-01
2.928515180344315461e-01
2.981098552652921563e-01
3.065758271355304432e-01
3.107997923084768743e-01
3.163221040255667638e-01
3.210672363445638555e-01
3.299015694301592472e-01
3.332275859490063663e-01
3.408476265234992031e-01
3.453307015078176945e-01
3.509915411490930337e-01
3.568872479885855098e-01
3.627751462841850572e-01
3.676540729671537444e-01
3.729273314053053734e-01
3.796254095978783827e-01
3.849414494362140005e-01
3.901882692502986472e-01
3.957370060764097142e-01
3.998003077845646569e-01
4.049788541807252118e-01
4.111722659549604253e-01
4.146945748779502505e-01
4.217976857010856673e-01
4.264802462993003696e-01
4.316264718861701488e-01
4.373171667591782552e-01
4.418345952770821317e-01
4.466203691050295577e-01
4.535589780431568685e-01
4.577703503923641892e-01
4.623054712772155517e-01
4.668307694334944968e-01
4.718713414573083020e-01
4.759516652281607918e-01
4.810506682552634361e-01
4.854811481915721760e-01
4.901734761088434311e-01
4.948628535396228934e-01
4.993002954519142889e-01
5.043719716134485997e-01
5.093251905626398068e-01
5.129073607771290622e-01
5.182225041972460255e-01
5.219114794089155795e-01
5.267537969178039958e-01
5.307342877013289106e-01
5.349146308326221400e-01
5.391659505043419065e-01
5.431781104242834335e-01
5.482672965533486042e-01
5.524872093413693008e-01
5.565599848553857143e-01
5.606726213454860108e-01
5.645768110388046379e-01
5.685249452111285073e-01
5.727635779384057102e-01
5.769886511930517603e-01
5.817776034858507250e-01
5.841892819916429946e-01
5.890095112775853847e-01
5.924814199875748644e-01
5.967175198742699083e-01
6.012857237612101446e-01
6.040036547071653272e-01
6.082201219609646436e-01
6.119101883954648491e-01
6.161525714784407137e-01
6.197703203571919284e-01
6.227359205906384254e-01
6.266553136086139286e-01
6.309094822866447849e-01
6.341324224335845861e-01
6.374613715574757311e-01
6.410499108871361429e-01
6.454222416695253317e-01
6.474778937762869502e-01
6.521290763067529861e-01
6.553140119889374615e-01
6.591656079010915770e-01
6.616307026280376924e-01
6.653183279004379891e-01
6.693072144396922107e-01
6.721657553383066919e-01
6.755398859869308215e-01
6.786261271162011832e-01
6.820366212359911806e-01
6.854027402611129194e-01
6.884689823327029279e-01
6.918218221454753847e-01
6.951135303953699385e-01
6.973857633387962052e-01
7.012665436092998528e-01
7.028536368666471468e-01
7.069515472512645227e-01
7.104573263199960298e-01
7.129360471986844194e-01
7.152816176211547194e-01
7.184041964353872212e-01
7.221683548324387969e-01
7.245000003182083814e-01
7.278097732152245536e-01
7.308201623261173507e-01
7.336250208602953515e-01
7.364312514980870805e-01
7.390497547502208331e-01
7.422341720460616799e-01
7.449578954792595020e-01
7.473157012369041619e-01
7.507286638708066118e-01
7.528005039329874748e-01
7.559904570941969881e-01
7.578854207894595296e-01
7.611440487915177577e-01
7.628523866319839586e-01
7.657284791635459165e-01
7.685284793872861897e-01
7.717567196609017577e-01
7.735517189182878894e-01
7.769119798660258924e-01
7.788066941331815984e-01
7.814111165935229142e-01
7.838464068041257615e-01
7.857834487936827816e-01
7.876843418916625872e-01
7.910761240574963882e-01
7.937265584938648644e-01
7.952814769378001580e-01
7.983923324119444054e-01
8.006924724748342159e-01
8.029394651710045627e-01
8.041226236308938180e-01
8.073467953900536065e-01
8.096112653048098684e-01
8.118773462439411448e-01
8.140294396995766402e-01
8.160093577683555921e-01
8.187261124807657664e-01
8.204961257198232216e-01
8.226467945357659461e-01
8.253924055931541881e-01
8.272959622153085446e-01
8.292337733860034588e-01
8.314083993242757931e-01
8.335471977765966933e-01
8.359171661417974519e-01
8.376454669412352061e-01
8.384751633899147905e-01
8.424880870049230586e-01
8.445128607838353618e-01
8.460448551162265129e-01
8.477621848466603272e-01
8.505685051037760180e-01
8.517354141016812985e-01
8.544937622767925234e-01
8.552442999581196803e-01
8.576050010950511115e-01
8.594862192200892759e-01
8.618805378327855093e-01
8.635861717114181602e-01
8.649113864254157624e-01
8.677639681471311928e-01
8.690457231712015451e-01
8.706644310051773195e-01
8.733192254143711253e-01
8.741873148301556595e-01
8.762740576461014452e-01
8.785002539597259741e-01
8.806021325578374803e-01
8.818282383505474664e-01
8.846151487670812497e-01
8.856482063844046682e-01
8.872068393901322292e-01
8.892656289508424905e-01
8.909883341373137089e-01
8.922246039814649698e-01
8.941757199739501782e-01
8.956466224746530980e-01
8.978128584764420994e-01
8.991281094051437606e-01
9.015949167181971369e-01
9.020309926121822253e-01
9.046041075374080531e-01
9.059263253725140519e-01
9.080942661982479569e-01
9.094506194087536022e-01
9.103672137310477863e-01
9.124253102491149958e-01
9.133608662931185229e-01
9.156477288959176120e-01
9.169029698589591382e-01
9.190013251048987364e-01
9.209431645242247555e-01
9.205887828438372722e-01
9.205773796864459291e-01
9.252972765023611545e-01
9.292708645807427059e-01
9.278401682627042124e-01
9.249640617189588410e-01
9.300261880152556060e-01
