1.462324909636868175e-02
1.410644977039878650e-02
1.374120526642519380e-02
1.403984595232753672e-02
1.432495826523807504e-02
1.413356824851056889e-02
1.357780147563964618e-02
1.310381816335860414e-02
1.297810686773838602e-02
1.307245872025334169e-02
1.346319793130409427e-02
1.250990011466118074e-02
1.331666168870345932e-02
1.609896369282841702e-02
1.679943515513789704e-02
1.971685107535897305e-02
2.254272694588890791e-02
1.987113886676290450e-02
1.943649617875086930e-02
2.177210267472600574e-02
2.365805453962516874e-02
2.645538140337717198e-02
3.102939884079244579e-02
3.650239591988693050e-02
3.254440538915896047e-02
3.663322527367712800e-02
4.370955482374117018e-02
4.362128458228085176e-02
5.091348645970623921e-02
5.245424761419076320e-02
5.500354213789285240e-02
5.516353507761190267e-02
5.972702708415218026e-02
6.132236822989423769e-02
7.064292421151788237e-02
7.494122309507654511e-02
7.884879098597742664e-02
8.535541557460066264e-02
8.861667912812480619e-02
8.956935181263897539e-02
9.632467292953235394e-02
9.958555342836540591e-02
1.026947386508851590e-01
1.058795599240913710e-01
1.082462852426579608e-01
1.130891308020491870e-01
1.167824324961381638e-01
1.225050057011451560e-01
1.285482482736073628e-01
1.348423005281897680e-01
1.374203989911883250e-01
1.420454901474306197e-01
1.486408043823560232e-01
1.492285923670740588e-01
1.526896454778088885e-01
1.615870500176089797e-01
1.680662562183186381e-01
1.741206795100867788e-01
1.777961319555771136e-01
1.784540290356346481e-01
1.837361937558099345e-01
1.872833208845008368e-01
1.947368624072675913e-01
1.979092835162758746e-01
2.022543887945806029e-01
2.105409850472703681e-01
2.126498387334214146e-01
2.143502368437336658e-01
2.200748974764189514e-01
2.246446422169004753e-01
2.288228908357420599e-01
2.374245392363119322e-01
2.408593812757217067e-01
2.427840214673556152e-01
2.514621595759363726e-01
2.548563754548335281e-01
2.602530209157347119e-01
2.634177703882258914e-01
2.657776347977323650e-01
2.720853444380912367e-01
2.783457344371724762e-01
2.833870976860826674e-01
2.892932356364589230e-01
2.957776024418191652e-01
2.981994506004094214e-01
3.020745786594393745e-01
3.076280045193899304e-01
3.123476657198053230e-01
3.178573358690208739e-01
3.209122508716149014e-01
3.250355707683812989e-01
3.317425642319746237e-01
3.369276897483430844e-01
3.397083013678066088e-01
3.441262525501312397e-01
3.503391389809256129e-01
3.530536270624907158e-01
3.598373432807108196e-01
3.629179460774148436e-01
3.686083377979559872e-01
3.725593204407093295e-01
3.781253352099342435e-01
3.809595369845236723e-01
3.882567174590993431e-01
3.916122086985591721e-01
3.924363165619750848e-01
3.996924068466313207e-01
4.030750481051872947e-01
4.083713490533291690e-01
4.118979020782741474e-01
4.162828068023839978e-01
4.202261047443351383e-01
4.243685554003582827e-01
4.300031280227953889e-01
4.358566000379577865e-01
4.378669205786729912e-01
4.427601963528756679e-01
4.493524312074586025e-01
4.536561867771251588e-01
4.564894542811466227e-01
4.605126716339034698e-01
4.639788184416216432e-01
4.679160180185266693e-01
4.714252466609158976e-01
4.775333650329289803e-01
4.830685085580329607e-01
4.865963785957708176e-01
4.893634744561131122e-01
4.944092659360355690e-01
4.994568743098178332e-01
5.023139344270595164e-01
5.065445802839169120e-01
5.114265958655590527e-01
5.146751149465743636e-01
5.176613794171672778e-01
5.228068011906007451e-01
5.285574569281402679e-01
5.319556500015099054e-01
5.354617959924649062e-01
5.390839324694788326e-01
5.437561455315301773e-01
5.472282536715595835e-01
5.515294338405177799e-01
5.564578939954156755e-01
5.600789334127219687e-01
5.646717975852417748e-01
5.674986782278991226e-01
5.713630281772948960e-01
5.762464368029170947e-01
5.802489354355099271e-01
5.820409872854860334e-01
5.860314811898583720e-01
5.902862435885736225e-01
5.942567754474138431e-01
5.982843595789482105e-01
6.024237721874963203e-01
6.043840076414165319e-01
6.087855449905932304e-01
6.156438994697075451e-01
6.181332874747281769e-01
6.224740460346827042e-01
6.254150125071784583e-01
6.286168180054180210e-01
6.320310300790423774e-01
6.357280976135626371e-01
6.409340087351074189e-01
6.446417410607055976e-01
6.477865729176522924e-01
6.502004113728684365e-01
6.545515435278206340e-01
6.591699673675199822e-01
6.636869993445526639e-01
6.672405335538630355e-01
6.706655112278562259e-01
6.737620196621572077e-01
6.772622085188930718e-01
6.806489488176147296e-01
6.835248090008413380e-01
6.866323738405059052e-01
6.902048134618395947e-01
6.923267458819953868e-01
6.960062792740963067e-01
7.014634764053871985e-01
7.045651544075118844e-01
7.072809386839787882e-01
7.107077982716302200e-01
7.147308401374218301e-01
7.179528935201046069e-01
7.219984529053590228e-01
7.237661322270447783e-01
7.284039125230620249e-01
7.308499602458339295e-01
7.346662812632083206e-01
7.386840277266394361e-01
7.410399570824541815e-01
7.450880706878403315e-01
7.476015803096435208e-01
7.511506321493057747e-01
7.552262833928204966e-01
7.581103632635162182e-01
7.613626247500147048e-01
7.633176452987747718e-01
7.668078452039760462e-01
7.703997525936631119e-01
7.730234475917808767e-01
7.764076503757586512e-01
7.810807531527594882e-01
7.832118784297118497e-01
7.859742543983709862e-01
7.893628109554056138e-01
7.924024697207556756e-01
7.944591830489656781e-01
7.977751861480996132e-01
8.019003638740913598e-01
8.040144914077833604e-01
8.072362551766122385e-01
8.106716823436747044e-01
8.136225834933894507e-01
8.164859320946465937e-01
8.195990882774500941e-01
8.229505078859739031e-01
8.258135787033813457e-01
8.280633787234087384e-01
8.310118933419634590e-01
8.358070979685162660e-01
8.368759727122285774e-01
8.411056245284583843e-01
8.433874193116883689e-01
8.467932185291309199e-01
8.494422550471347755e-01
8.510894537094360057e-01
8.543870608663434174e-01
8.569577440879621033e-01
8.610681649935412185e-01
8.636965579840608642e-01
8.645270760727986614e-01
8.676569293478337830e-01
8.714992742944136506e-01
8.745589893787280023e-01
8.778057272363587460e-01
8.794734000313512157e-01
8.820266613003882039e-01
8.849181034856100636e-01
8.881610739414450562e-01
8.907671260069527364e-01
8.931804392998075048e-01
8.964116975662236309e-01
8.984914789262470336e-01
9.010966399793239878e-01
9.039846086803489111e-01
9.061340686070177286e-01
