9.664031302538831358e-01
9.664570637666806130e-01
9.664723946829019141e-01
9.667280205184450859e-01
9.670466381385144361e-01
9.671785729574386981e-01
9.672528678955165660e-01
9.672565729331447093e-01
9.671444496852792394e-01
9.670691515912155367e-01
9.669824799309044705e-01
9.669356381037499393e-01
9.669875822158421341e-01
9.671039541937376249e-01
9.671872957887852618e-01
9.672947444690954688e-01
9.673559789164738465e-01
9.672690849120173517e-01
9.671601280472522655e-01
9.671162101914078102e-01
9.670638114846135114e-01
9.670868235281889769e-01
9.671785747249164178e-01
9.673437304910532664e-01
9.673156362963752919e-01
9.674460683578604003e-01
9.675985653541726572e-01
9.675263939740439412e-01
9.676243367852989108e-01
9.675871903065400570e-01
9.675561955195856045e-01
9.674700689684786470e-01
9.675484366660984659e-01
9.676337782195125747e-01
9.678766747744442789e-01
9.679706289168479305e-01
9.680487672616405748e-01
9.681893872804093748e-01
9.682383533056634350e-01
9.681444481788819001e-01
9.682451064761805615e-01
9.682369570427628025e-01
9.682390179081682424e-01
9.682611520877359990e-01
9.682907903410571393e-01
9.684661460278992662e-01
9.685758517449138960e-01
9.686740606929959974e-01
9.687925107559292037e-01
9.688508184109718702e-01
9.688306726887900844e-01
9.689551254571333594e-01
9.690551879906464938e-01
9.690297727710242004e-01
9.690221500715894276e-01
9.691010204250528615e-01
9.692835689614370809e-01
9.696173696750282067e-01
9.695812936514326408e-01
9.693761915973194698e-01
9.695933543399297694e-01
9.695277701620238497e-01
9.696807125281630135e-01
9.697441229902945548e-01
9.698085352627137112e-01
9.696567323010155670e-01
9.700814441157652457e-01
9.700382703257861561e-01
9.701746069985597298e-01
9.701140993546958358e-01
9.703132700744220296e-01
9.705306298976161816e-01
9.704577082281562461e-01
9.705081765496713642e-01
9.706684422029496773e-01
9.705750057561847166e-01
9.706805783623196904e-01
9.706757884202964481e-01
9.708031007101997067e-01
9.711801578850632888e-01
9.712959056063635854e-01
9.710589314829638496e-01
9.712168941760495056e-01
9.714302716762087675e-01
9.712209698928784274e-01
9.711814233487513492e-01
9.712754766057178912e-01
9.713065269416393255e-01
9.714321174862639019e-01
9.712428750519085385e-01
9.713703236576085587e-01
9.718082846018831766e-01
9.718171328830595979e-01
9.718036769831843724e-01
9.719354520689847954e-01
9.721896739981500390e-01
9.717423213598870291e-01
9.721867105896415673e-01
9.722180862147054015e-01
9.721814771367139896e-01
9.724413795542247163e-01
9.723113096602296057e-01
9.722344801088328436e-01
9.723060176848179470e-01
9.722342538685845303e-01
9.726352742099018123e-01
9.725953180412097998e-01
9.725312100198939547e-01
9.728690340551297000e-01
9.727313491220074271e-01
9.726617068252920717e-01
9.724190224687929707e-01
9.723335224698921309e-01
9.725074021344926045e-01
9.730580273181377304e-01
9.729524619043035116e-01
9.727833756106943897e-01
9.728692544640040740e-01
9.726964729295807244e-01
9.727484720723421630e-01
9.731937233703278345e-01
9.732272790683130781e-01
9.729908881857169956e-01
9.730761956564909498e-01
9.732740378676709714e-01
9.734025363424482213e-01
9.734083976677423422e-01
9.733294781410941621e-01
9.733079949806239251e-01
9.731318583782427867e-01
9.732637399047610050e-01
9.735605594911667104e-01
9.733358116826803519e-01
9.732354959281451778e-01
9.732815141538482262e-01
9.732326212884232497e-01
9.733015767917462258e-01
9.736939767374167554e-01
9.736086596910665802e-01
9.738645735304448658e-01
9.736952259842898139e-01
9.736431518691200937e-01
9.735318725045225552e-01
9.737037356403610566e-01
9.737270480474521372e-01
9.735940393561359762e-01
9.736381662062504327e-01
9.736833399169841918e-01
9.735287834432159171e-01
9.733979867473714354e-01
9.735944170699184497e-01
9.731559000514663493e-01
9.737946781225567117e-01
9.732566888073447275e-01
9.733257296717282570e-01
9.736064653329908891e-01
9.733974618231375775e-01
9.733950634327659390e-01
9.729209412929674672e-01
9.730468192266619187e-01
9.734415463186308903e-01
9.735007488125301256e-01
9.734970934888473870e-01
9.731868983125118167e-01
9.731203919438581318e-01
9.731666494791605393e-01
9.730588742881921549e-01
9.728186151881726973e-01
9.727161379757026660e-01
9.727702614831347239e-01
9.727712154407118783e-01
9.729109374346009975e-01
9.728628392365393784e-01
9.727994578180728658e-01
9.726685421701936063e-01
9.725177434901440821e-01
9.726221971348443240e-01
9.723511817169133709e-01
9.724225179927933338e-01
9.723989450873409268e-01
9.720194717048206146e-01
9.721270486287342250e-01
9.721357601977039797e-01
9.719669256040662786e-01
9.719182030647778303e-01
9.717411293773983161e-01
9.712799785355673565e-01
9.716001410575274555e-01
9.714812400337986542e-01
9.712795371595923655e-01
9.712300290955677706e-01
9.712536605823614000e-01
9.709069472987919003e-01
9.707734947098398681e-01
9.707770787192921969e-01
9.702941115162622143e-01
9.703425816471675791e-01
9.706385948377018735e-01
9.701695140088035796e-01
9.698972582104126161e-01
9.698617323278186930e-01
9.699070267803938661e-01
9.697343038754471234e-01
9.693052456067320355e-01
9.691171267435640946e-01
9.688354496248724468e-01
9.686845720378016722e-01
9.685810851590527237e-01
9.681394501432305510e-01
9.678772426887699565e-01
9.678420595664463111e-01
9.678450656861925516e-01
9.675929366996887104e-01
9.671100745931840992e-01
9.671754778094314720e-01
9.669717037417582262e-01
9.667201551878297217e-01
9.663936142614083513e-01
9.660264813285154295e-01
9.659276334334776504e-01
9.652360105693005288e-01
9.650781620120146842e-01
9.649635626020375279e-01
9.645359316248253156e-01
9.641215316258185952e-01
9.639669392658725133e-01
9.633640659556630403e-01
9.630439099290193372e-01
9.627103202871611920e-01
9.622235469659403684e-01
9.621951204818252057e-01
9.613972450005046078e-01
9.611366834680223903e-01
9.606732473130590311e-01
9.598454975935395428e-01
9.595173790013806769e-01
9.584880353010416520e-01
9.582314432836844809e-01
9.577407594720902528e-01
9.569030574692010127e-01
9.560502850108610895e-01
9.555778520342661508e-01
9.544475308683503245e-01
9.541733341483394915e-01
9.526860849983695978e-01
9.518835412333843671e-01
9.507450682352265314e-01
9.493450553262999803e-01
9.476911286513793886e-01
9.467813498945895079e-01
9.428489900260230705e-01
