1.835314713157924771e-02
1.789099042298958331e-02
1.731271121694650042e-02
1.588970191507402957e-02
1.603457600965117053e-02
1.413611253207226401e-02
1.882726082423182012e-02
2.222789841067136091e-02
2.232266535820786810e-02
2.581456915503323873e-02
3.046971008268037004e-02
3.894891702695536112e-02
3.958450364167178520e-02
4.710542546404702241e-02
5.506129559743355023e-02
5.947198142707818547e-02
6.393516256840152401e-02
7.722150516230405493e-02
8.749813208047262092e-02
9.007835536104141783e-02
9.947113873173524246e-02
1.069074444166560750e-01
1.154945623128867949e-01
1.234560578320985369e-01
1.342750943890667625e-01
1.398760051423236506e-01
1.453473903066596351e-01
1.578242150373374841e-01
1.675649999551187264e-01
1.738899128049066489e-01
1.813449376284621273e-01
1.899173716285749436e-01
1.993299817416270825e-01
2.063403958428120522e-01
2.135408753750494548e-01
2.234981514093730137e-01
2.279484895492287777e-01
2.382341211250585955e-01
2.454068560696514023e-01
2.517382525953880679e-01
2.610784774174177980e-01
2.702966187822213873e-01
2.780700361673171805e-01
2.852661660966575030e-01
2.916776777000000820e-01
3.005865422264197839e-01
3.065866577878226806e-01
3.130948360941043784e-01
3.210306159489800248e-01
3.289341427299417586e-01
3.363690561184669026e-01
3.437645283305730270e-01
3.482955620786182815e-01
3.574204825058726054e-01
3.655934165978819705e-01
3.696734797778703507e-01
3.774272303267451889e-01
3.835806125090527874e-01
3.911380054745143275e-01
3.964392696553939999e-01
4.025184397294298000e-01
4.087816927700032021e-01
4.152537240763869431e-01
4.212860216709692907e-01
4.269595239903008488e-01
4.342415573720806998e-01
4.401954955152967974e-01
4.458629232294981093e-01
4.514683045317798848e-01
4.572131539348840978e-01
4.626588497362446040e-01
4.696674523233309029e-01
4.750652240154170647e-01
4.785137636007851802e-01
4.845817228633074181e-01
4.900449341673684400e-01
4.959756682923762705e-01
5.008807517939368736e-01
5.062608658509430981e-01
5.113721673640398979e-01
5.166607716549943552e-01
5.207190104642555051e-01
5.260718781245661280e-01
5.323341300556880817e-01
5.367571113162803442e-01
5.408448125941234252e-01
5.460175277503587221e-01
5.501181307778409968e-01
5.546707086035445045e-01
5.597196519047057395e-01
5.631304775064491785e-01
5.695838642353499015e-01
5.732079072624550742e-01
5.771148514552305597e-01
5.806192658197611989e-01
5.862915484311442826e-01
5.902765191073743312e-01
5.941122246894081638e-01
5.986161508133714948e-01
6.019629861790376513e-01
6.061879655003492573e-01
6.102738933623580442e-01
6.143830946629176282e-01
6.195531038674023661e-01
6.225800422430057823e-01
6.254031530449151166e-01
6.290356324425517842e-01
6.328794881230802583e-01
6.367095703341556501e-01
6.410977224589723411e-01
6.442721057577791566e-01
6.464674618345896961e-01
6.508237615816634403e-01
6.539305287464763916e-01
6.576920344203820434e-01
6.613034206065750986e-01
6.646375295053751353e-01
6.673228746431779657e-01
6.709676440494467542e-01
6.749017594741125725e-01
6.772343505786279083e-01
6.808216716811326119e-01
6.833123710616278990e-01
6.865561600266224529e-01
6.901740187861301612e-01
6.934131327151953350e-01
6.961272160856570856e-01
6.990051249972918379e-01
7.018204016556264246e-01
7.048404255284803632e-01
7.076207382135462076e-01
7.112239641362257947e-01
7.129960641736137195e-01
7.161228213560483224e-01
7.193423687399719268e-01
7.220440398829616191e-01
7.250769282200298926e-01
7.274602940877318291e-01
7.309282677490247515e-01
7.326870287102145163e-01
7.356626016046549088e-01
7.376020375196772338e-01
7.401338042340570578e-01
7.431613213973250476e-01
7.457903232882344691e-01
7.480296119365134055e-01
7.507514060220934482e-01
7.530595319559718614e-01
7.556164316943926318e-01
7.578996375679575292e-01
7.603528561057012469e-01
7.616057100201070185e-01
7.648964041575082584e-01
7.673703360015405872e-01
7.694401654316752603e-01
7.714635001280920612e-01
7.736763634749089791e-01
7.753235229901656034e-01
7.780036478927669918e-01
7.806969593282960806e-01
7.828524710191469005e-01
7.843146176623768673e-01
7.864237101002775621e-01
7.887255893070489465e-01
7.901062167850750884e-01
7.926591992277870480e-01
7.951050175617575544e-01
7.967437569077858717e-01
7.995596731790322043e-01
8.008667778224558553e-01
8.027852456556220373e-01
8.043110258213636010e-01
8.065389352574097170e-01
8.080352215428660001e-01
8.105291132408625199e-01
8.121834427420955294e-01
8.139689489565475888e-01
8.158655811681500003e-01
8.180730500044163245e-01
8.196386366472657725e-01
8.217004087689545599e-01
8.230578273233877251e-01
8.256776848435830596e-01
8.267726813899131111e-01
8.281655279629653865e-01
8.299075588728618280e-01
8.324325856734104967e-01
8.338728082097246475e-01
8.355438371724051017e-01
8.364597829673009466e-01
8.392663463218938968e-01
8.406201990955192160e-01
8.418287002586116730e-01
8.440634936655656562e-01
8.457611663216934028e-01
8.465708796791041602e-01
8.480254458936529183e-01
8.496875218034289912e-01
8.517870437232502034e-01
8.530365911233520615e-01
8.545845172829764635e-01
8.559812628398688616e-01
8.577801479793910611e-01
8.593257511217767819e-01
8.607947687274295490e-01
8.621340229508881459e-01
8.626706065789367939e-01
8.656896859557398072e-01
8.666302223773155733e-01
8.680356782266952509e-01
8.698838973599837265e-01
8.703738089547610191e-01
8.725237587913163839e-01
8.739100752141760742e-01
8.751237558276635520e-01
8.763884936938363124e-01
8.773349782619537240e-01
8.792711548993696891e-01
8.803150546960378797e-01
8.823478088954249676e-01
8.831388521214139642e-01
8.848226378401959913e-01
8.855032535089746304e-01
8.868379679911940761e-01
8.884679544719631394e-01
8.898070553277530603e-01
8.902244349096093412e-01
8.927944406722029269e-01
8.936804454628289873e-01
8.946995670026689496e-01
8.963987874920524845e-01
8.974299579015765360e-01
8.988888107076801193e-01
8.996619628693665049e-01
9.013028723807926523e-01
9.022626702442925195e-01
9.031713523510893626e-01
9.042418069987471219e-01
9.055613189861638768e-01
9.073136708945017670e-01
9.080399906868841242e-01
9.098588371837890154e-01
9.104189937884074046e-01
9.112144009592983984e-01
9.120917061941061776e-01
9.138880245535340174e-01
9.147777972479694819e-01
9.168416753774148997e-01
9.178100315770236772e-01
9.176279220687351135e-01
9.174214333827866996e-01
9.210594864787069458e-01
9.248874169598425565e-01
9.227948841499522548e-01
9.204864059154418410e-01
9.240626342217109768e-01
