1.276704416086709391e-02
1.298330686007476663e-02
1.285670785034485897e-02
1.206398080618833850e-02
1.194500223681644463e-02
1.068005080189965948e-02
1.402139546095702849e-02
1.659086621952493221e-02
1.635858221845903557e-02
1.881213704041224954e-02
2.228495195043500576e-02
2.891275744642793355e-02
2.898721773148049338e-02
3.424006564543495557e-02
4.085282882176888286e-02
4.275184061404489061e-02
4.677761538507439060e-02
5.790195685194806513e-02
6.583568704108797021e-02
6.697369864694667496e-02
7.494342236136099233e-02
8.041989290084732012e-02
8.624490042565687020e-02
9.280772976742338032e-02
1.019728320140927263e-01
1.070106363902859625e-01
1.109966794391709366e-01
1.215821302515689845e-01
1.303415780358226639e-01
1.341898837534463984e-01
1.397243742027965974e-01
1.474047535503583695e-01
1.566227853484996047e-01
1.598051895806370248e-01
1.671188284698071902e-01
1.760063527381651172e-01
1.793876348234109408e-01
1.886838332166838883e-01
1.948983093968891522e-01
2.003351509291843580e-01
2.085662953112332740e-01
2.178763531111602703e-01
2.228273306032930168e-01
2.295001222575802080e-01
2.354958648030754942e-01
2.439737781793097082e-01
2.486943480416443364e-01
2.567309627590629306e-01
2.640352068580144040e-01
2.703021411470811763e-01
2.767687143135342809e-01
2.839593391858374338e-01
2.870806326838413747e-01
2.954156391862444164e-01
3.012763970585779494e-01
3.068110049066867795e-01
3.131186490258937583e-01
3.193603654823508053e-01
3.273318919132199301e-01
3.320282296527204968e-01
3.376555714170889066e-01
3.429735726498022719e-01
3.511728710402904352e-01
3.549754045931258206e-01
3.628500368092545392e-01
3.682164560778008466e-01
3.736350189764119922e-01
3.792893247878461604e-01
3.853543623382408856e-01
3.907576236007689330e-01
3.957387243558697643e-01
4.023299187731591564e-01
4.081358544126731935e-01
4.131927546474977175e-01
4.190157701532349899e-01
4.229484061679969487e-01
4.288584504662644181e-01
4.343360687898188410e-01
4.379637355479745753e-01
4.452152351525374696e-01
4.500137799613483369e-01
4.546913020675762418e-01
4.605957117269910972e-01
4.651495933054170528e-01
4.702234692615290812e-01
4.760871633106284473e-01
4.814898392300995256e-01
4.855934639109033002e-01
4.905839855210229472e-01
4.958134694490822780e-01
4.998274684621245023e-01
5.045935340054894525e-01
5.090662583327643098e-01
5.135833314998935473e-01
5.183370544769549948e-01
5.236611828732479212e-01
5.278158174191454055e-01
5.326888915353643617e-01
5.362143468570674809e-01
5.412282865782068741e-01
5.453255831643812890e-01
5.498650108174818474e-01
5.539528733353491496e-01
5.589744550272345291e-01
5.621459256240507463e-01
5.661755995449017087e-01
5.711295957171200754e-01
5.753520071145252768e-01
5.798162531188235658e-01
5.830579440793581814e-01
5.871996405816489739e-01
5.908642262424360636e-01
5.946934367258157605e-01
5.992759610418719740e-01
6.041594974653216044e-01
6.062956808059631886e-01
6.102446396526159944e-01
6.139271960174721432e-01
6.186646938780687721e-01
6.226451273865828417e-01
6.254121591194600205e-01
6.296261158116138734e-01
6.326508009883510253e-01
6.367025060088665755e-01
6.404074858969708295e-01
6.429275877249233107e-01
6.471206662018396116e-01
6.514616238272580295e-01
6.548980670368211854e-01
6.573436246526963567e-01
6.607712569322119478e-01
6.650087173880472324e-01
6.670661117470713108e-01
6.711902924398072123e-01
6.742486306490768078e-01
6.781265491307608695e-01
6.807681168961543516e-01
6.842152678874923177e-01
6.875393376483672769e-01
6.906179640942908815e-01
6.938819593028980881e-01
6.970567647211831641e-01
7.005852569722478274e-01
7.029477882608187178e-01
7.060596493801820639e-01
7.092150653066754407e-01
7.122722602360280764e-01
7.148803143477507893e-01
7.183850983578000671e-01
7.199418708410848522e-01
7.238208611529413083e-01
7.267431874771277389e-01
7.289252398739552996e-01
7.320865701865725272e-01
7.347359670263263753e-01
7.382082352683031479e-01
7.406763867639609700e-01
7.430082285618597737e-01
7.463216852541038060e-01
7.485303481973230033e-01
7.518386251887808625e-01
7.536135158766120723e-01
7.561568777141021158e-01
7.594929452675854842e-01
7.620408717491075068e-01
7.649799192996249442e-01
7.670633825541668394e-01
7.694124220060193364e-01
7.719278439256953561e-01
7.743552003534559525e-01
7.771795118120126133e-01
7.791088417247499232e-01
7.815778765072710632e-01
7.849970585478193152e-01
7.861562837079048016e-01
7.889996001470999110e-01
7.915317453362953337e-01
7.935061257234538035e-01
7.954434194730261032e-01
7.983416717036224686e-01
8.003377814722213435e-01
8.023440883333041729e-01
8.046086456901200279e-01
8.062236986733414268e-01
8.096871369355307380e-01
8.115515133252850788e-01
8.131633939787619170e-01
8.157439582813149626e-01
8.179032355272842780e-01
8.197146620102720993e-01
8.221062440740644073e-01
8.240371230957270754e-01
8.261873307307808778e-01
8.280985496864445849e-01
8.307582089380712853e-01
8.325747404071719426e-01
8.342914971234383081e-01
8.364197537338370347e-01
8.394914263042917435e-01
8.404507005662813501e-01
8.423108038832470834e-01
8.443224709634090663e-01
8.459807799947179907e-01
8.480794723796324375e-01
8.500549809709824212e-01
8.515580726352787178e-01
8.533283763267267563e-01
8.557145939975674409e-01
8.576253760966264794e-01
8.593713679379085812e-01
8.617192539708041776e-01
8.627020341319681096e-01
8.645793809924811057e-01
8.659514779038997023e-01
8.683214310916586021e-01
8.699184035923037683e-01
8.718696821523026497e-01
8.735601570365122415e-01
8.752867006465601118e-01
8.764644014648717008e-01
8.784451890815995201e-01
8.803103788200892232e-01
8.810593060820319788e-01
8.829801973243135427e-01
8.845835262484261774e-01
8.867436539636760484e-01
8.885875503817557419e-01
8.895392479811122799e-01
8.917707475571043929e-01
8.933952615008347031e-01
8.946192459441824063e-01
8.962141171168701570e-01
8.979543314915313656e-01
8.995566578364081467e-01
9.006232852326863103e-01
9.019908130538515367e-01
9.039973682541738720e-01
9.050161483161245357e-01
9.069795260430312256e-01
9.084179327728724163e-01
9.097440935822477259e-01
9.114924121832621573e-01
9.127714217545802589e-01
9.140782667795925853e-01
9.157066233774986408e-01
9.173663289006732668e-01
9.186180479236008001e-01
9.210194454145826937e-01
9.220318801612518156e-01
9.215379112993952182e-01
9.216425191705508446e-01
9.263420373977682143e-01
9.301268209814747001e-01
9.277834077735935825e-01
9.251304126721163756e-01
9.299542760940320285e-01
