2.009670922183524888e-02
1.937201798855708174e-02
1.861212986612477416e-02
1.694121534797131401e-02
1.719958006624523403e-02
1.506839058712737545e-02
2.028509780401917262e-02
2.398333744361939163e-02
2.431700078368530249e-02
2.817789209785394669e-02
3.321621571920276711e-02
4.221609415613671729e-02
4.319632962434270113e-02
5.154561160273504750e-02
5.980615487434225858e-02
6.525872935335901015e-02
6.993696824267868484e-02
8.350556337905637450e-02
9.435482798063798970e-02
9.764108707485989747e-02
1.073529692116103745e-01
1.152886529525085080e-01
1.249857527699451271e-01
1.333193495271957629e-01
1.443938408302734566e-01
1.501015177456840877e-01
1.563322194046246338e-01
1.687416738236180158e-01
1.786065148428518101e-01
1.858987732974985707e-01
1.940922913502978187e-01
2.031234596928570835e-01
2.114306658832054431e-01
2.203042654157434943e-01
2.272246551574558238e-01
2.374722147192953048e-01
2.424066447054606388e-01
2.526058417674593159e-01
2.600934255951282137e-01
2.664187993247444930e-01
2.760757102768695570e-01
2.851542192455715496e-01
2.935892609405960640e-01
3.009233208175716712e-01
3.072494359951407628e-01
3.164401795901304881e-01
3.226070375917756139e-01
3.290690029678572381e-01
3.368036145592662178e-01
3.446382682982686574e-01
3.525065412222873062e-01
3.591312519487366295e-01
3.646064801796133903e-01
3.728465402261644246e-01
3.809391547081546481e-01
3.861512370666900229e-01
3.932844521005546268e-01
3.991712250642661663e-01
4.069229589794845503e-01
4.124431651281158517e-01
4.185216311275584133e-01
4.257862719140107499e-01
4.315253821573763471e-01
4.375111852507623800e-01
4.431976558029044888e-01
4.496509814049284293e-01
4.556661566782984618e-01
4.618978494353838671e-01
4.666726177478710547e-01
4.717953695595010766e-01
4.773560867557949949e-01
4.846185665851192592e-01
4.893162690527810277e-01
4.934945000227313749e-01
5.002611575604081207e-01
5.043741919417064068e-01
5.097911758047546371e-01
5.154614421025199844e-01
5.197689008783182851e-01
5.246984453201899434e-01
5.301098859581790945e-01
5.343711980991929789e-01
5.392958427495897489e-01
5.447439158644756807e-01
5.495491726274400746e-01
5.545971845938728606e-01
5.583471836706702662e-01
5.630086242406419084e-01
5.674299065088458383e-01
5.722757795721838958e-01
5.758648911832203732e-01
5.812188200614337719e-01
5.847678530369669891e-01
5.889033499757824197e-01
5.929813841819040476e-01
5.965198489930390036e-01
6.011877250179972210e-01
6.050451091434909667e-01
6.089876548100472409e-01
6.126695727041577832e-01
6.168470154846739106e-01
6.208711440357421729e-01
6.248797726019822418e-01
6.288059624714295026e-01
6.328220872989170909e-01
6.354937672509375357e-01
6.392392405808051681e-01
6.423310639201307293e-01
6.465218666381749024e-01
6.492834973776764329e-01
6.534164457834085171e-01
6.557637703562843035e-01
6.594973363837093316e-01
6.625939276983432435e-01
6.653244009373148193e-01
6.697543842981569240e-01
6.723923803697732238e-01
6.757795928951181308e-01
6.782241742636621051e-01
6.809415150006120632e-01
6.836523153972816624e-01
6.876521742235106593e-01
6.892776110174139159e-01
6.936031658558552415e-01
6.960447187893628040e-01
6.994509559273193178e-01
7.019596297654782102e-01
7.046507137901563134e-01
7.072253984417113948e-01
7.099205941865153191e-01
7.132976182270642784e-01
7.157397736943754696e-01
7.180520109910798476e-01
7.206723366110457940e-01
7.237529419555298604e-01
7.256647852677187149e-01
7.278700831884475919e-01
7.313701975721229598e-01
7.339001845602970420e-01
7.359971137379841544e-01
7.382888328262056099e-01
7.403686436510795721e-01
7.441840690439049943e-01
7.459087090832173805e-01
7.484957451454300470e-01
7.501283881644618123e-01
7.532735815994666684e-01
7.553415246375630998e-01
7.574196051291586240e-01
7.596284415742996510e-01
7.624810411448221803e-01
7.645496658717376715e-01
7.662073550770296393e-01
7.690700356151738415e-01
7.706060818077991037e-01
7.723591709242750847e-01
7.750834734118028368e-01
7.766142163252540698e-01
7.792091556740257108e-01
7.807419135760547135e-01
7.825921384964069638e-01
7.853718696593289250e-01
7.866859675484001446e-01
7.888958337976957891e-01
7.910817105047266429e-01
7.927645882742320183e-01
7.946878300368918069e-01
7.968669530730777550e-01
7.987651767559554861e-01
8.002971532668595733e-01
8.023728035409710690e-01
8.043938139399781084e-01
8.060891918086484642e-01
8.073446582412237005e-01
8.099023356048075106e-01
8.096725733521212831e-01
8.132770064233870722e-01
8.143852931541429863e-01
8.158701417097863340e-01
8.175057188879583103e-01
8.197738473759578204e-01
8.215400968636622503e-01
8.227382127315294724e-01
8.246140716031878926e-01
8.260170450422572586e-01
8.282746067753192776e-01
8.294732336439097908e-01
8.314061373784623621e-01
8.320068481532597593e-01
8.340573495466889753e-01
8.356894480051780816e-01
8.372329608377184762e-01
8.388078008360898563e-01
8.399108528191583378e-01
8.408986049207328728e-01
8.434288011191902745e-01
8.445471725691447995e-01
8.456319729614273362e-01
8.468826692348320195e-01
8.489353006522665224e-01
8.505238434761815958e-01
8.516796012214093992e-01
8.530135775813733057e-01
8.548170227199264337e-01
8.566515639069767207e-01
8.579025739622230251e-01
8.590928380172547785e-01
8.603611629840207664e-01
8.611764233966147097e-01
8.636140832178506033e-01
8.645770777240006089e-01
8.661164208238942841e-01
8.670085752462820539e-01
8.682260461946804675e-01
8.694651994853789256e-01
8.707261326639765819e-01
8.724056121637474570e-01
8.738649709215288164e-01
8.745799714764818100e-01
8.759875172996473003e-01
8.774928142391538177e-01
8.787816088126141345e-01
8.794649123395990031e-01
8.811632061422165485e-01
8.823779573443247815e-01
8.832530155434881181e-01
8.848358312795724379e-01
8.851025278990906076e-01
8.871957244796245812e-01
8.881118714057306684e-01
8.888834454625329506e-01
8.908967239811154126e-01
8.910019420435747461e-01
8.922420341093066920e-01
8.936513242188497408e-01
8.948600156277904949e-01
8.958111987846231195e-01
8.973013165496448451e-01
8.982439822254242312e-01
8.993109876193254859e-01
9.004782503250307046e-01
9.020317559201340707e-01
9.025131071368478475e-01
9.035417212909727658e-01
9.047603151434566726e-01
9.060359201437110377e-01
9.068877252620795026e-01
9.086431115510946732e-01
9.101366038851387286e-01
9.092392870257911541e-01
9.095066011932217975e-01
9.133790907385627156e-01
9.162384864232470116e-01
9.142375114999663488e-01
9.113994625268161398e-01
9.155944468650986101e-01
