2.051301952079393268e-02
1.972031986208195101e-02
1.891274480153732132e-02
1.717700282486557192e-02
1.746551638622621111e-02
1.527437581727039348e-02
2.063173932175427910e-02
2.441369107244531836e-02
2.482379983465600806e-02
2.877724622732192108e-02
3.391654577370214335e-02
4.306027671020636050e-02
4.413333635715446790e-02
5.270336633243876551e-02
6.105125090586953351e-02
6.676980691144519808e-02
7.152598416835155570e-02
8.515786293404335738e-02
9.614574194881943259e-02
9.962164654265928676e-02
1.094268787544210864e-01
1.174823511583498320e-01
1.274641109060555000e-01
1.358860281517229596e-01
1.470389245318179106e-01
1.527938999061811687e-01
1.592105059176322501e-01
1.716148221720638078e-01
1.815205505929390617e-01
1.890310630800972613e-01
1.974137519533184781e-01
2.065680247863900809e-01
2.145985366951332074e-01
2.238982596069349351e-01
2.307884662574294365e-01
2.410745536191032656e-01
2.461839030130453798e-01
2.563300227775749951e-01
2.639408745860781225e-01
2.702246159305737860e-01
2.799644374597921592e-01
2.889805888457049887e-01
2.975417595127386461e-01
3.049400053628171237e-01
3.113372356447408618e-01
3.205309626909433884e-01
3.267540130130228704e-01
3.332606053055885420e-01
3.409383779136975767e-01
3.486993172416965603e-01
3.566536440199262747e-01
3.631044114130252409e-01
3.688792494058922844e-01
3.769265751770106698e-01
3.848958743703035368e-01
3.904269979747428954e-01
3.973104357497174166e-01
4.031488295955532597e-01
4.109336794913567292e-01
4.164877301241315388e-01
4.225842583543383824e-01
4.300686039256957360e-01
4.355886818122921000e-01
4.415737294171782623e-01
4.475119646300769194e-01
4.537435110304229302e-01
4.595991097879139065e-01
4.661357979224598491e-01
4.707777177666072066e-01
4.758140319474724045e-01
4.812177642738865169e-01
4.885374620636577236e-01
4.929380241273336183e-01
4.975104036112347750e-01
5.042887642896775047e-01
5.080504817002462481e-01
5.136241652390671764e-01
5.193136527882981079e-01
5.234418279568646692e-01
5.284101533221607916e-01
5.337260833341637145e-01
5.379396869079335897e-01
5.429171870863016558e-01
5.480677961841723400e-01
5.528431869822691969e-01
5.580893561527370261e-01
5.616017770928458663e-01
5.663907372303232934e-01
5.707368294665186026e-01
5.756366054459323145e-01
5.793768615022214519e-01
5.842722538643451147e-01
5.878051769512298019e-01
5.919286083075503413e-01
5.962636058107833037e-01
5.993180924132469611e-01
6.041174258279730092e-01
6.077927417261517196e-01
6.115222612806573421e-01
6.155263807277850940e-01
6.195923026985656890e-01
6.235984279764494875e-01
6.276218045755357355e-01
6.313379960325927742e-01
6.351961489289670304e-01
6.379597173761447637e-01
6.418620769429133066e-01
6.449144589493539526e-01
6.493582517598410764e-01
6.515580440735321277e-01
6.557815925962655612e-01
6.583353045972505369e-01
6.619039550525106508e-01
6.648889552573581385e-01
6.675696838289169044e-01
6.718232188266171079e-01
6.746506918812271714e-01
6.781794600208512769e-01
6.804361348797663966e-01
6.831751689192270272e-01
6.856885362252866933e-01
6.897596258846233619e-01
6.912246242377361183e-01
6.956346372186023030e-01
6.980382286804303060e-01
7.013042211920331725e-01
7.036116402609554621e-01
7.063098292134314393e-01
7.088559544514250188e-01
7.115139392716808286e-01
7.149754450444971710e-01
7.173412808821335584e-01
7.197893409751694449e-01
7.223390863395493522e-01
7.251357667662416961e-01
7.272141291821461184e-01
7.294407213832373449e-01
7.328846049096179316e-01
7.352728837836055575e-01
7.372321190566754057e-01
7.396288443705149040e-01
7.417552701776360946e-01
7.456159017803325462e-01
7.471714160766796953e-01
7.497485622273167838e-01
7.510897153920521596e-01
7.542995247884556331e-01
7.563251987087714623e-01
7.585783053370630524e-01
7.609118605271528724e-01
7.635288565077221756e-01
7.657524168068005066e-01
7.674639125892920299e-01
7.698459870967575558e-01
7.717670912143056450e-01
7.738162068930689585e-01
7.762607281571117790e-01
7.776998630210979480e-01
7.800664904835585833e-01
7.815112600697016187e-01
7.833479904225992829e-01
7.863441739675846032e-01
7.876401543968135632e-01
7.899438209631993724e-01
7.917201852455352240e-01
7.936280334884076026e-01
7.955820907778361484e-01
7.976085875639639111e-01
7.994047472049885528e-01
8.009070407372003153e-01
8.030127239085628199e-01
8.049964616073603807e-01
8.072517513059885852e-01
8.082771955403090791e-01
8.107123134796015984e-01
8.109050056858797539e-01
8.138753219652664628e-01
8.153644601326303087e-01
8.163203760813179111e-01
8.181416344434088161e-01
8.204119814425865354e-01
8.222656545635179670e-01
8.235480081990707024e-01
8.254601604849589602e-01
8.267269797455932823e-01
8.288943645980765274e-01
8.305104699326384399e-01
8.320855723486733080e-01
8.328150787453330040e-01
8.346971678291780217e-01
8.363442915358406671e-01
8.376989079220638068e-01
8.393721694403067923e-01
8.406059572578434835e-01
8.413513278625528446e-01
8.442797989614997389e-01
8.450154967989189636e-01
8.461036851829153438e-01
8.473337814087849029e-01
8.494588384985816143e-01
8.508553491228058041e-01
8.523379459839452998e-01
8.532064817273996571e-01
8.552356721157334807e-01
8.570073315273547543e-01
8.581107823253273370e-01
8.597426608752110067e-01
8.606772793386338050e-01
8.617781472529510989e-01
8.635158613211865175e-01
8.648816243830158568e-01
8.665136024686121985e-01
8.673525233566732329e-01
8.687913511767234587e-01
8.697649394773445675e-01
8.711900119745237259e-01
8.724850871299512090e-01
8.744931396054993478e-01
8.748221096214470194e-01
8.763513568175690382e-01
8.779038151600349060e-01
8.791263692672286467e-01
8.801241859087260977e-01
8.813082202095947615e-01
8.826498705439326242e-01
8.836202056880324562e-01
8.854636972766614100e-01
8.857841364303830067e-01
8.873255284561210043e-01
8.885820137755884307e-01
8.895134547240676204e-01
8.914021433583861898e-01
8.916183455636569333e-01
8.929466466295523652e-01
8.937708325143443044e-01
8.949890558151615272e-01
8.962424028288783484e-01
8.978646127782288211e-01
8.984871853463594071e-01
8.993933321009898174e-01
9.004682178833782746e-01
9.024352192666056371e-01
9.026817256332725359e-01
9.036521494844916846e-01
9.049973834491805702e-01
9.063500458549372807e-01
9.071408883956847413e-01
9.087062293094647636e-01
9.103132478457357513e-01
9.094593399837245240e-01
9.098998913881574113e-01
9.135722964197046103e-01
9.165654252913576494e-01
9.141090893018115615e-01
9.116673389391455329e-01
9.157484373836957126e-01
