1.766705352458263281e-02
1.729864723001653046e-02
1.677903829987135303e-02
1.544307648590102430e-02
1.555009470251835987e-02
1.374229665732920255e-02
1.824965326650244621e-02
2.153408977163168841e-02
2.156047751180636268e-02
2.491984636096505543e-02
2.942657131588596528e-02
3.768958036182330773e-02
3.822830007321575269e-02
4.544491421668655357e-02
5.325939353936473553e-02
5.729734073250947884e-02
6.169991555439341413e-02
7.479375318784174664e-02
8.481183621986394805e-02
8.716669159615246520e-02
9.640752504827070080e-02
1.036325820890521138e-01
1.118139212067104510e-01
1.196095711487750596e-01
1.302768975223026482e-01
1.358278739416549086e-01
1.410344864948166743e-01
1.534381365911603734e-01
1.630851771016400553e-01
1.690676817792969300e-01
1.762224632429640614e-01
1.846377516353713000e-01
1.943011393688150734e-01
2.006564796443897347e-01
2.079323308766543033e-01
2.177125353981824996e-01
2.220399713202524383e-01
2.322569209944863045e-01
2.393128043797329296e-01
2.455552415413352341e-01
2.547651530967012801e-01
2.640003769652960464e-01
2.714715601513671417e-01
2.786004475867443486e-01
2.850705897452265325e-01
2.938388553370105405e-01
2.997091078788138852e-01
3.063217417765913275e-01
3.142424736051667167e-01
3.220765669580011314e-01
3.293144355476874674e-01
3.369077303015269309e-01
3.411926324176651759e-01
3.504847211592340139e-01
3.584439559315900081e-01
3.623668835266055654e-01
3.700867511261205500e-01
3.763114019798161625e-01
3.837669867478624708e-01
3.889944438626286582e-01
3.950673304919207762e-01
4.011382873523597903e-01
4.078194217203636729e-01
4.136855755133869716e-01
4.197023626516819816e-01
4.271230437034313487e-01
4.328752573965348738e-01
4.384902287709122048e-01
4.442482277887966347e-01
4.502138600868769713e-01
4.553641667947214144e-01
4.622581048032399220e-01
4.677238329737942735e-01
4.712725923245553172e-01
4.771461901170896414e-01
4.828099698850329968e-01
4.890532375404616494e-01
4.936123678414470750e-01
4.990364823606887601e-01
5.044057310014564699e-01
5.095548962335312293e-01
5.135154551171684512e-01
5.191409897822524266e-01
5.251857455841933975e-01
5.295276766850151029e-01
5.336439258408970376e-01
5.391640196162228449e-01
5.430880889668491251e-01
5.477666098994837807e-01
5.529485005701261224e-01
5.563618376966090739e-01
5.626690158175072787e-01
5.663103180525075331e-01
5.703127611695227861e-01
5.737903032072552145e-01
5.797361484297257617e-01
5.837642165272308725e-01
5.873872834158679890e-01
5.919470677713326578e-01
5.955273249940138403e-01
5.999308221964778642e-01
6.037907052228616012e-01
6.080620315521579888e-01
6.137392127335514758e-01
6.159713719834200019e-01
6.191353672962922605e-01
6.230481620629788608e-01
6.270842301176142719e-01
6.309206735477789207e-01
6.351759938276650974e-01
6.384658421702229525e-01
6.407621638221610016e-01
6.452907762746451503e-01
6.483941656658590569e-01
6.525562724949857119e-01
6.559803686037262160e-01
6.595349277080925221e-01
6.622866170320726997e-01
6.659047334981630373e-01
6.700696644682075931e-01
6.724481610914574414e-01
6.759491911395159036e-01
6.788563081863817628e-01
6.816670878864619088e-01
6.855694933342399988e-01
6.888596051330340142e-01
6.916552461454298362e-01
6.945722557454930834e-01
6.974538174860700490e-01
7.008221576836093369e-01
7.033948033805481614e-01
7.073137310376345077e-01
7.090607591485860173e-01
7.122111768925458719e-01
7.154330366611832970e-01
7.184050858249457772e-01
7.213620810056677879e-01
7.238349583827347056e-01
7.276090656626827968e-01
7.290038066832719155e-01
7.322598750906854637e-01
7.344190645589446786e-01
7.364339600550607878e-01
7.394953098545251624e-01
7.421523963852934003e-01
7.447330951267067123e-01
7.476598250279438140e-01
7.500315856398978021e-01
7.526440116283695803e-01
7.551588698925837395e-01
7.570631666602123389e-01
7.588374129829046355e-01
7.621985728267760551e-01
7.647875705288496029e-01
7.668031566554088796e-01
7.695757250910432168e-01
7.709793671252339609e-01
7.726338317501358910e-01
7.755836814558473291e-01
7.782099781006560635e-01
7.805467807274176772e-01
7.823688972698279454e-01
7.844878276512211590e-01
7.870012582259695577e-01
7.878810933253316273e-01
7.906672238887558768e-01
7.931997548739175841e-01
7.952155226034431923e-01
7.975142608815413148e-01
7.990469294128287325e-01
8.011590817771708783e-01
8.026459301408007674e-01
8.051826145184659556e-01
8.070541605545465957e-01
8.090244936233819129e-01
8.114971583860487447e-01
8.126233518419592183e-01
8.151438132218002952e-01
8.167297791629036796e-01
8.185044158374067402e-01
8.205491252097313337e-01
8.220406984948210871e-01
8.248012739960577377e-01
8.255578190730471499e-01
8.275752611070488207e-01
8.291289529493275356e-01
8.316415812460082879e-01
8.330922455357838707e-01
8.349098636231425674e-01
8.361673610721142014e-01
8.383770464869679806e-01
8.394791818012700135e-01
8.415965301170719171e-01
8.437885078819892248e-01
8.451452626426242398e-01
8.462715685111211750e-01
8.481688666219764361e-01
8.497001407908709725e-01
8.514127507529788419e-01
8.531111248960892013e-01
8.540123329260852492e-01
8.564238177354414061e-01
8.573921527974693868e-01
8.594617623072769996e-01
8.611017904706638193e-01
8.620281555847431054e-01
8.629803218331963954e-01
8.655888257517095896e-01
8.665841527975159941e-01
8.684219148110292608e-01
8.700652573192459993e-01
8.704047365576234041e-01
8.730947165407993982e-01
8.742818289382197072e-01
8.758670049592754969e-01
8.769996618266843180e-01
8.779809298888728852e-01
8.799059736667342868e-01
8.812759531626771503e-01
8.828007915378758286e-01
8.839284430983228580e-01
8.852469054594823694e-01
8.860244672031301061e-01
8.882981098929388919e-01
8.892983891409891317e-01
8.905789933695585914e-01
8.917751661679729214e-01
8.941826817033304842e-01
8.946615914894816557e-01
8.954989986043867534e-01
8.973428469737122493e-01
8.984763283524381805e-01
8.998669723072123539e-01
9.006967704195864011e-01
9.024345537064086820e-01
9.033662551132318752e-01
9.046520541956115657e-01
9.056087862358545015e-01
9.068464007025035523e-01
9.083494712536982485e-01
9.090981595555124306e-01
9.108854457730919396e-01
9.117795676328358523e-01
9.125335269171296337e-01
9.136698551430799675e-01
9.150994134438101835e-01
9.160633619567224439e-01
9.183398837997144293e-01
9.192321670008709589e-01
9.189640305108858209e-01
9.190016347309730715e-01
9.226217382288630642e-01
9.267178983028704353e-01
9.237844084018310697e-01
9.215723485613521726e-01
9.255275871873047677e-01
