9.528619670462978863e-01
9.529063044761916235e-01
9.529092159881621393e-01
9.531338016109248690e-01
9.534058951976589480e-01
9.534974127889609408e-01
9.535375759018542841e-01
9.535190753376616701e-01
9.533975926117532751e-01
9.533209024218152194e-01
9.532273192986002730e-01
9.531484116574123755e-01
9.531804224419956340e-01
9.533043588601942675e-01
9.533696768998997095e-01
9.534928181834829708e-01
9.535870741468938094e-01
9.534384425701794008e-01
9.533084037696710755e-01
9.532779685983387985e-01
9.532078160195132099e-01
9.532279834089727455e-01
9.533272600853273104e-01
9.535343058335165045e-01
9.533725658851259777e-01
9.535324187492770776e-01
9.537975482081390011e-01
9.536829061304272770e-01
9.538966393687664524e-01
9.538730041299863238e-01
9.538258157381439561e-01
9.536628036144980669e-01
9.537620286403841741e-01
9.538255957531837081e-01
9.541767150646890405e-01
9.542706238496821980e-01
9.543133965149905862e-01
9.545227913830298672e-01
9.545931634165383262e-01
9.544179166420118099e-01
9.546109787830293625e-01
9.546002167179775677e-01
9.545901682264021915e-01
9.545870512221881210e-01
9.545954335604430741e-01
9.548189378439834174e-01
9.549176744188434540e-01
9.550187853871103805e-01
9.551859226347844123e-01
9.552253794786619290e-01
9.551560131450975710e-01
9.553081067786598490e-01
9.555113384716872327e-01
9.554129036008456310e-01
9.553584146490478046e-01
9.554468314911188642e-01
9.557046826904547210e-01
9.561715709986116085e-01
9.560265729877664986e-01
9.556158821576553608e-01
9.558876293395950352e-01
9.557612895122626906e-01
9.559659111142987387e-01
9.560851044430660473e-01
9.560912600277702289e-01
9.558628469275105566e-01
9.564933833333557622e-01
9.562681136576486329e-01
9.564378289162448477e-01
9.562409286692095112e-01
9.564577602439950921e-01
9.567617825715873936e-01
9.565889201914963280e-01
9.565453885721727501e-01
9.567955852173257725e-01
9.565714249938084279e-01
9.567405019169696878e-01
9.566873701149526399e-01
9.567312098843402390e-01
9.572257097345407972e-01
9.573873103118961669e-01
9.569256865611673879e-01
9.571076665776820924e-01
9.573762011103661429e-01
9.569548277557192728e-01
9.567429422154732910e-01
9.568502303942477694e-01
9.568356724310933537e-01
9.569883381820096790e-01
9.566344961673475256e-01
9.566130258213096926e-01
9.571846214175993017e-01
9.571340292457076737e-01
9.570105486240685355e-01
9.571344236955369178e-01
9.573484438020156695e-01
9.566784240342387502e-01
9.572181766218191834e-01
9.571400045630846787e-01
9.570469929389727737e-01
9.572273591555816585e-01
9.570863101737826506e-01
9.568731811045393387e-01
9.567702350957546509e-01
9.565411370448040351e-01
9.569837996070243991e-01
9.569314423625950861e-01
9.567185104277424745e-01
9.571068417740101752e-01
9.566536268694936229e-01
9.564972812293409676e-01
9.560776152563364993e-01
9.559237436065450844e-01
9.558890305235836493e-01
9.565307786191594719e-01
9.561632107487065824e-01
9.558407962350137232e-01
9.558917214013046282e-01
9.555545869186657937e-01
9.556039305533379213e-01
9.560410248222589447e-01
9.557994536588177992e-01
9.553507085534078680e-01
9.553826495601239754e-01
9.555595251401648449e-01
9.554696100463688779e-01
9.554498130254930333e-01
9.551493746814884167e-01
9.549929382144365375e-01
9.546196225433114524e-01
9.546784788569886437e-01
9.549870305497976108e-01
9.544419448306339371e-01
9.541271062928615709e-01
9.540698596292445099e-01
9.540097725824208119e-01
9.537157047871450688e-01
9.538360039085845843e-01
9.538643167022107239e-01
9.538585437781201826e-01
9.535902669254072705e-01
9.535541964162068673e-01
9.531408186635207391e-01
9.529892993070532281e-01
9.527982717164763526e-01
9.524693641349587514e-01
9.524371277301674210e-01
9.522496704652300137e-01
9.520640707410191750e-01
9.514553631665740863e-01
9.515709332669688436e-01
9.506444679096683892e-01
9.512308317905838750e-01
9.505723466338052985e-01
9.503602125541568135e-01
9.507285738418248533e-01
9.501997474903188801e-01
9.499580575679056338e-01
9.491319244327917071e-01
9.490987401559973780e-01
9.492103033638261689e-01
9.488698622333268107e-01
9.488009211562729028e-01
9.483791495538969052e-01
9.481501216536328824e-01
9.476190839769687013e-01
9.470831650598205975e-01
9.468008654685875491e-01
9.465153213697254930e-01
9.463310986594040131e-01
9.460142545313197093e-01
9.458670187557918219e-01
9.455870450906741498e-01
9.455125624769904480e-01
9.448603228224555783e-01
9.442752798061654351e-01
9.442418559559354607e-01
9.435969067882939987e-01
9.433191354963667008e-01
9.430719534985559926e-01
9.423572581385996072e-01
9.421822781889211962e-01
9.419869287229672983e-01
9.415082551605449268e-01
9.411535496289047398e-01
9.403054890559373602e-01
9.393541624242022214e-01
9.396935363442822098e-01
9.389236062939209093e-01
9.387838546737866663e-01
9.382081954549900127e-01
9.378517220698833201e-01
9.372485105494391400e-01
9.367537094254165808e-01
9.364738520789249732e-01
9.355305678162640914e-01
9.351632094482120738e-01
9.350679562209649465e-01
9.343523952742707195e-01
9.337475940986305067e-01
9.331724012619498909e-01
9.328209272934476770e-01
9.324197425258970995e-01
9.312858023166862287e-01
9.307129404234939507e-01
9.298155080984745746e-01
9.294858240318130127e-01
9.292865013469355784e-01
9.280036035477589040e-01
9.274917862164390181e-01
9.267149462381751857e-01
9.261819962042404653e-01
9.258460392335701172e-01
9.243351144550456810e-01
9.242628402448932468e-01
9.234628852028172741e-01
9.228816183703567599e-01
9.217030073136177615e-01
9.210257313417601344e-01
9.205761581253888437e-01
9.188128582219105001e-01
9.185417672066867878e-01
9.179148870300117835e-01
9.167564364284842560e-01
9.161084824334192467e-01
9.153887013280558316e-01
9.141606738800045484e-01
9.130077038465712613e-01
9.121352236069344421e-01
9.111869098836513636e-01
9.104191803398521410e-01
9.091737048699450874e-01
9.080723777062525981e-01
9.074171823170753548e-01
9.060416990333497456e-01
9.045058702963821862e-01
9.029300826809972813e-01
9.017804067054575601e-01
9.006028056825511330e-01
8.990649035152779023e-01
8.971878351619055891e-01
8.959780362232330209e-01
8.944522775404234460e-01
8.933748799756183745e-01
8.910881545483851918e-01
8.896935154880661889e-01
8.874754074441071339e-01
8.854088837333339290e-01
8.826029533620163292e-01
8.805412219638482085e-01
8.765396112103158721e-01
