8.049447484263052566e-01
8.049963983355306052e-01
8.049840710452940140e-01
8.055250387415044955e-01
8.061783040582969351e-01
8.063872546896159177e-01
8.064644788988197810e-01
8.064157475466849911e-01
8.061474619483763870e-01
8.060064152214332367e-01
8.058351910696575082e-01
8.056489159103397135e-01
8.057738264426096420e-01
8.061636754569653229e-01
8.063155687240339820e-01
8.066718851324212736e-01
8.069719149292829963e-01
8.065031712155665833e-01
8.062328376461584956e-01
8.063494872448048190e-01
8.063782322307294637e-01
8.066649836786125016e-01
8.071461898660978740e-01
8.079015755887043460e-01
8.072817043016002891e-01
8.077452019665914973e-01
8.086126706233706107e-01
8.082634473327704461e-01
8.091260094746093312e-01
8.092634315486584295e-01
8.093657886710609040e-01
8.090379285012161414e-01
8.095462254189456086e-01
8.098515369603560554e-01
8.111123853022335073e-01
8.114454375651399820e-01
8.116435215253727797e-01
8.124868722484464012e-01
8.129174724139381913e-01
8.126122755526907770e-01
8.135296449688280696e-01
8.137490579618673614e-01
8.138818078582050752e-01
8.139618949782045920e-01
8.140085897701956341e-01
8.147617856379494317e-01
8.151651229333150006e-01
8.156803988989511645e-01
8.164890347042892405e-01
8.169609340527951291e-01
8.170363585097467629e-01
8.178533433333602387e-01
8.187588072886095025e-01
8.185932624969162186e-01
8.185506534101041343e-01
8.190582283625704729e-01
8.200423003697226987e-01
8.216901573737394049e-01
8.214907409958801532e-01
8.204482915088489037e-01
8.215841010862584559e-01
8.214892463812071277e-01
8.223567468179020512e-01
8.230508345492585365e-01
8.231787540489269306e-01
8.228476048431301315e-01
8.249930302603355470e-01
8.244207720892069435e-01
8.252770328734549965e-01
8.250179575325717884e-01
8.260072324211696904e-01
8.273257418545623132e-01
8.270229520424663416e-01
8.271690925255552607e-01
8.282807267690415198e-01
8.279064370192963374e-01
8.287316836606322124e-01
8.288259257562156090e-01
8.291671378801411807e-01
8.309883132009362461e-01
8.318201051809690494e-01
8.309018788607351880e-01
8.318785694297755606e-01
8.331041044835839626e-01
8.320562407052293219e-01
8.315959444009662915e-01
8.321977457676321688e-01
8.325778347082681830e-01
8.334443788450280888e-01
8.327842670659729718e-01
8.330480504738646541e-01
8.350136336747217003e-01
8.353465276889118218e-01
8.354798787493852297e-01
8.361324567916018635e-01
8.371743505325032197e-01
8.357037396430783138e-01
8.375434181179877147e-01
8.374372410780642761e-01
8.375815608620323927e-01
8.385353646502430314e-01
8.387736420215401445e-01
8.384862010234725993e-01
8.386367497284590300e-01
8.384143747325879525e-01
8.400981373037699207e-01
8.403389649848801435e-01
8.400771931669889225e-01
8.416021705488013760e-01
8.405728199918627297e-01
8.407262288260504146e-01
8.400373043627858971e-01
8.401775652837567554e-01
8.406779767948954207e-01
8.426599042075751944e-01
8.418580386657691372e-01
8.416572855841910616e-01
8.423115234665458084e-01
8.418716338464746762e-01
8.423864009605462888e-01
8.439727364473132987e-01
8.436412937027226722e-01
8.431870366120208793e-01
8.437830984852577876e-01
8.446342287352479605e-01
8.448770694181143570e-01
8.453397016507796513e-01
8.450552471257209985e-01
8.451399773371267576e-01
8.446415861664747782e-01
8.451210583480347482e-01
8.464650897179563094e-01
8.456239259981351841e-01
8.453913171198079723e-01
8.457286756897748337e-01
8.462191888154255714e-01
8.459208188701086151e-01
8.465028516469352837e-01
8.474569880372575525e-01
8.475139298687747180e-01
8.474264094295671512e-01
8.481119378980457313e-01
8.475313990207320458e-01
8.476418175355404649e-01
8.477301226542608426e-01
8.473423717786729981e-01
8.480788417436657678e-01
8.480099974592696377e-01
8.488124420947914528e-01
8.472950032141537413e-01
8.481226203067767644e-01
8.461071678182002787e-01
8.479955507410642523e-01
8.473880587615825188e-01
8.469988008910958044e-01
8.487199627327484119e-01
8.479820232962057558e-01
8.481355713590891243e-01
8.468882935483077468e-01
8.472399224319273614e-01
8.478467909013447379e-01
8.477307696330949049e-01
8.481732511125857910e-01
8.480777925593053768e-01
8.484187436217296430e-01
8.472485389411414936e-01
8.464341023238177719e-01
8.466114092277452485e-01
8.467842848837127123e-01
8.467645191498610613e-01
8.467474480083636568e-01
8.469797644773657819e-01
8.468782266986929486e-01
8.474392072438408086e-01
8.466497169141743440e-01
8.460639663935878296e-01
8.462291271787953928e-01
8.455961020382700699e-01
8.451292874343222516e-01
8.453448088700469265e-01
8.447774656387336822e-01
8.450563863428756095e-01
8.453231458046793767e-01
8.452650795817711060e-01
8.448486922925604325e-01
8.436014306182887390e-01
8.423693135571714841e-01
8.435794795303839244e-01
8.427516057135671090e-01
8.432454978158890890e-01
8.425010573684572623e-01
8.421668909710975370e-01
8.416422419014792933e-01
8.415425418220666698e-01
8.416793057943401379e-01
8.401379717678476577e-01
8.407247848626533404e-01
8.406774547748870896e-01
8.400284388329594121e-01
8.391842432168360455e-01
8.389708788488390301e-01
8.391118041829304097e-01
8.388174286228549104e-01
8.373715482115628994e-01
8.368891858994085275e-01
8.359915658554133433e-01
8.362120768153050721e-01
8.362978814669702610e-01
8.349035167995058071e-01
8.347275229779321792e-01
8.338857032276379977e-01
8.335992923973257751e-01
8.336399738799338266e-01
8.317815511634971681e-01
8.322729296455235737e-01
8.316126695823623516e-01
8.313625736107126407e-01
8.297874156902126375e-01
8.297110956432066642e-01
8.292134414852710966e-01
8.269667279920228653e-01
8.272106496795237351e-01
8.273062355130980094e-01
8.262036385874733657e-01
8.258044496180700911e-01
8.248121405482891078e-01
8.243307143522383695e-01
8.229903977729352560e-01
8.223793432690736926e-01
8.217712982760475571e-01
8.211333186815491514e-01
8.194363426375562698e-01
8.191846466070571431e-01
8.192813738559072689e-01
8.174692224394511930e-01
8.165732314522824442e-01
8.148507698345368588e-01
8.139689564402046162e-01
8.133292085622052525e-01
8.119926807024897553e-01
8.103812757991771809e-01
8.097381506261770445e-01
8.084178099477631330e-01
8.077439031890623067e-01
8.064447853717588988e-01
8.052814720688372674e-01
8.037852397345666144e-01
8.026111617273810062e-01
8.002392214148831284e-01
7.988538258915484080e-01
7.977746000687366834e-01
