1.226319044539173411e-02
1.253682142209887329e-02
1.244931177039477511e-02
1.171196384560399366e-02
1.157213315163275504e-02
1.035059707455869560e-02
1.358245331770790293e-02
1.608304579142698712e-02
1.583811943176681100e-02
1.820364831693906810e-02
2.157216777337752495e-02
2.802078430582493132e-02
2.806578863543125399e-02
3.312758266186119349e-02
3.959528390827328492e-02
4.131937166986829335e-02
4.530172222716594838e-02
5.617828576757850911e-02
6.387977961431405560e-02
6.491895874624312168e-02
7.273518886456256660e-02
7.801493106780499343e-02
8.364515406811240394e-02
9.006722747595929945e-02
9.905071018117124482e-02
1.040148904142208092e-01
1.079293367070340015e-01
1.182078186219174543e-01
1.268699458036005867e-01
1.305091903478896032e-01
1.359166182961053515e-01
1.435392695434441201e-01
1.525008105715638385e-01
1.555152187708622735e-01
1.627963998988611050e-01
1.716139311521045485e-01
1.748422927446725283e-01
1.839867146661188224e-01
1.901276501389540519e-01
1.955032208941342997e-01
2.035965491062351751e-01
2.129255975362740472e-01
2.174794700195466501e-01
2.241661119038088623e-01
2.300359732745919095e-01
2.384332169908972010e-01
2.430518418820850624e-01
2.512006433357616419e-01
2.583717014515511390e-01
2.644223636992139026e-01
2.708105706343964525e-01
2.778987394519683019e-01
2.808684542465261780e-01
2.889477607306695783e-01
2.947493745805057075e-01
3.003652698970663559e-01
3.066759562926211213e-01
3.126512931684379826e-01
3.207932523012738679e-01
3.253370880420928812e-01
3.309256458246573329e-01
3.360567527568076862e-01
3.444752314222209733e-01
3.480949597724377065e-01
3.559205578945129345e-01
3.609730994312634889e-01
3.664986777261041162e-01
3.721974387096361192e-01
3.782289897342885343e-01
3.834598949915046795e-01
3.885366168573854417e-01
3.951688194593691583e-01
4.008529751034546895e-01
4.059496041912089570e-01
4.117466155075348300e-01
4.156000490858430263e-01
4.213184187297358552e-01
4.270541689614488212e-01
4.305837981404241344e-01
4.378518694422250945e-01
4.425900880109802094e-01
4.474515318131391806e-01
4.532900777806747050e-01
4.578717046738175478e-01
4.628700238180792903e-01
4.691060878703627313e-01
4.740893130180111603e-01
4.783858679102081513e-01
4.831448618071230161e-01
4.883716720441656500e-01
4.923781304013001847e-01
4.973061053433502909e-01
5.016800129503569128e-01
5.062628051319046918e-01
5.110702434385050452e-01
5.160645781844198643e-01
5.203913469820249382e-01
5.254619862310925260e-01
5.288808912458164979e-01
5.340866478175814169e-01
5.380351590158506392e-01
5.427103489672150394e-01
5.467693096290111576e-01
5.513972838583368619e-01
5.549785083363772964e-01
5.590053903401766000e-01
5.640491666442152274e-01
5.682613585876621354e-01
5.726249724615981584e-01
5.761268183966744560e-01
5.801001857877138290e-01
5.839022730579238596e-01
5.878990023035755019e-01
5.923498662757445965e-01
5.972930168090377911e-01
5.993237912164108838e-01
6.036544029679156154e-01
6.072317278221194270e-01
6.118195220846412985e-01
6.160573700262285124e-01
6.187685334939707626e-01
6.230652354278887195e-01
6.261011745558782149e-01
6.303236012291447699e-01
6.341407952848487906e-01
6.366460797692468088e-01
6.408077846816317980e-01
6.452312668113635574e-01
6.485631736261860958e-01
6.511439138226943202e-01
6.547226409101970512e-01
6.590905473086152710e-01
6.609916212178542638e-01
6.653905524847801845e-01
6.684659381175509507e-01
6.724447579472552228e-01
6.749463979338534703e-01
6.785301176315674532e-01
6.819901697532487761e-01
6.849871002138114839e-01
6.882940724519229780e-01
6.916242581516683918e-01
6.951855569579611371e-01
6.976848899601391096e-01
7.008585046105265670e-01
7.040533473205321524e-01
7.071328935754186418e-01
7.096804024852318982e-01
7.133390694527375064e-01
7.147932216213938039e-01
7.186405140106636447e-01
7.219144132668406932e-01
7.242924073188728995e-01
7.270297166678916234e-01
7.297947976265392045e-01
7.335289664563877654e-01
7.358713683225759361e-01
7.384845690029050447e-01
7.417681081405401722e-01
7.442506530207623205e-01
7.473917390656137361e-01
7.493318655434102471e-01
7.520318202137765695e-01
7.553733862323481763e-01
7.577155212477414414e-01
7.609598269205978260e-01
7.629414096243793963e-01
7.657752458822513209e-01
7.679738539050739998e-01
7.705455236354558091e-01
7.729875517037002597e-01
7.752550575187545645e-01
7.779644854684167887e-01
7.812708198401946413e-01
7.825072487565006840e-01
7.856208518210651137e-01
7.877488126995912943e-01
7.901544753361920970e-01
7.922950713979942661e-01
7.948629838030554229e-01
7.967695300835592187e-01
7.991978996105466582e-01
8.015507504293353236e-01
8.032103079970095427e-01
8.069911397400707509e-01
8.089066747599311658e-01
8.104806079066720903e-01
8.126423246698331049e-01
8.152394605305609554e-01
8.170870643383232323e-01
8.195269117174024398e-01
8.214407915856860587e-01
8.236730349578650356e-01
8.257010676130075444e-01
8.282468555204814953e-01
8.299832520490244558e-01
8.319671878152931077e-01
8.341430884853500149e-01
8.368713012336397306e-01
8.381578967044525097e-01
8.401982589646671551e-01
8.422091435454546193e-01
8.439305969262228535e-01
8.454745676004533639e-01
8.482154570078733746e-01
8.500043137828101614e-01
8.515176678807202526e-01
8.537434150554008561e-01
8.558540521084030406e-01
8.575889239323265523e-01
8.601913290080790420e-01
8.608512764282590934e-01
8.628816526747595805e-01
8.644163881412615380e-01
8.668982829075351226e-01
8.685431283766198440e-01
8.701368746696863665e-01
8.722383716755200966e-01
8.737083150206743642e-01
8.748473900777831158e-01
8.773930007584724855e-01
8.788323798169976886e-01
8.798832131697532644e-01
8.818260531029306071e-01
8.841135490261227137e-01
8.857514237517604139e-01
8.879882402086930471e-01
8.889113825585485129e-01
8.906406293011430719e-01
8.925307142701661700e-01
8.942461798414020890e-01
8.953130394862808261e-01
8.972177769895853805e-01
8.988812460714548092e-01
8.999594220268686273e-01
9.015553295866892691e-01
9.037182448644142108e-01
9.046880827970592565e-01
9.068261956323966366e-01
9.081845385246585245e-01
9.098596111753352034e-01
9.113628540758865748e-01
9.124503488438585608e-01
9.139858088044805484e-01
9.154415228499402923e-01
9.174353718847466643e-01
9.184232542700146995e-01
9.210726307672139068e-01
9.223996436456977088e-01
9.219015464957219796e-01
9.219515391124367687e-01
9.263045827880246330e-01
9.299852407694706447e-01
9.280701837415682443e-01
9.255915914549293078e-01
9.305289140605330633e-01
