6.193007585525018600e-03
7.229332783692778847e-03
7.621879823290135525e-03
7.435579113923268708e-03
6.999618927503348416e-03
6.238758374596985873e-03
8.348920643262498081e-03
1.005364101758411156e-02
9.736341956962301855e-03
1.097641556776452094e-02
1.307242970546190937e-02
1.729623209479577706e-02
1.722900837807736854e-02
2.013381375477669641e-02
2.454197980656698183e-02
2.479564712219659711e-02
2.795507185361273753e-02
3.525837847947477927e-02
4.003020566219074594e-02
4.040094541618877849e-02
4.589449809400707181e-02
4.874670916859777381e-02
5.256851132776603486e-02
5.699479037081014304e-02
6.318483710253813834e-02
6.702581232679742651e-02
7.005041575544460053e-02
7.552391388623498625e-02
8.348075047887858202e-02
8.398202754133725356e-02
8.826575686850005042e-02
9.443060898283231475e-02
9.865865879409076167e-02
1.018503551091190368e-01
1.074376689814438429e-01
1.153878301457901268e-01
1.165251952143990244e-01
1.226213504539275662e-01
1.280501288196073117e-01
1.335755360994662910e-01
1.380397959257147200e-01
1.475440945663713810e-01
1.462181776411976553e-01
1.527003930522580488e-01
1.565917656873547503e-01
1.635754468658161542e-01
1.677321881374044532e-01
1.748426543786590071e-01
1.798717666626227507e-01
1.831672615686064653e-01
1.896796920473107773e-01
1.936052791131341044e-01
1.967784304463351119e-01
2.014652521811508834e-01
2.064959343905425071e-01
2.108655791521091005e-01
2.179973218638008581e-01
2.196434243243970685e-01
2.281275341658945965e-01
2.309648202005877005e-01
2.355916983289862987e-01
2.409151135419257683e-01
2.472950685721402586e-01
2.508177951331687638e-01
2.572169886047970810e-01
2.611453859697629998e-01
2.644898755927643785e-01
2.712650540239733288e-01
2.753093118753859314e-01
2.797250287865553076e-01
2.855721667648081219e-01
2.908743380284736224e-01
2.939234914011351618e-01
2.998445446120286406e-01
3.040735220181400855e-01
3.086232358495843986e-01
3.123047797151787264e-01
3.177287963894737666e-01
3.217952011090642883e-01
3.270604964604797438e-01
3.315664131425922756e-01
3.361613973848449066e-01
3.409151568885051553e-01
3.446402648604790508e-01
3.481903412344448112e-01
3.556724706306862993e-01
3.579939528295939533e-01
3.624340070655640011e-01
3.678304518304579274e-01
3.707786154621849906e-01
3.754202129953700395e-01
3.800938005772539485e-01
3.844062532032183066e-01
3.885333481205732187e-01
3.931652745953309602e-01
3.960961160557276428e-01
4.019753366777008008e-01
4.058350351413919088e-01
4.107128550371257347e-01
4.143771569898519469e-01
4.174843990455605613e-01
4.226356221517732492e-01
4.259261214549241448e-01
4.300465653792210352e-01
4.348080658688571187e-01
4.395914972714998203e-01
4.429700295579300229e-01
4.475068951647565019e-01
4.511793710111763334e-01
4.558617873942978349e-01
4.595069710141115871e-01
4.629826960720019868e-01
4.676565866210688482e-01
4.715655106686635900e-01
4.752945177668606025e-01
4.791085989714771731e-01
4.836784858426083633e-01
4.874347866679212826e-01
4.902293662564314869e-01
4.954742186120097425e-01
4.979748568187239988e-01
5.024645091687700571e-01
5.067990038333696212e-01
5.096693586097373885e-01
5.140530166924858202e-01
5.168049715889546647e-01
5.209566365881171945e-01
5.249784032789676091e-01
5.286048046512097365e-01
5.326586552427717836e-01
5.359463090010420094e-01
5.401137162241925749e-01
5.443534020953649799e-01
5.478873103997233818e-01
5.508993364837875273e-01
5.546829387446915449e-01
5.578798052874155422e-01
5.602897581951415962e-01
5.657119532435621601e-01
5.688043305133575478e-01
5.726706942941924838e-01
5.756366585410872538e-01
5.786869755728304421e-01
5.824082775108645471e-01
5.856903944309034271e-01
5.894609534064015888e-01
5.930687630170748958e-01
5.967026545955452788e-01
6.001385915845698360e-01
6.037285341052339716e-01
6.067979641279225289e-01
6.099597307151016778e-01
6.132764312221193892e-01
6.166092953954857014e-01
6.192155431378175701e-01
6.233461611592062690e-01
6.262485055624074093e-01
6.300356830636526517e-01
6.330225553141796135e-01
6.360022727780083596e-01
6.390054506719485827e-01
6.416684832027145236e-01
6.453557170134334164e-01
6.488376863997463717e-01
6.516279815027522515e-01
6.552579079884141011e-01
6.584060410305834221e-01
6.613574881020254370e-01
6.646078041035567985e-01
6.678166034234842563e-01
6.704576121466756522e-01
6.738662805389439292e-01
6.759594402099883270e-01
6.793696644277302799e-01
6.823365367377204338e-01
6.859683366286318806e-01
6.878301686545440496e-01
6.917358944739566695e-01
6.947621505064206504e-01
6.976300648138672456e-01
7.004036177622054993e-01
7.032772903064884451e-01
7.065456943411198010e-01
7.086155193057942503e-01
7.116652031962398262e-01
7.147231791872390438e-01
7.178447997173565964e-01
7.213982083909384890e-01
7.239443170633489411e-01
7.266015959496927579e-01
7.289316001256155308e-01
7.323071527987030649e-01
7.343715402306492113e-01
7.375876069385082223e-01
7.397292476585429766e-01
7.425941397344909545e-01
7.458814213444598940e-01
7.491207086460951459e-01
7.504771823915211693e-01
7.537913724983487107e-01
7.564692735444183969e-01
7.586700967210039392e-01
7.611291452059266716e-01
7.646006309795798650e-01
7.671431696415408341e-01
7.699237478728879758e-01
7.719978240567310079e-01
7.750322979118153821e-01
7.773245263035949426e-01
7.799572367385892990e-01
7.825776817323883972e-01
7.852115543749426108e-01
7.874028868098754685e-01
7.900810793284471778e-01
7.930874902640272506e-01
7.952416054469532147e-01
7.971377499897888130e-01
7.999846892919785235e-01
8.028904809674125564e-01
8.045335095364039013e-01
8.072902320625401362e-01
8.094053873880069361e-01
8.120633330594313470e-01
8.145570106030652902e-01
8.165904550585989519e-01
8.191701136436208008e-01
8.220941974831093013e-01
8.240066402966630399e-01
8.265069395302542254e-01
8.286551642470298962e-01
8.305115373360446585e-01
8.333440274913210821e-01
8.360974787462553959e-01
8.379734984191644642e-01
8.396286741898153494e-01
8.424636777820171396e-01
8.449170048524894394e-01
8.470035383925440531e-01
8.496404252690266112e-01
8.508928963661168687e-01
8.537943678235048184e-01
8.564735096684369386e-01
8.575788656995824155e-01
8.597975500064581889e-01
8.623663998891371030e-01
8.644918492889847039e-01
8.668036375346049871e-01
8.695407566280070055e-01
8.721440663242761016e-01
8.722906551917275486e-01
8.725750646933767563e-01
8.788238681814604103e-01
8.840263250873767742e-01
8.816453325872072311e-01
8.782163879627339353e-01
8.849883212718634429e-01
