1.560739150469636106e-02
1.549418601940517892e-02
1.514391541689259248e-02
1.403900464433002933e-02
1.405011178542683176e-02
1.249986688498679922e-02
1.648510957456318649e-02
1.944154132599374904e-02
1.933206799701530851e-02
2.230396797137863124e-02
2.637066553121923326e-02
3.396916147723805929e-02
3.426741194625983894e-02
4.062606973663580867e-02
4.796648548172993687e-02
5.101483180073292101e-02
5.525057591783997385e-02
6.763873138329433432e-02
7.682170063331678067e-02
7.859597746416532860e-02
8.733973209969533857e-02
9.387566984488478206e-02
1.009576162641407371e-01
1.082609825916042712e-01
1.183586265815965710e-01
1.237458277714185290e-01
1.282831083007440476e-01
1.401868417803085187e-01
1.494885421674030379e-01
1.545411903364889983e-01
1.608958245792027897e-01
1.689595256988598027e-01
1.788750343888983740e-01
1.835871665833893052e-01
1.909615572793705585e-01
2.003105853912170997e-01
2.043083191578254076e-01
2.142398394440434006e-01
2.208979884155277407e-01
2.268079080362636613e-01
2.356244815920331692e-01
2.449413762375524661e-01
2.514867347689013766e-01
2.583794547541279352e-01
2.648207569013589224e-01
2.734431538998045585e-01
2.788541929501783256e-01
2.859896515546870299e-01
2.937450059255631296e-01
3.011989331581671481e-01
3.079939702979860305e-01
3.157106620645125372e-01
3.194950137396798673e-01
3.287957643895758619e-01
3.356780515993036396e-01
3.401389212490208425e-01
3.471660889814575657e-01
3.537778382614700234e-01
3.611182956290946988e-01
3.663356895945486524e-01
3.722838649175694292e-01
3.781349587188298500e-01
3.854134195463435608e-01
3.904559568904927835e-01
3.977042201692070345e-01
4.048208805031502933e-01
4.099740613479330165e-01
4.156283096471076743e-01
4.215834758875190991e-01
4.277893497468850947e-01
4.322659861320382602e-01
4.389623935674633048e-01
4.446456261335406945e-01
4.491870039814863103e-01
4.548535537957046349e-01
4.601206328540965451e-01
4.667547859961312384e-01
4.710344588597674131e-01
4.757301460310835450e-01
4.821314681731235785e-01
4.873187047341537848e-01
4.913136381866728408e-01
4.972811112384678545e-01
5.021333952797794042e-01
5.068974161646293553e-01
5.114420005758338883e-01
5.177448799856521067e-01
5.212276689497870041e-01
5.267103206234127200e-01
5.318519492701829776e-01
5.354425719728754807e-01
5.405289792103465940e-01
5.449487194877348228e-01
5.491885688190900616e-01
5.530787448227121317e-01
5.591834773292073679e-01
5.636805005325906670e-01
5.672029494066014310e-01
5.718156333614792253e-01
5.754159995811659600e-01
5.806023461222555859e-01
5.839711724295576500e-01
5.885816321690184871e-01
5.948980417209430716e-01
5.965026245973863439e-01
6.002922089522126914e-01
6.048185573875511922e-01
6.089538419953565151e-01
6.127576266395319271e-01
6.164809420779258087e-01
6.209667893279151585e-01
6.236234932934654474e-01
6.275273291848936230e-01
6.315839813466251895e-01
6.356383079314680273e-01
6.392369443541475738e-01
6.421439189385924617e-01
6.457612993349912678e-01
6.498770113727891928e-01
6.535356087562931293e-01
6.569581789276187633e-01
6.596883377330864384e-01
6.635342641316853696e-01
6.665121577546097020e-01
6.697942534009971860e-01
6.735885242560063491e-01
6.769770309216087689e-01
6.793326536604498145e-01
6.831099761776551205e-01
6.862216668777151307e-01
6.894506203363129915e-01
6.929163866257112003e-01
6.953379551912445278e-01
6.987846483882996784e-01
7.015171644397889539e-01
7.048870309972440351e-01
7.072382649522193088e-01
7.102834237076381951e-01
7.136872934585057893e-01
7.168234319915050001e-01
7.189195604497621295e-01
7.216294686399483682e-01
7.242809427682379564e-01
7.276480617053104893e-01
7.295668196630985536e-01
7.327383518908381355e-01
7.354213501371694717e-01
7.375323579799419882e-01
7.409402645494247430e-01
7.434436949903353575e-01
7.460173986672503643e-01
7.489741679135807351e-01
7.510131766310524926e-01
7.539531292887180491e-01
7.554747779136143926e-01
7.595670226752637699e-01
7.610904935833013862e-01
7.632818529231641946e-01
7.664450898572779947e-01
7.683629819339592437e-01
7.706769434580553746e-01
7.732420445941697862e-01
7.759005708640583920e-01
7.775850349899025016e-01
7.802476981588439831e-01
7.818718517628903131e-01
7.842441875983509059e-01
7.870144902982884050e-01
7.891410398849223462e-01
7.911460004674529811e-01
7.934804465568073839e-01
7.948583729475159343e-01
7.976313986398424483e-01
7.997992165692642264e-01
8.019966152218972466e-01
8.041391029728569562e-01
8.062073468141257582e-01
8.079660881989392252e-01
8.097608576767911792e-01
8.116645843152709983e-01
8.137936778039437380e-01
8.159275977834121729e-01
8.178002959055397092e-01
8.192276258854950255e-01
8.220977295608555835e-01
8.242837765512368575e-01
8.254664517034310256e-01
8.271173777383866721e-01
8.292809219923491515e-01
8.312905246582790175e-01
8.325678460170502504e-01
8.348738974582319283e-01
8.370125444764365819e-01
8.389690243711966922e-01
8.402110918040227583e-01
8.412876607336294832e-01
8.439106515177617895e-01
8.451451534635177065e-01
8.468316132345290459e-01
8.482806790847358114e-01
8.504202365235039585e-01
8.516369939603585237e-01
8.540892283111908290e-01
8.553412451428773489e-01
8.570590712324898108e-01
8.587033830149580771e-01
8.608684727750118837e-01
8.618892467071210817e-01
8.637210529466180509e-01
8.655961990979369469e-01
8.663361324478049408e-01
8.678656488963666371e-01
8.703570470329055064e-01
8.715760636573957054e-01
8.733250961657366140e-01
8.742911475250656483e-01
8.757413970046369345e-01
8.777643438942203113e-01
8.784157349189442021e-01
8.800122626617457033e-01
8.821905947749882904e-01
8.834494416217725243e-01
8.840017924210663569e-01
8.863582984463671544e-01
8.872309570344711904e-01
8.890752677695520356e-01
8.907304775764787186e-01
8.916948705617073756e-01
8.934483006813737083e-01
8.943194594112998663e-01
8.952170426776165923e-01
8.970400167313061779e-01
8.982354559304654984e-01
8.996959795020161854e-01
9.012231741529669327e-01
9.023379658927173086e-01
9.036150991361984186e-01
9.051487212583083641e-01
9.057280120744755081e-01
9.072087342747344740e-01
9.091982200353353472e-01
9.100580229250071485e-01
9.117385508852859921e-01
9.130539045138754695e-01
9.136420534810264504e-01
9.146516244369086168e-01
9.155721406498684711e-01
9.177836489806843190e-01
9.196148006127861096e-01
9.192767202636973334e-01
9.189151261707386720e-01
9.230290339865402371e-01
9.270125317754326355e-01
9.246305879638916370e-01
9.217851609180414130e-01
9.267872311404576902e-01
