2.691344194986337174e-02
2.599591829751504712e-02
2.530185143215020471e-02
2.476991804495173866e-02
2.391911795075340672e-02
2.304473195005125874e-02
2.164783076737853210e-02
2.064860880588362604e-02
2.081113514272898979e-02
2.116333076683845488e-02
2.207369773751226977e-02
2.026223158742957928e-02
2.146466975463972443e-02
2.591369199595806860e-02
2.681965386625638839e-02
3.126141952071932045e-02
3.571464364150073179e-02
3.233453646443409241e-02
3.179809166305071211e-02
3.528033944472262762e-02
3.877040609317645992e-02
4.221232043926329697e-02
4.983807267369711608e-02
5.606380521956764312e-02
5.184487882823170246e-02
5.775419148429136035e-02
6.669618983469970119e-02
6.894995214951746276e-02
7.828478959570978057e-02
7.967970561754210423e-02
8.408383130632408886e-02
8.762655464948072848e-02
9.363355935231298943e-02
9.461653875893544230e-02
1.037376426035534899e-01
1.108136808271212165e-01
1.181237944320295691e-01
1.250619533100947312e-01
1.289177439691257809e-01
1.319671123395860235e-01
1.395584354612275646e-01
1.445315933710254741e-01
1.497313503509299926e-01
1.542135237784686419e-01
1.587360685418868766e-01
1.668026791248194141e-01
1.731011480179729389e-01
1.782538349968195157e-01
1.835143229134650611e-01
1.924179096973019365e-01
1.969499572129372600e-01
2.006157092921555529e-01
2.082904689812409837e-01
2.099364937748457172e-01
2.166798838478597167e-01
2.248506419930287881e-01
2.321975040210840779e-01
2.384189840279077321e-01
2.441861064594758046e-01
2.485843011721977636e-01
2.542814148980525601e-01
2.593450505822988417e-01
2.672900009940139543e-01
2.714975069106552730e-01
2.776051008427239397e-01
2.829383452311194924e-01
2.876937053555702062e-01
2.944064724766620733e-01
2.989528862766611117e-01
3.038833894720919249e-01
3.072304215668249516e-01
3.168995254620285973e-01
3.229073051989674870e-01
3.238640710491296759e-01
3.336780476358569558e-01
3.376946667336661601e-01
3.424324652641791977e-01
3.473632632352368632e-01
3.531368725254458996e-01
3.566000700600746587e-01
3.631096143533066867e-01
3.681477837567797007e-01
3.727040036679767909e-01
3.787739103689928832e-01
3.850577052132946876e-01
3.915345102673608579e-01
3.964617668357071079e-01
4.009697927999604783e-01
4.060463102888843268e-01
4.102366747692307580e-01
4.160852271139158787e-01
4.215027240554634624e-01
4.255626055022794230e-01
4.304299515135497911e-01
4.351712659927111093e-01
4.388548579890392265e-01
4.436338850145072898e-01
4.487793381424312056e-01
4.526101131703631486e-01
4.584828929833412170e-01
4.661396221171086873e-01
4.695181914157267600e-01
4.749877882588841582e-01
4.777842106340719486e-01
4.825668613762297277e-01
4.852807798470228362e-01
4.911628380929212168e-01
4.961737219779833175e-01
5.024035786891527522e-01
5.067952427714794705e-01
5.093168133199089676e-01
5.131686232901241373e-01
5.176849473859708173e-01
5.229209317869650819e-01
5.253942061864500523e-01
5.300088379184849652e-01
5.363729170924877998e-01
5.394021339393941794e-01
5.434772343434887132e-01
5.476646590232544520e-01
5.517718605201145099e-01
5.560842691150491568e-01
5.628898993810190765e-01
5.656780001458510121e-01
5.678481695010050290e-01
5.720015993849109082e-01
5.760082928346365039e-01
5.808797645409424781e-01
5.858153468542792730e-01
5.887430018064127024e-01
5.934086019992775851e-01
5.964671895410432745e-01
5.995991688402384501e-01
6.043914004168591259e-01
6.076159966501074594e-01
6.128043984699234059e-01
6.162493933627147813e-01
6.194379651357927452e-01
6.234092497168790548e-01
6.262007340941281308e-01
6.300293786734534329e-01
6.341155582784755440e-01
6.375254358673906330e-01
6.423975739405924923e-01
6.444256145934252888e-01
6.474730665483883207e-01
6.511718026624726541e-01
6.545801389226872935e-01
6.569268074955286751e-01
6.614316235537480715e-01
6.657057318558667891e-01
6.683181712443354572e-01
6.727305003302046504e-01
6.752193621302364779e-01
6.788831071518147686e-01
6.821084736292342132e-01
6.855910765045498678e-01
6.885719256823620293e-01
6.911820835112102435e-01
6.953186927601331391e-01
6.984145965155856839e-01
7.020133894047172474e-01
7.047911716047069453e-01
7.072194122274561012e-01
7.103081379334181822e-01
7.131415495193239584e-01
7.169543136176781406e-01
7.202480607049126515e-01
7.238730287370591654e-01
7.257335327335564523e-01
7.290570911951402833e-01
7.309556075233406558e-01
7.353967644876199250e-01
7.377871290158336537e-01
7.408557200884131611e-01
7.435131198313088552e-01
7.462473158015644481e-01
7.498460064085307186e-01
7.525044027578411399e-01
7.557127030273029789e-01
7.586335867081649420e-01
7.601680582059390234e-01
7.631886495484277999e-01
7.661598485734324449e-01
7.690491775870503810e-01
7.719010153788182782e-01
7.746399127215921609e-01
7.773900139870414394e-01
7.798293426970319686e-01
7.834534836956577042e-01
7.856892447076248009e-01
7.880376710884801073e-01
7.909751072333058852e-01
7.940502081950943092e-01
7.957901424161704096e-01
7.985779892849587114e-01
8.014031078085648296e-01
8.033918984544784481e-01
8.054842369424519699e-01
8.084998701037902080e-01
8.109367321293359243e-01
8.139524997266854855e-01
8.156485341266100919e-01
8.180670440286516021e-01
8.206792955614925500e-01
8.233219716248285636e-01
8.256052193815375251e-01
8.291049211527579121e-01
8.311021208824268536e-01
8.328728866228017891e-01
8.343383497602110399e-01
8.374665035952639780e-01
8.392471630857927245e-01
8.424034822147608015e-01
8.445818711279823310e-01
8.462678130875802562e-01
8.487906864572571930e-01
8.519046985689943119e-01
8.532407172290112918e-01
8.552488356141044745e-01
8.573550721231452121e-01
8.604293016485293766e-01
8.627219608382050708e-01
8.645053921124683516e-01
8.670620831504178838e-01
8.694383836853005754e-01
8.706831339919731683e-01
8.732254214457269015e-01
8.743787717367428325e-01
8.769555914649924677e-01
8.790135943623205161e-01
8.808939828860919974e-01
8.827409766978380201e-01
8.857887450129681151e-01
8.870678987921507552e-01
8.893366942818820009e-01
8.909104303698573979e-01
8.931386275875152769e-01
8.950403258805420537e-01
8.963768971540677644e-01
8.980156292321868072e-01
9.006699045168101714e-01
9.030143648934314538e-01
9.053731631367049060e-01
9.058354035179556618e-01
9.082089281018422833e-01
9.108401150811619162e-01
9.124789239859318890e-01
9.145872277247840687e-01
9.158740689534419221e-01
9.182893333922593770e-01
