1.896806418560280025e-02
1.842298134844221058e-02
1.778662391622171796e-02
1.628415024607502218e-02
1.646102258430336834e-02
1.448555389464691728e-02
1.935106333031387862e-02
2.285171613440768051e-02
2.300930217516878457e-02
2.662580468247611673e-02
3.141580089300700235e-02
4.007961039237162987e-02
4.082008661637512303e-02
4.861797967918791291e-02
5.668734361754996370e-02
6.143563152575194641e-02
6.596387891833806194e-02
7.939850365370683394e-02
8.989112208854488362e-02
9.269455276371810215e-02
1.022100108145982261e-01
1.098257464902194364e-01
1.187839261099733063e-01
1.268901697507377468e-01
1.378231582739498917e-01
1.434671405467051741e-01
1.491866241956237571e-01
1.616903045577334774e-01
1.715002888141267112e-01
1.781502172191200828e-01
1.858655463769498528e-01
1.945975184097575306e-01
2.037145572029618046e-01
2.113404693874099127e-01
2.184577598138055521e-01
2.285659214161541442e-01
2.331429181971228226e-01
2.434607263467893634e-01
2.507363290007995626e-01
2.571188294782459360e-01
2.665779144392558253e-01
2.757833427010080163e-01
2.838177182786514319e-01
2.910645220512979026e-01
2.974202717700172305e-01
3.064692538579399383e-01
3.125517207906844952e-01
3.190137955950292370e-01
3.269243578935513983e-01
3.348685399970101062e-01
3.424763827085411938e-01
3.496565590006825430e-01
3.544421973017092831e-01
3.633419431754369988e-01
3.716075274803818385e-01
3.759607713459932610e-01
3.836327715468814681e-01
3.897303450547967563e-01
3.973862072868253326e-01
4.027655332317768844e-01
4.088527783437159169e-01
4.153913276849279801e-01
4.216676985225497054e-01
4.277426957621666692e-01
4.332501815938086809e-01
4.403262912917217942e-01
4.464187964162397160e-01
4.521555281101543033e-01
4.575436644028018640e-01
4.630870956000012750e-01
4.687234837078157468e-01
4.758198584834674172e-01
4.811273646061076659e-01
4.846151614967944554e-01
4.909546456549777615e-01
4.960827160864820229e-01
5.017407707283593199e-01
5.069661043303814729e-01
5.121096990217544054e-01
5.170878465531368873e-01
5.225274928913392625e-01
5.267143365952342560e-01
5.318381351583608696e-01
5.380355420923825793e-01
5.426121456864333448e-01
5.469007839099174761e-01
5.516598644106525118e-01
5.559419214173382251e-01
5.604406140255586699e-01
5.653762464158613721e-01
5.687905089409119874e-01
5.751094742095502754e-01
5.787817354778876933e-01
5.826919075742779119e-01
5.862888968801067691e-01
5.914809013619740652e-01
5.956019693057362785e-01
5.995915445617864270e-01
6.040122323004165628e-01
6.072207486363633278e-01
6.114386052335705202e-01
6.155690127073268902e-01
6.196055546970573591e-01
6.243290128707448261e-01
6.279846997838943734e-01
6.306409258009800789e-01
6.341444237364257663e-01
6.377349985249191056e-01
6.415165953586579040e-01
6.457887809558043868e-01
6.491959429649908353e-01
6.513328399881523900e-01
6.555184994303000501e-01
6.586551792553706486e-01
6.619718386418452782e-01
6.658850116267971408e-01
6.688667129151208979e-01
6.716917875375660874e-01
6.751241323106367265e-01
6.786359571445533811e-01
6.812041538306283783e-01
6.848610453663266373e-01
6.870284188801524250e-01
6.907494200690664776e-01
6.939625662146883256e-01
6.972864513977183876e-01
7.000015864624110629e-01
7.026989621044513745e-01
7.055592330992408456e-01
7.082188670931962582e-01
7.112097647614370466e-01
7.144205765470514891e-01
7.162881046341905700e-01
7.194072174344108284e-01
7.225644674712841109e-01
7.250011394601828529e-01
7.277864685163620839e-01
7.304211789342955896e-01
7.335430214834017804e-01
7.355901203910260033e-01
7.383022812407132873e-01
7.401304624579135849e-01
7.431971390382110521e-01
7.459043381100525227e-01
7.486610078721912531e-01
7.507220937340651767e-01
7.534127129642449461e-01
7.555038193525731582e-01
7.579937546001889181e-01
7.600252642632590039e-01
7.629154882548196959e-01
7.642175882638571061e-01
7.669375056416218861e-01
7.695671271463679908e-01
7.713885612964282990e-01
7.730017068086530996e-01
7.758191866685951732e-01
7.775286643844832035e-01
7.801568380128748315e-01
7.825832781662142024e-01
7.846034354094372221e-01
7.860187541276232315e-01
7.880429998481481846e-01
7.900632095430311086e-01
7.921143399316287192e-01
7.942992709759758574e-01
7.966006266315255324e-01
7.980870414834391191e-01
8.009667176538171063e-01
8.023369324175781969e-01
8.042433921586277235e-01
8.057931374376487987e-01
8.074701540130074795e-01
8.090360669138830785e-01
8.118064629947275845e-01
8.124918985183862130e-01
8.151186125773974833e-01
8.165521232714268995e-01
8.189751351760438114e-01
8.202791675856697662e-01
8.222775135259406953e-01
8.238470200645199304e-01
8.259057794770023886e-01
8.274531630110756319e-01
8.285970387123278158e-01
8.306353317795271973e-01
8.327552052751650002e-01
8.343620993000350206e-01
8.357650075899420994e-01
8.366310332223908519e-01
8.394752489539698548e-01
8.410970439500293772e-01
8.418885311852846165e-01
8.438860530129123072e-01
8.458014833512492725e-01
8.465690054874986936e-01
8.481188171424723921e-01
8.496688880292967427e-01
8.516669396458570462e-01
8.529205885601868209e-01
8.549939018842576122e-01
8.554793952108409316e-01
8.577904469014783206e-01
8.591083774578247567e-01
8.603741345493917114e-01
8.620658759451290676e-01
8.626461029129316449e-01
8.652869089189414442e-01
8.661060207384057019e-01
8.678797268446882818e-01
8.691469547699967046e-01
8.704418632064833128e-01
8.717800444268374305e-01
8.732919829283173341e-01
8.744552343548752660e-01
8.755560741215050458e-01
8.768813103025518974e-01
8.786615253755951649e-01
8.794634824794305139e-01
8.813034174030240919e-01
8.823675920972280373e-01
8.840406455900216010e-01
8.848153933377149727e-01
8.858716344767421091e-01
8.871183884344966408e-01
8.886739662945387641e-01
8.891413809467286766e-01
8.910358547926777728e-01
8.923887962805863161e-01
8.936867635236889207e-01
8.949206192635359436e-01
8.963040555799079989e-01
8.971703811253963767e-01
8.982143364590662316e-01
8.999180248686176053e-01
9.013490689473091511e-01
9.015791028477092572e-01
9.029270506007922581e-01
9.041959572254092414e-01
9.059174760900517986e-01
9.066950839053052880e-01
9.085205465575534323e-01
9.087011012373247265e-01
9.097869577096427962e-01
9.105853613715697570e-01
9.121257676403757841e-01
9.131445773693456225e-01
9.151957442326255077e-01
9.163095806489145456e-01
9.160396961170641505e-01
9.156049382333286690e-01
9.194276646208477954e-01
9.229142969810244512e-01
9.213749724078157399e-01
9.186501053548528084e-01
9.222449656492794912e-01
