9.030561322722421291e-01
9.031064031348766674e-01
9.031062627970297685e-01
9.034574969780289067e-01
9.038795364814685707e-01
9.040175118886492056e-01
9.040724205321517548e-01
9.040411249103158520e-01
9.038608373290328846e-01
9.037610455135594023e-01
9.036391905428223792e-01
9.035235009242599258e-01
9.035886648265453180e-01
9.038017462990503015e-01
9.038831796583880474e-01
9.040691503176191413e-01
9.042161198641512909e-01
9.039385114970517332e-01
9.037557308188189920e-01
9.037907071346579224e-01
9.037772497174438868e-01
9.039133434669919254e-01
9.041612111365228133e-01
9.045598327672320638e-01
9.042045207910202054e-01
9.044345437287520939e-01
9.048806928996039334e-01
9.046497818216855391e-01
9.050930094764194633e-01
9.051386410646763414e-01
9.051620801254177673e-01
9.049565025174439725e-01
9.052087932033668904e-01
9.053472400299651390e-01
9.060005314758448058e-01
9.061445263639734682e-01
9.062110069399639256e-01
9.066334175792007954e-01
9.068361364739934150e-01
9.066208305772964771e-01
9.070957831825892104e-01
9.071734764466056200e-01
9.072054419743074138e-01
9.072046284260362192e-01
9.071885374715573658e-01
9.075671797205082658e-01
9.077415384801368337e-01
9.079692553740678074e-01
9.083654714504344474e-01
9.085652619320475631e-01
9.085593109960552471e-01
9.089580646933711483e-01
9.094161788959470583e-01
9.092721813352951932e-01
9.091913572543591782e-01
9.093881263668883719e-01
9.098820744209283884e-01
9.107663542476492902e-01
9.105756070432809990e-01
9.099125758225760086e-01
9.105009724317127962e-01
9.103719694421080755e-01
9.108139803601166262e-01
9.111191012891576291e-01
9.111493573125853951e-01
9.108275539518682073e-01
9.120067656213817209e-01
9.116287454039728733e-01
9.120284598914980556e-01
9.117821128404581810e-01
9.122749735504129820e-01
9.129421784340618906e-01
9.127073340589139105e-01
9.127106452354822874e-01
9.132480258252921868e-01
9.129209794081047935e-01
9.132967937638472034e-01
9.132642485645757757e-01
9.133961581369051119e-01
9.143715500037405963e-01
9.147678347153029854e-01
9.140925715246170924e-01
9.145460392652802195e-01
9.151463947723709191e-01
9.144537120124127672e-01
9.141184356097507013e-01
9.143768584721579940e-01
9.144599426225938910e-01
9.148457686065859518e-01
9.143395146465160828e-01
9.144032969817184053e-01
9.154992443234292177e-01
9.155581976604004746e-01
9.154841088586816999e-01
9.157819799643249770e-01
9.162634394346683697e-01
9.152216665243382288e-01
9.162280090829932888e-01
9.161205226855706485e-01
9.160705766057859467e-01
9.165166186962797612e-01
9.164625768821573759e-01
9.161978489393995950e-01
9.161495445047524999e-01
9.158786157397743599e-01
9.167685720493438106e-01
9.167879917549227597e-01
9.165140123562955932e-01
9.172954240696117312e-01
9.165814258743851806e-01
9.164893627882002569e-01
9.159032578707474448e-01
9.158186162764470062e-01
9.159182912316490288e-01
9.170840829586652809e-01
9.165105355741978155e-01
9.161530538867846962e-01
9.163856804011304424e-01
9.159530787183770562e-01
9.161429676260290922e-01
9.169981831375557668e-01
9.166839070577534887e-01
9.161559166383290709e-01
9.163607572126523104e-01
9.167685392838770264e-01
9.167583645493599942e-01
9.168775331361714853e-01
9.165144405262009020e-01
9.163931522136791186e-01
9.158952040886664259e-01
9.161024929158492203e-01
9.167796565777291962e-01
9.160406097819021598e-01
9.156994635003503635e-01
9.157473243354351533e-01
9.158389211068918012e-01
9.154800959779875180e-01
9.157380044382880113e-01
9.160420787437419943e-01
9.160449768634308931e-01
9.157884497688396630e-01
9.159745716379714686e-01
9.154247229980790879e-01
9.153150286577477202e-01
9.151768183467937634e-01
9.147681613285346680e-01
9.149747964691886670e-01
9.147726043303169297e-01
9.148630883877675313e-01
9.138550159693865638e-01
9.142062600985562115e-01
9.127674304395935190e-01
9.138397104028809226e-01
9.130939257955656974e-01
9.127904673191292728e-01
9.136363173241490720e-01
9.129522240575120851e-01
9.127924636771992395e-01
9.116887991517771406e-01
9.117481592531665457e-01
9.120318374776735793e-01
9.116842543621678230e-01
9.117500555541176999e-01
9.113840141542673967e-01
9.112797288154793618e-01
9.104317099868489693e-01
9.097129575847943128e-01
9.095334042016119946e-01
9.093442717066949621e-01
9.091712695673314082e-01
9.088901787016956391e-01
9.088074653934360425e-01
9.085470244033686527e-01
9.086834524052861406e-01
9.078497525698829840e-01
9.071743912781045083e-01
9.071869882022718379e-01
9.064327765644618617e-01
9.060311466112664913e-01
9.058924953199158914e-01
9.051067660429973349e-01
9.050566005960588578e-01
9.049704291135866052e-01
9.045299573769928214e-01
9.040869480498979760e-01
9.029621066999244938e-01
9.017959020694819028e-01
9.024596110479035094e-01
9.015408687994760362e-01
9.015424620733469840e-01
9.008134463937667036e-01
9.004299904025878654e-01
8.997252454338853234e-01
8.993063524282608467e-01
8.991283264030862643e-01
8.978060855605630719e-01
8.977062282287172623e-01
8.975877226755603067e-01
8.967920224027955411e-01
8.960222155875580130e-01
8.954574301800151126e-01
8.952095640216645167e-01
8.947840754534058805e-01
8.933589756021537154e-01
8.927272467528084565e-01
8.917174614326137672e-01
8.915209204964769096e-01
8.913786501111594651e-01
8.898578668687698867e-01
8.893895528962788566e-01
8.884380526352653185e-01
8.878885452811292600e-01
8.876853011620251532e-01
8.858121358813351165e-01
8.858912057385527339e-01
8.850037698454832347e-01
8.844768342402954397e-01
8.829775605393116455e-01
8.824547532349660273e-01
8.818861569836460301e-01
8.797014732896993872e-01
8.795881365199140767e-01
8.791141901924324209e-01
8.778264425942432503e-01
8.772227618301934315e-01
8.762201612400740691e-01
8.751394079533134640e-01
8.737378677447188435e-01
8.728388320600933836e-01
8.719118410227857385e-01
8.710904706495875560e-01
8.694546663283995169e-01
8.685705820605875704e-01
8.681236779492299549e-01
8.663738383966537171e-01
8.649104595100571835e-01
8.630778840205134417e-01
8.618395664875704298e-01
8.607614681132909062e-01
8.591108539249369125e-01
8.571520245627342049e-01
8.559822295393968439e-01
8.543896117182492311e-01
8.532953730627786948e-01
8.511999534535672485e-01
8.497161509527525469e-01
8.475567853748632308e-01
8.456493957040648324e-01
8.428040386395830863e-01
8.406924290470872974e-01
8.380447417606388116e-01
