4.404962286431334494e-03
5.673019834802403918e-03
6.220385404743832350e-03
6.179560713697432490e-03
5.636384177124904513e-03
4.974192432448554073e-03
6.781643534264452516e-03
8.251920940898570256e-03
7.930936718756444528e-03
8.805121450935760041e-03
1.049507525337136163e-02
1.398828967782627525e-02
1.395036623101993979e-02
1.622570332442135888e-02
1.984531561766667701e-02
1.990329197504751846e-02
2.262074146563203964e-02
2.861012161590648431e-02
3.245230210098514617e-02
3.271999008055858499e-02
3.730162856771692542e-02
3.945552570786106661e-02
4.274426387738862465e-02
4.638638928346257989e-02
5.146845186816724482e-02
5.479726955506772357e-02
5.741118767926160077e-02
6.136046080783088413e-02
6.883158848770426497e-02
6.838510300892405858e-02
7.220512831674075205e-02
7.749971453515853981e-02
8.022511969034738788e-02
8.375769765461560379e-02
8.820209567744247137e-02
9.557119079185852351e-02
9.624996053199191826e-02
1.009874673779820181e-01
1.056916759990703253e-01
1.114433249191673636e-01
1.141880963441581492e-01
1.230709680234869374e-01
1.208630258020392395e-01
1.263808048536219641e-01
1.293956119318368236e-01
1.360959247794275018e-01
1.396147343074971292e-01
1.461409362923765665e-01
1.501842767434576897e-01
1.524558100346643796e-01
1.585411095059908737e-01
1.613041987383653231e-01
1.654201688289272942e-01
1.686612546883572705e-01
1.726903964359484678e-01
1.763068251315325352e-01
1.823568503169924471e-01
1.843931906400244347e-01
1.912642116003831494e-01
1.935393542441560533e-01
1.980510380139485771e-01
2.031952620548238553e-01
2.078659912619054972e-01
2.116095870319862071e-01
2.165010156278594222e-01
2.209067346552432420e-01
2.231394754640431133e-01
2.291179807393747825e-01
2.325535577416392996e-01
2.369436585516858096e-01
2.422180139962007706e-01
2.461922086949452637e-01
2.489411990446207534e-01
2.544008577269530891e-01
2.580196983353919560e-01
2.609399078577535058e-01
2.657709367194704964e-01
2.703789376218207474e-01
2.737782489642620609e-01
2.782714904136899259e-01
2.818835403519676097e-01
2.863151644067331580e-01
2.906303183687989344e-01
2.936984749104512571e-01
2.974198143061403399e-01
3.033112435419395569e-01
3.055374620829827692e-01
3.098956581388918052e-01
3.143109529904839494e-01
3.170351992093128346e-01
3.207238077662736275e-01
3.258438833218253450e-01
3.293861830309728345e-01
3.328689350851972706e-01
3.378354709364511099e-01
3.398977160265740372e-01
3.447574149507745545e-01
3.480719273845411799e-01
3.526569946972122893e-01
3.558153755284065856e-01
3.597581993943719247e-01
3.637541389986270746e-01
3.666440718211697591e-01
3.701796079612201251e-01
3.747719748931298556e-01
3.798440093980295917e-01
3.822840967878367580e-01
3.867767040137731205e-01
3.896603816178009771e-01
3.941431228398900588e-01
3.966689720845136824e-01
4.006962967109595208e-01
4.051300865485787939e-01
4.082698682995235528e-01
4.120118103187425107e-01
4.154462480769294253e-01
4.194628411713954286e-01
4.230556238612093733e-01
4.256652566338312016e-01
4.304544968546827888e-01
4.328371563835872182e-01
4.370787100627351873e-01
4.407549188221164260e-01
4.437174009962039367e-01
4.471012915773125429e-01
4.498878500352062049e-01
4.536681644282404835e-01
4.580730149333278600e-01
4.611371945519364135e-01
4.654816063250209468e-01
4.679118149309477448e-01
4.719908892660438782e-01
4.755570807622588880e-01
4.786056961293151946e-01
4.820867098317582755e-01
4.845054549066420968e-01
4.886411247274098368e-01
4.923655812726243641e-01
4.955270390583767504e-01
4.986652778936490060e-01
5.025661926557453141e-01
5.053345531974134941e-01
5.080608236048004267e-01
5.115908164077265230e-01
5.140976810435052835e-01
5.178473083660580789e-01
5.212301853550415087e-01
5.248448295549419385e-01
5.284463109284268656e-01
5.314275623002606697e-01
5.338586226607315854e-01
5.374191890103882097e-01
5.400170313678459566e-01
5.435676279527312804e-01
5.462844348395924365e-01
5.502951651953760237e-01
5.530282770387026092e-01
5.560732273044337592e-01
5.590262582213874065e-01
5.621043500776711221e-01
5.651269825143068193e-01
5.679286076207471501e-01
5.712842061010942052e-01
5.749396428721385011e-01
5.774801609052349072e-01
5.804248956924734637e-01
5.835714482360849775e-01
5.865316100323298976e-01
5.894407625543979234e-01
5.927285495248291181e-01
5.952665301165714906e-01
5.991179078211236186e-01
6.013543245756092226e-01
6.047871973304476123e-01
6.073554428338031608e-01
6.101101047512830222e-01
6.128004381658753719e-01
6.156527926464956391e-01
6.181229493202260450e-01
6.217068084459183019e-01
6.239711695637846223e-01
6.266703231526959961e-01
6.297295081413483153e-01
6.329660118465042506e-01
6.358570379462222810e-01
6.385087773767755825e-01
6.412660535253351668e-01
6.446987601465495876e-01
6.466928854818957406e-01
6.495810811695104103e-01
6.528234482414764228e-01
6.546968013838936340e-01
6.577556011324975360e-01
6.599700674608784956e-01
6.626361841904839789e-01
6.660836407285259941e-01
6.686147369164742171e-01
6.713534224968910058e-01
6.743713274870181129e-01
6.763638114521394185e-01
6.793913578229395789e-01
6.819945031902494570e-01
6.848314234489656371e-01
6.873265658012122081e-01
6.898726190488030374e-01
6.926319089717709598e-01
6.952100651645544138e-01
6.978565337529175627e-01
7.001907158258420250e-01
7.025078549383129145e-01
7.052154296713145643e-01
7.075271662682131035e-01
7.100980843513313712e-01
7.127601707990689484e-01
7.150252497872919832e-01
7.177797027983152667e-01
7.205527565541928192e-01
7.227726884621594738e-01
7.251843915312151667e-01
7.276346036170905363e-01
7.298520674963421273e-01
7.325348348753614180e-01
7.346805867380630239e-01
7.377801110883167590e-01
7.408308742407367919e-01
7.421175088344200699e-01
7.445369411230420287e-01
7.477431787269224195e-01
7.496252801405183241e-01
7.523521822565630846e-01
7.547130735805900326e-01
7.562972034092371176e-01
7.592516371391517804e-01
7.612335377021801630e-01
7.634331722529453801e-01
7.658286212134683968e-01
7.682302180295562666e-01
7.708999097405054846e-01
7.726454796335049391e-01
7.752995593311902134e-01
7.782109174198644785e-01
7.801987783108902397e-01
7.822704730244467441e-01
7.843968473212519221e-01
7.865614049227451776e-01
7.886873715006399443e-01
7.908886625495328282e-01
7.945070299980743211e-01
7.966512729107162460e-01
7.963597015684663605e-01
7.975451210705317706e-01
8.034887566563452266e-01
8.093486535656668757e-01
8.064820900246112423e-01
8.029846161248899161e-01
8.095109474325761223e-01
