7.708234994690656983e-01
7.713100212347226980e-01
7.715744039762861828e-01
7.716526499570619535e-01
7.714217877614604202e-01
7.713061203511110131e-01
7.715760749250438755e-01
7.717880275942515800e-01
7.717033190704468693e-01
7.716569212432150549e-01
7.717855827958263193e-01
7.721479677417815157e-01
7.721810947548166659e-01
7.723272573242024874e-01
7.726105421780010696e-01
7.725879145297809281e-01
7.728611014386005396e-01
7.733849496310589711e-01
7.736926436283830810e-01
7.737017125231890891e-01
7.741272488736384849e-01
7.742635380815217072e-01
7.745922154073907606e-01
7.748998226963795810e-01
7.753417452524665743e-01
7.756810050458601280e-01
7.759264596754608112e-01
7.761165287303377625e-01
7.770482937524915146e-01
7.767339902331505952e-01
7.771484479718523408e-01
7.776433477202605582e-01
7.776915297039994623e-01
7.783073527922528267e-01
7.785786261802313257e-01
7.794884530645110887e-01
7.795122948670535346e-01
7.798042140792449395e-01
7.801516995848751801e-01
7.811458720099453412e-01
7.810144972960838539e-01
7.820235553910401816e-01
7.817338430133571325e-01
7.820914636756631788e-01
7.821154822862874667e-01
7.833502686665643200e-01
7.834211777780827335e-01
7.843800917836931674e-01
7.846742800326844680e-01
7.847532711959732676e-01
7.852091486788664865e-01
7.854815072370603390e-01
7.862543872247456100e-01
7.863765515736678147e-01
7.868742959291826766e-01
7.867868988216574211e-01
7.872377255642797333e-01
7.880885685329523938e-01
7.883932315473987096e-01
7.883674624668310926e-01
7.894408189805812714e-01
7.896263473654963061e-01
7.904044506748487686e-01
7.905798280072237061e-01
7.905989268564580508e-01
7.917880253421475389e-01
7.916205989041941171e-01
7.919476354312380284e-01
7.928977826881644653e-01
7.935194362242224964e-01
7.937610154646388416e-01
7.941863052490198971e-01
7.944111152701828216e-01
7.950007180248749306e-01
7.950918419442902785e-01
7.950896288249629240e-01
7.958133957438603412e-01
7.967128770422442496e-01
7.969627003882493455e-01
7.968879789876585074e-01
7.978884624327657882e-01
7.981653213217547727e-01
7.985447386639986656e-01
7.986009836354190927e-01
7.991989329799963349e-01
7.998725634245869021e-01
8.003614698446780418e-01
8.005434540878426652e-01
8.008084371101223953e-01
8.014817001081564474e-01
8.018279457890337136e-01
8.022930404641569480e-01
8.025502144218890077e-01
8.031507921562041075e-01
8.034142995001433141e-01
8.039368620405992205e-01
8.041143666069525686e-01
8.042656777677166247e-01
8.053988231945024001e-01
8.051192979674003380e-01
8.062552709730428369e-01
8.060925660827210626e-01
8.063287480634089288e-01
8.070556735553396921e-01
8.070789729154767000e-01
8.080430754085570211e-01
8.081476021084101902e-01
8.087729267606408312e-01
8.091643305852387336e-01
8.096729638101035631e-01
8.097567368211151528e-01
8.105517040530031414e-01
8.104971069881482526e-01
8.112286368927452695e-01
8.115354559818319657e-01
8.115194951409254731e-01
8.127568661085787793e-01
8.130065625200439960e-01
8.130019799014402970e-01
8.136758677440640852e-01
8.141304556714455964e-01
8.144863639762283114e-01
8.145072575383403013e-01
8.151696219868921345e-01
8.154424387217791281e-01
8.156648569442819241e-01
8.161546426169909996e-01
8.162838703398241913e-01
8.171008292581857235e-01
8.174189116758444618e-01
8.177239768570158107e-01
8.182770118494212541e-01
8.187584297808419009e-01
8.189180575490274672e-01
8.193343850044059185e-01
8.194753066762036076e-01
8.201876687417631873e-01
8.204773267737991427e-01
8.209333485630295746e-01
8.211414360670100665e-01
8.216247158042716547e-01
8.218199869509561495e-01
8.225191646751404129e-01
8.226752398417710443e-01
8.230830341383084114e-01
8.233516084015688463e-01
8.237239276463526050e-01
8.239017430808677211e-01
8.247784246210001502e-01
8.249225526226113825e-01
8.251200231760908999e-01
8.256762983755139285e-01
8.258520855650867132e-01
8.264476522404728964e-01
8.266003383150745121e-01
8.271372682603557180e-01
8.275010075024331613e-01
8.276562150544655161e-01
8.279160535455268866e-01
8.283043238573789546e-01
8.284867749008264504e-01
8.292448750266667723e-01
8.293517600506138399e-01
8.297348765978388441e-01
8.301937207032349386e-01
8.305182436165057247e-01
8.306897363440536308e-01
8.309877061984819457e-01
8.315049193160183316e-01
8.317533708997330022e-01
8.322126950739806572e-01
8.323603412898257226e-01
8.328392610359890424e-01
8.330534005421585952e-01
8.334654927904842081e-01
8.339495516595742952e-01
8.341001242346868239e-01
8.343406620934554763e-01
8.348371972915836770e-01
8.349626542652027750e-01
8.353573576473499740e-01
8.358146452676971094e-01
8.357401164174835806e-01
8.363038194657614888e-01
8.365419907529313415e-01
8.368562003578545738e-01
8.371094847133925265e-01
8.374837421677645555e-01
8.378098761255122762e-01
8.380905932781708145e-01
8.384250992524825419e-01
8.384834113767499764e-01
8.387957771105435389e-01
8.391216240331088594e-01
8.395091554348615981e-01
8.397993405335887340e-01
8.400118517608765600e-01
8.401484681456307113e-01
8.406170758121256359e-01
8.408893679835898194e-01
8.409390160558101179e-01
8.412497469276962736e-01
8.414684026740718581e-01
8.416743316442892864e-01
8.419496495429583671e-01
8.422054965357627099e-01
8.424294950858355335e-01
8.427438089223333595e-01
8.429481221453457573e-01
8.431292610639371521e-01
8.432591352036016286e-01
8.433865894841652278e-01
8.437359727251646513e-01
8.439828085582097295e-01
8.440482608472248405e-01
8.442241548233845316e-01
8.444115710382054107e-01
8.445265181023791090e-01
8.448329869699029437e-01
8.448857034190823123e-01
8.449751918616935642e-01
8.451933982905098786e-01
8.453029655191859337e-01
8.453759169229855264e-01
8.455406119962539657e-01
8.456742314927335746e-01
8.457745173720507825e-01
8.457123351397709543e-01
8.458657790512943420e-01
8.458090569215560572e-01
8.458138301090443179e-01
8.459634328132193959e-01
8.460396638681061399e-01
8.460480164746515541e-01
8.459224897283772471e-01
8.458698558742300255e-01
8.459008390440868608e-01
8.457087490244586947e-01
8.456624970396182661e-01
8.454566667393049739e-01
8.453880436030735135e-01
8.450178298012573919e-01
8.449324565580262902e-01
8.447513442501177749e-01
8.443788495708145492e-01
8.438355078897009642e-01
8.433211111262005621e-01
8.434822524529491661e-01
8.430052886959945591e-01
8.412999346314630200e-01
8.404724355572897876e-01
8.413048431411996875e-01
8.414020862360785946e-01
8.378362253964886097e-01
8.343911620770377846e-01
8.337778477217012707e-01
