2.545087776611705543e-02
2.457957870029950712e-02
2.392636845056853381e-02
2.348293131315237411e-02
2.275799029629478262e-02
2.195995949415532195e-02
2.066074700912217538e-02
1.972985782870660676e-02
1.985790958656879351e-02
2.017311245961788194e-02
2.102423918638873790e-02
1.931401718226085154e-02
2.045169461343096518e-02
2.470132286193984367e-02
2.555957482781868670e-02
2.984183545813426375e-02
3.410933930705612599e-02
3.074325764714998938e-02
3.019570508126971989e-02
3.357251885238826672e-02
3.685646750438743152e-02
4.025314970721913937e-02
4.751382004518298063e-02
5.374616293209844714e-02
4.944263294892799199e-02
5.517698041491556765e-02
6.398646981058103700e-02
6.589183890821120881e-02
7.512381756526317900e-02
7.647293966120438657e-02
8.072654915570749712e-02
8.381051855551367724e-02
8.968764198890086248e-02
9.064255546454563772e-02
9.998313803588676496e-02
1.067447248933073162e-01
1.136924972145391538e-01
1.207111326786066696e-01
1.244513004709877774e-01
1.272672491818588325e-01
1.348518378760512615e-01
1.396378113971633306e-01
1.445881202019233258e-01
1.490105891330096854e-01
1.533317372174132498e-01
1.609729704210564050e-01
1.669429846732718992e-01
1.722311881448256865e-01
1.774845398900004034e-01
1.862990282821689880e-01
1.906422251912701649e-01
1.944396603349596575e-01
2.019596436811469664e-01
2.034096701303401422e-01
2.099007884920352507e-01
2.184215424342513256e-01
2.256779426825374912e-01
2.318471059310746318e-01
2.373874744271325943e-01
2.413344970597989525e-01
2.471592509034715168e-01
2.518870840789746990e-01
2.603085897415022831e-01
2.636166127213257493e-01
2.702006222899747678e-01
2.758919456259901204e-01
2.799025184648992748e-01
2.863929537461604169e-01
2.913213958482877008e-01
2.958999568065448504e-01
2.994744448230495792e-01
3.089658454646611596e-01
3.145997218212858715e-01
3.156472578580256649e-01
3.256472879461315140e-01
3.294683958726489226e-01
3.345358355837687592e-01
3.389814851920484040e-01
3.445835815611616448e-01
3.482764074147645661e-01
3.546236514750221724e-01
3.595305080821171173e-01
3.643293815838296035e-01
3.705438470292842235e-01
3.767312004657600855e-01
3.830362817080756321e-01
3.878762968965739355e-01
3.923563532821462974e-01
3.971295428323564081e-01
4.014408414591928431e-01
4.072983683444764691e-01
4.129221861650161363e-01
4.171511993215352154e-01
4.219772279219472511e-01
4.264761965304896263e-01
4.301299636177166041e-01
4.347468348649807801e-01
4.400230623275051545e-01
4.439958913714262545e-01
4.501528927328906082e-01
4.579341793519320358e-01
4.607387710721334018e-01
4.662895082799625168e-01
4.694231648719762173e-01
4.744815690602750546e-01
4.766936501859141972e-01
4.824909940880417469e-01
4.880010448244973542e-01
4.939883593609979417e-01
4.982296846337507801e-01
5.006062002511306730e-01
5.047366284323422381e-01
5.092017423037235035e-01
5.144091328389882589e-01
5.171161354142571609e-01
5.217865446477503166e-01
5.282928930581133331e-01
5.312434537813114366e-01
5.353679288711152839e-01
5.394546174320546950e-01
5.432795173855257120e-01
5.479280051907425841e-01
5.547991037433596118e-01
5.576812348070240288e-01
5.600590963275834389e-01
5.643395788625734655e-01
5.682338169887823920e-01
5.727342332437499461e-01
5.778302386912061994e-01
5.807484763038128772e-01
5.857165770501477908e-01
5.888501425708047021e-01
5.916779523471913382e-01
5.965279953464625029e-01
5.997864552303099339e-01
6.052354941169683089e-01
6.083129242021710903e-01
6.115749405280449524e-01
6.156499773881648485e-01
6.190288530719068039e-01
6.225094605232248668e-01
6.266479599665353284e-01
6.300143050966688918e-01
6.349865885250816078e-01
6.373227446769383908e-01
6.405266443497609208e-01
6.444100314585539113e-01
6.476505358251019029e-01
6.503183073000334824e-01
6.547923816889124060e-01
6.587750278739454846e-01
6.614647878325606856e-01
6.660910566425632950e-01
6.684146967147234220e-01
6.722753505128176155e-01
6.754126871829798651e-01
6.789816949826594783e-01
6.820701291572892622e-01
6.851448778187557709e-01
6.891017349545087711e-01
6.920679083985070701e-01
6.960378956716088972e-01
6.988336240920665077e-01
7.011702210108654576e-01
7.041806355622242108e-01
7.068041876561274028e-01
7.112436577679160932e-01
7.145349411214386715e-01
7.180479818306401141e-01
7.203174863892464197e-01
7.233320394838816947e-01
7.253026749252730054e-01
7.301091067864912132e-01
7.324901317485844610e-01
7.354794998631042358e-01
7.383381103948275515e-01
7.409945450488640839e-01
7.446189444511942535e-01
7.475987044209554400e-01
7.507616817158684341e-01
7.533240373182076288e-01
7.555370756278353417e-01
7.586211314274261541e-01
7.617664546407583170e-01
7.643923696543332147e-01
7.672990257186907970e-01
7.695394389416603254e-01
7.727935354798509682e-01
7.756616840084019637e-01
7.786222895447787451e-01
7.809884180157040667e-01
7.840812340436934536e-01
7.867146473480930435e-01
7.899147073525688567e-01
7.921855801151912457e-01
7.944015820305878606e-01
7.975721163429533300e-01
7.996140648145714236e-01
8.018613110038836922e-01
8.041798675353587500e-01
8.070828986346175737e-01
8.101696690535260537e-01
8.117464092263976250e-01
8.145251816266607658e-01
8.167418976500090411e-01
8.201214557544779238e-01
8.222837185940826688e-01
8.255916647377570250e-01
8.279396024543133059e-01
8.298854656513980910e-01
8.313900064491274167e-01
8.346558297359232270e-01
8.366293276586784788e-01
8.393728464043976878e-01
8.418313331395190779e-01
8.436870261295205120e-01
8.460971829013750334e-01
8.490525723875380626e-01
8.508338552497345386e-01
8.528820315473426561e-01
8.542263568544976593e-01
8.575385060980107443e-01
8.605327260704944692e-01
8.615574842912601117e-01
8.643657858062044896e-01
8.666114349948590423e-01
8.678717286477964921e-01
8.705526174686353258e-01
8.724549529486465005e-01
8.745873312689531609e-01
8.768457278880377181e-01
8.786512703624748122e-01
8.812480582173052301e-01
8.836980318199764151e-01
8.853099983697925168e-01
8.873001356187998345e-01
8.884133832751335280e-01
8.912323138647471055e-01
8.934865775291133128e-01
8.950698067764025767e-01
8.967061381535167408e-01
8.990062018779851893e-01
9.016390202574353641e-01
9.040478360901913479e-01
9.048194366354898044e-01
9.073922122660849077e-01
9.098626147318025215e-01
9.111523644479376793e-01
9.137811968181412947e-01
9.148270789517731760e-01
9.170468797635146219e-01
