2.323023911089338103e-02
2.242944719795796418e-02
2.183432318188481547e-02
2.152227732119417480e-02
2.098684584594649738e-02
2.030804974352292888e-02
1.915676778228944319e-02
1.832058728799300373e-02
1.840133668609128526e-02
1.866323619718916402e-02
1.942213781768167141e-02
1.786380716733474566e-02
1.891818253589115997e-02
2.286994256258567670e-02
2.367406392407177262e-02
2.770418536941773868e-02
3.169241585349953649e-02
2.839580601784018679e-02
2.785339449189733890e-02
3.105230271024281979e-02
3.403426573096699631e-02
3.734645780168720230e-02
4.407067560606935802e-02
5.025681837806514340e-02
4.589792898313239944e-02
5.133658811494336283e-02
5.990197910790136249e-02
6.132899364789476393e-02
7.032376865537498523e-02
7.164352155050494886e-02
7.562584830062321628e-02
7.806503145112525521e-02
8.371342919130983495e-02
8.471117632364012773e-02
9.426929559007392323e-02
1.005425827108065578e-01
1.069382049633095799e-01
1.139749525607217373e-01
1.175799373714472990e-01
1.200273013426904067e-01
1.275589151915028641e-01
1.320816720983184756e-01
1.366476214552456436e-01
1.409484350904934846e-01
1.449461508566846635e-01
1.519063648773826269e-01
1.573542463619578002e-01
1.628813430721083588e-01
1.681843921934067509e-01
1.767337731877025586e-01
1.807856593757750097e-01
1.847235148121095238e-01
1.920254430894753062e-01
1.932093525709845105e-01
1.992338789782391595e-01
2.082127322376796097e-01
2.153393137548358371e-01
2.214099627316365448e-01
2.265857210783256970e-01
2.297732702194093812e-01
2.357695266007955315e-01
2.401078871888708832e-01
2.490127714510402546e-01
2.512866502992791573e-01
2.583317227553242890e-01
2.646067746774464768e-01
2.675848817256657464e-01
2.735159958160411353e-01
2.789454507010428741e-01
2.831372085572524400e-01
2.869084146777327038e-01
2.961166886425848355e-01
3.012999085077032180e-01
3.025921780943249817e-01
3.124361796801011781e-01
3.162516658742356990e-01
3.217305575539743945e-01
3.254471108713954397e-01
3.306635354470390809e-01
3.347630671105253919e-01
3.410287607035685786e-01
3.458084944811290473e-01
3.509807992210783323e-01
3.573280262114437722e-01
3.630477994655154084e-01
3.691778661703009057e-01
3.738288723918658518e-01
3.782077651041940158e-01
3.828895517382147617e-01
3.873813177513957817e-01
3.930586420899290223e-01
3.990146440205042944e-01
4.037015520155638471e-01
4.080697692435856783e-01
4.124809931932936213e-01
4.162371674861360948e-01
4.204272002462303703e-01
4.259684268120759731e-01
4.301339958727896096e-01
4.365813552524228092e-01
4.442831455588320266e-01
4.465864091201814934e-01
4.518681456946078701e-01
4.560366556759596901e-01
4.610317851975673786e-01
4.628844209690441969e-01
4.683226985841389967e-01
4.743906084282288882e-01
4.799513890554273909e-01
4.841259159572474657e-01
4.864583749762783627e-01
4.908089989936157416e-01
4.952795833585183494e-01
5.004113153806230008e-01
5.039455334724135538e-01
5.085142955291197531e-01
5.148690018131520940e-01
5.183070178579833875e-01
5.221528456793453898e-01
5.261531011024433990e-01
5.297845148089649348e-01
5.345622208870127734e-01
5.411850785686997956e-01
5.439428452662887770e-01
5.470718150406529423e-01
5.516986967949151222e-01
5.554205151317588296e-01
5.594552981150349158e-01
5.646020034073735427e-01
5.677940231196544341e-01
5.729163401111780907e-01
5.763039837135596200e-01
5.788717898980262344e-01
5.838120602547460791e-01
5.872630182371719743e-01
5.923451168872531092e-01
5.952875913187972712e-01
5.990578749528342462e-01
6.030149779549973665e-01
6.070694274303264359e-01
6.105326129653931844e-01
6.144602324381918113e-01
6.182387897517920283e-01
6.228829200237526731e-01
6.257157250753949684e-01
6.295804954286734478e-01
6.331360915985034810e-01
6.360793283960690658e-01
6.396514848133293407e-01
6.435994253273997767e-01
6.470833514977835099e-01
6.501771771699265123e-01
6.548669206401726006e-01
6.578746802999020371e-01
6.610634229525460537e-01
6.642130417256345565e-01
6.677730593064400422e-01
6.712814943320247751e-01
6.754138453626328253e-01
6.788557302594873111e-01
6.819407127092800280e-01
6.858652926224145796e-01
6.883801799941901001e-01
6.908056789265016873e-01
6.938455601994749644e-01
6.966950170110911555e-01
7.015856232396374681e-01
7.050294797833746019e-01
7.086437492849749775e-01
7.115259852302038279e-01
7.140222011919503675e-01
7.160527088310827404e-01
7.209212537966223078e-01
7.237401504892515547e-01
7.265842288932128357e-01
7.298090569817649031e-01
7.323208101397464809e-01
7.359003134412770430e-01
7.393181653793199359e-01
7.426513561914525052e-01
7.452235268641185240e-01
7.476447714909509878e-01
7.509253791371177655e-01
7.541837761622913749e-01
7.567781486265191537e-01
7.598121772327866008e-01
7.618966413763641476e-01
7.652563390459967696e-01
7.686914235303913268e-01
7.706790354287694766e-01
7.737223730113099718e-01
7.773063016761261323e-01
7.794449741320533809e-01
7.831667689474631766e-01
7.855413298348403739e-01
7.873615865343357445e-01
7.911003323510145124e-01
7.928813110532394459e-01
7.958117831620312721e-01
7.976440391003707386e-01
8.009311486926158352e-01
8.040944550675186431e-01
8.058087410378464988e-01
8.087805680060090596e-01
8.111514464143094738e-01
8.145248248972866145e-01
8.174312451049141615e-01
8.206097827886860152e-01
8.222910691155379537e-01
8.253337333439769719e-01
8.270108591434225387e-01
8.296739990884803850e-01
8.324099411899475998e-01
8.346623083892343864e-01
8.369104129786577584e-01
8.396139576596836074e-01
8.422620869939199117e-01
8.448149071650091768e-01
8.470891859637805776e-01
8.490483710354794766e-01
8.499125570102631366e-01
8.533655244672356810e-01
8.567577554019639718e-01
8.578325499720511615e-01
8.606053290276521883e-01
8.626375407729898193e-01
8.643018335900330973e-01
8.667284725032392556e-01
8.700713106946313946e-01
8.720715518172827974e-01
8.746716022000332602e-01
8.765226842513362815e-01
8.790967703884646767e-01
8.806078418774876404e-01
8.834363865419075923e-01
8.850781177982847137e-01
8.864758474484841777e-01
8.896726578230179650e-01
8.921063059248330873e-01
8.943264010398698227e-01
8.957749462951977160e-01
8.982546060630965945e-01
9.007951147207471365e-01
9.030842899400814972e-01
9.045464579709939779e-01
9.065665331854144693e-01
9.088817519809618828e-01
9.102432607205817039e-01
9.131814141359539949e-01
9.146747042052056909e-01
9.166761548390220948e-01
