1.000000000000000048e-04 4.274139651428631055e+02 4.274139538763577093e+02
1.053169071734555700e-04 4.491943864892271563e+02 4.491944272069420094e+02
1.109165093658225581e-04 4.720832055049810378e+02 4.720832647890132421e+02
1.168138372088404971e-04 4.961366021173386684e+02 4.961366165879477990e+02
1.230247204989860278e-04 5.214135575905728501e+02 5.214134911555136114e+02
1.295658306883202919e-04 5.479759744642782380e+02 5.479759111079613376e+02
1.364547256345348728e-04 5.758888564245916086e+02 5.758888936519462050e+02
1.437098967303165507e-04 6.052204604884207129e+02 6.052205468532980603e+02
1.513508185385363416e-04 6.360423550497158658e+02 6.360423858500456618e+02
1.593980010664954917e-04 6.684295725256491778e+02 6.684295125797405035e+02
1.678730448195447466e-04 7.024609175855520107e+02 7.024607787272577752e+02
1.767986987818534093e-04 7.382191351579435832e+02 7.382189526311028658e+02
1.861989214799618830e-04 7.757909078516607906e+02 7.757907540759509857e+02
1.960989452930268708e-04 8.152670763994896106e+02 8.152670576757368508e+02
2.065253441823824835e-04 8.567428955820822694e+02 8.567430192812749965e+02
2.175061050222193426e-04 9.003182403263710967e+02 9.003183624546554711e+02
2.290707027228495291e-04 9.460977464456176449e+02 9.460978109754778416e+02
2.412501793482058109e-04 9.941910239995517031e+02 9.941911379831313980e+02
2.540772274399449296e-04 1.044712683365100247e+03 1.044712861191700540e+03
2.675862777718163946e-04 1.097782703591254631e+03 1.097782807224116141e+03
2.818135917698488422e-04 1.153526711495744166e+03 1.153526642054592230e+03
2.967973588464326690e-04 1.212076109155914082e+03 1.212075871527947584e+03
3.125777989095653193e-04 1.273567984273422780e+03 1.273567699476957159e+03
3.291972703224175394e-04 1.338145599569318847e+03 1.338145438246903041e+03
3.467003836030100586e-04 1.405958613385452736e+03 1.405958585067957983e+03
3.651341211691964527e-04 1.477163298269503230e+03 1.477163308180775402e+03
3.845479634503753638e-04 1.551922631881629059e+03 1.551922706727468039e+03
4.049940217044455787e-04 1.630406374432830489e+03 1.630406578553216150e+03
4.265271778965153940e-04 1.712791029369786884e+03 1.712791248091459693e+03
4.492052320148328488e-04 1.799260421517385794e+03 1.799260478149409664e+03
4.730890572193672075e-04 1.890005886105850550e+03 1.890005752306944032e+03
4.982427632394970801e-04 1.985226021558837829e+03 1.985225783163222104e+03
5.247338684594010649e-04 2.085126773380313807e+03 2.085126556531922688e+03
5.526334811530698261e-04 2.189921916657683141e+03 2.189921788849414042e+03
5.820164903554146717e-04 2.299833196158910596e+03 2.299833082775995990e+03
6.129617668818159457e-04 2.415089609124278013e+03 2.415089466500322487e+03
6.455523750356951824e-04 2.535927722620594523e+03 2.535927655636690815e+03
6.798757955723809011e-04 2.662592060390674760e+03 2.662592155684473710e+03
7.160241605177567479e-04 2.795335162292748919e+03 2.795335387684431680e+03
7.540945004720002887e-04 2.934416555758151844e+03 2.934416827012400518e+03
7.941890050622300900e-04 3.080103134398746079e+03 3.080103347474632301e+03
8.364152972431791472e-04 3.232668400655005371e+03 3.232668460143298944e+03
8.808867221821813477e-04 3.392392739741912010e+03 3.392392590865064903e+03
9.277226515039033086e-04 3.559562243109589417e+03 3.559561961934080500e+03
9.770488037114865784e-04 3.734468904209782522e+03 3.734468694272118228e+03
1.028997581644184450e-03 3.917409035497306377e+03 3.917409069662070578e+03
1.083708427877308304e-03 4.108683094220459679e+03 4.108683421308385732e+03
1.141328199018459312e-03 4.308593287675764259e+03 4.308593659691274297e+03
1.202011559904743237e-03 4.517443746328286579e+03 4.517443812458564935e+03
1.265921398759083626e-03 4.735538259214657046e+03 4.735538103210698864e+03
1.333229264420014108e-03 4.963179689003117346e+03 4.963179642289484946e+03
1.404115826818570908e-03 5.200667439093774192e+03 5.200667519030667791e+03
1.478771361938312255e-03 5.448295932488004837e+03 5.448296090579402517e+03
1.557396262560217012e-03 5.706351821844290498e+03 5.706352372774725154e+03
1.640201576163409286e-03 5.975111889378553315e+03 5.975113066139921102e+03
1.727409571425572938e-03 6.254840312620775876e+03 6.254841643048594960e+03
1.819254334843656892e-03 6.545784649447043194e+03 6.545785501044601006e+03
1.915982399076361035e-03 6.848173223101588519e+03 6.848173359789751885e+03
2.017853404694998007e-03 7.162210373105525832e+03 7.162210085666049963e+03
2.125140797119043704e-03 7.488074414502207219e+03 7.488074497077072010e+03
2.238132560607096651e-03 7.825912847401576073e+03 7.825913779978908678e+03
2.357131991273460174e-03 8.175840019993579517e+03 8.175841293161907743e+03
2.482458511205294996e-03 8.537927693541118060e+03 8.537927153839866151e+03
2.614448525865627204e-03 8.912204411057871766e+03 8.912199545767911331e+03
2.753456327083680499e-03 9.298648221418930916e+03 9.298646717058560171e+03
2.899855044056358615e-03 9.697184059141945909e+03 9.697198212148774473e+03
3.054037644913604188e-03 1.010767005007291482e+04 1.010766664755112106e+04
3.216417991536048640e-03 1.052989912087776611e+04 1.052983604147329424e+04
3.387431950456344480e-03 1.096358994341267316e+04 1.096362321286720544e+04
3.567538562826083354e-03 1.140838227481200738e+04 1.140864788691399735e+04
3.757221276588777314e-03 1.186382009983454009e+04 1.186360792031614983e+04
3.956989244166324478e-03 1.232935367560569466e+04 1.232828602397869690e+04
4.167378689142268652e-03 1.280432712251578232e+04 1.280555232040759620e+04
4.388954345610332486e-03 1.328797394486229859e+04 1.329220147885890947e+04
4.622310974051777738e-03 1.377940259114275432e+04 1.377264616904955801e+04
4.868074957810558309e-03 1.427759856497013243e+04 1.424503080605209470e+04
5.126905984451582930e-03 1.478141567569140170e+04 1.473101493370735625e+04
5.399498816515211318e-03 1.528956941919619385e+04 1.523682623128501109e+04
5.686585156421157354e-03 1.580062994063697261e+04 1.574685238192029101e+04
5.988935610527572860e-03 1.631300740399983260e+04 1.625372334711751137e+04
6.307361757617348241e-03 1.682495000624977547e+04 1.675965062050556662e+04
6.642718327363897855e-03 1.733453315985635345e+04 1.726396699128210821e+04
6.995905494623956555e-03 1.783966648298454311e+04 1.776340731060041799e+04
7.367871295715788457e-03 1.833808069526782856e+04 1.825542706815319252e+04
7.759614173168676195e-03 1.882734183748910800e+04 1.873790508353364203e+04
8.172185655774355170e-03 1.930481635495947921e+04 1.920824126197167061e+04
8.606693181134328352e-03 1.976770659402876117e+04 1.966353811445937390e+04
9.064303068279370990e-03 2.021303062601941565e+04 2.010079817330737933e+04
9.546243648340469248e-03 2.063766126319965406e+04 2.051691093103509775e+04
1.005380856167463130e-02 2.103827731501597736e+04 2.090855395951863102e+04
1.058836023029579958e-02 2.141143068627716639e+04 2.127227723954056637e+04
1.115133351493171124e-02 2.175350186432675036e+04 2.160446919851968050e+04
1.174423956652307158e-02 2.206079265879276863e+04 2.190144705665409128e+04
1.236866988250334178e-02 2.232950247506555752e+04 2.215943141292289147e+04
1.302630057874720054e-02 2.255580160833576883e+04 2.237462432550999074e+04
1.371889688865449326e-02 2.273579348491691417e+04 2.254317323570641020e+04
1.444831790144633643e-02 2.286565077306124658e+04 2.266130503977690387e+04
1.521652155239200215e-02 2.294163009931589477e+04 2.272533869288161804e+04
1.602556987836154315e-02 2.296017589919816965e+04 2.273179967069414852e+04
1.687763455281128186e-02 2.291796010097391263e+04 2.267746121609177499e+04
1.777500271505932233e-02 2.281203046986669506e+04 2.255948731884393783e+04
1.872008310949823187e-02 2.263989402968226932e+04 2.237551430530742073e+04
1.971541255122398820e-02 2.239968604611251794e+04 2.212383150570914950e+04
2.076366273543637370e-02 2.209026789167397510e+04 2.180347566465435375e+04
2.186764740888890932e-02 2.171146455727855937e+04 2.141446268945289194e+04
2.303032992263809656e-02 2.126411315915058731e+04 2.095782999770122842e+04
2.425483118636532348e-02 2.075041678979379139e+04 2.043598800583479169e+04
2.554443804562269577e-02 2.017382290192981236e+04 1.985258894399350538e+04
2.690261210448932280e-02 1.953954847691426767e+04 1.921304678242474620e+04
2.833299901731984108e-02 1.885411874103285663e+04 1.852405999398900531e+04
2.983943827452681039e-02 1.812608367712880863e+04 1.779430818946015279e+04
3.142597350866396799e-02 1.736509654422389212e+04 1.703351800795445888e+04
3.309686334847437156e-02 1.658289768616581205e+04 1.625341768923126438e+04
3.485659285003819136e-02 1.579163428691667104e+04 1.546606927542101948e+04
3.670988553570406904e-02 1.500457194103841175e+04 1.468455910306184887e+04
3.866171607311925246e-02 1.423480438457800119e+04 1.392168236202964363e+04
4.071732362839194930e-02 1.349658787965006377e+04 1.319120632735068466e+04
4.288222592922903698e-02 1.280091332228990177e+04 1.250369161903845452e+04
4.516223407579764149e-02 1.215414436980608480e+04 1.186514310659630064e+04
4.756346813906651982e-02 1.156395967668834055e+04 1.128255856958482764e+04
5.009237358849679550e-02 1.104158100674162961e+04 1.076607729303526139e+04
5.275573859317773950e-02 1.058457705357296800e+04 1.031298098655043759e+04
5.556071224284787891e-02 1.017728616518126364e+04 9.907843597024211704e+03
5.851482373771085821e-02 9.809956127143115737e+03 9.540883875832276317e+03
6.162600259855609275e-02 9.470667478085848416e+03 9.200587928855651626e+03
6.490259995143263239e-02 9.136446387074698578e+03 8.865294718136925439e+03
6.835341094400951278e-02 8.783331801536174680e+03 8.512915247252614790e+03
7.198769835379312254e-02 8.388899794267450488e+03 8.123452233124555278e+03
7.581521745157149272e-02 7.936417125835557272e+03 7.682796423453676653e+03
7.984624218682503938e-02 7.421898491996254052e+03 7.188924799572163465e+03
8.409159276539104888e-02 6.857445014243290643e+03 6.654321745520117474e+03
8.856266469340716430e-02 6.267951395500662329e+03 6.102394322459334035e+03
9.327145936549433025e-02 5.685937261688308354e+03 5.562460721192948768e+03
9.823061627928499073e-02 5.147792663491006351e+03 5.066320296370035976e+03
1.034534469627678838e-01 4.688952872590728475e+03 4.643920643086958989e+03
1.089539707055183493e-01 4.331389438606384829e+03 4.312476329869872643e+03
1.147469521897247213e-01 4.070710817694003254e+03 4.065811198087275443e+03
1.208479411220218375e-01 3.875824009174476942e+03 3.875229001790184611e+03
1.272733139725119589e-01 3.701484615073913119e+03 3.701624131438386030e+03
1.340403179330110772e-01 3.501731992443786112e+03 3.507733548348011936e+03
1.411671172125140150e-01 3.245530226744906031e+03 3.270727142256645038e+03
1.486728417941465819e-01 2.935808922248796989e+03 2.995529684094224649e+03
1.565776387844798057e-01 2.610235593998484546e+03 2.713043579987860085e+03
1.649027264930391368e-01 2.322002296110711541e+03 2.464071004448861004e+03
1.736704513871713540e-01 2.109904640121348166e+03 2.276339587111376659e+03
1.829043480751485207e-01 1.969340370877236410e+03 2.143732996956352508e+03
1.926292024785182522e-01 1.859496464326961359e+03 2.034303530714457565e+03
2.028711183632688209e-01 1.730158957924442575e+03 1.912381136301689594e+03
2.136575874083949667e-01 1.561283817998952600e+03 1.766194752734401618e+03
2.250175629999439930e-01 1.381903802095690253e+03 1.616779016976848652e+03
2.369815379486227558e-01 1.235779598259329077e+03 1.492703308339012210e+03
2.495816263395783663e-01 1.136207314638319076e+03 1.400906271116881271e+03
2.628516497340544489e-01 1.055324936030360732e+03 1.322328588526716430e+03
2.768272279543106951e-01 9.589644930670258418e+02 1.236442017753410937e+03
2.915458746954916469e-01 8.528846350785991035e+02 1.147599741443341372e+03
3.070470982210899979e-01 7.644955262048699751e+02 1.071314589584608711e+03
3.233725074122942855e-01 6.990319751943222855e+02 1.009509805300575067e+03
3.405659234558817139e-01 6.357309546779873699e+02 9.505832704521507139e+02
3.586734974704526291e-01 5.678894285560380695e+02 8.913611630524009115e+02
3.777438343867431381e-01 5.095297784525841962e+02 8.386734222095202540e+02
3.978281234145379930e-01 4.618429845756270993e+02 7.925860889885766483e+02
4.189802754463892165e-01 4.148733030568154163e+02 7.483830195658075581e+02
4.412570677669621633e-01 3.711478739411739980e+02 7.071107837043658719e+02
4.647182964564434138e-01 3.341106130129617782e+02 6.699376729957861016e+02
4.894269368970965983e-01 2.994963136546734290e+02 6.349980800365495952e+02
5.154493128138021296e-01 2.679752992071909148e+02 6.024203917268057467e+02
5.428552743023266069e-01 2.402176134836022925e+02 5.722685221452960604e+02
5.717183853231888602e-01 2.146942071146304158e+02 5.439009163381101644e+02
6.021161211644018296e-01 1.919648981926262650e+02 5.173647412348655052e+02
6.341300764031243542e-01 1.714255976644030852e+02 4.923636799115570852e+02
6.678461839244412834e-01 1.529952453617389665e+02 4.687680945968405695e+02
7.033549455851692001e-01 1.364815657910731659e+02 4.464304511992008884e+02
7.407516751418414813e-01 1.216377571569772300e+02 4.252035163772879400e+02
7.801367540949503132e-01 1.083205096159999670e+02 4.049756288272693610e+02
8.216159011361880982e-01 9.639412493300143581e+01 3.856485264679324700e+02
8.653004559219497072e-01 8.573023217636070115e+01 3.671359894124192920e+02
9.113076779348076029e-01 7.620327495804795603e+01 3.493627252593202570e+02
9.597610612351745729e-01 6.769623108315215632e+01 3.322633112459176914e+02
1.010790665948021028e+00 6.010372921103368782e+01 3.157812341871479020e+02
1.064533467374430442e+00 5.333099590115776323e+01 2.998681073889578101e+02
1.121133723665096893e+00 4.729353461029767658e+01 2.844847348198431973e+02
1.180743363042675798e+00 4.191564949894711845e+01 2.696012547115121833e+02
1.243522391612392308e+00 3.712886793060098256e+01 2.551932085508674390e+02
1.309639322855557841e+00 3.287130829723339076e+01 2.412407036277813006e+02
1.379271629958859879e+00 2.908700786914441494e+01 2.277287594167634666e+02
1.452606222193580043e+00 2.572542836757873630e+01 2.146491424162039436e+02
1.529839946623452462e+00 2.274114154425661738e+01 2.019967394425451630e+02
1.611180116487863412e+00 2.009335969464203586e+01 1.897681944814646897e+02
1.696845067678696584e+00 1.774549593635132183e+01 1.779619167628677019e+02
1.787064744804531813e+00 1.566476113689000904e+01 1.665808996381068710e+02
1.882081318415339544e+00 1.382178877955116292e+01 1.556301356117814692e+02
1.982149835044431541e+00 1.219029882820513855e+01 1.451137417309267335e+02
2.087538901812546754e+00 1.074678472327307333e+01 1.350348482453820225e+02
2.198531407431693729e+00 9.470222546161586763e+00 1.253975655450536237e+02
2.315425281544102987e+00 8.341849375773012554e+00 1.162070878589348979e+02
2.438534294434524963e+00 7.344937611407898359e+00 1.074661346328011433e+02
2.568188899262488167e+00 6.464589306081232500e+00 9.917480749179316035e+01
2.704737119075264928e+00 5.687567244545424394e+00 9.133141228999210171e+01
2.848545480982493494e+00 5.002090027231528069e+00 8.393393776360757386e+01
2.999999999999995559e+00 4.397667575064525103e+00 7.697783839394956829e+01
