#  k  (h/Mpc)          P(k)  (Mpc/h)^3     P_linear(k) (Mpc/h)^3
     0.00783031         19192.5         19488.1 
       0.013688         24212.2         23967.3 
       0.019231         24183.6         24151.6 
      0.0249154         21660.6         22205.2 
      0.0312784         18832.4         19111.5 
      0.0375637         16165.3         16205.2 
      0.0433917         13770.6         14088.7 
      0.0492413         12440.6         12578.8 
      0.0555754         11032.8         11475.6 
      0.0619321         10621.4           10664 
       0.067871         9587.42         9956.81 
      0.0738098         8842.38         9175.24 
      0.0800417         7863.21         8253.98 
      0.0862327         7085.71         7304.26 
      0.0921407         6431.68         6461.46 
      0.0982031         5708.76         5739.27 
       0.104506         5346.84         5176.97 
       0.110769         4945.42         4793.21 
       0.116806         4672.87         4539.86 
       0.122832         4455.21         4340.49 
       0.129052          4136.2         4133.76 
       0.135211         3916.43         3892.95 
       0.141259          3741.3         3616.39 
       0.147318         3512.07         3318.46 
       0.153489         3204.52         3024.26 
       0.159709         3022.57         2765.75 
       0.165845         2912.15         2563.46 
       0.171974         2756.46         2413.95 
       0.178125         2625.76          2304.8 
       0.184229         2509.02         2218.85 
        0.19034         2389.96         2136.87 
       0.196428         2336.39         2046.28 
       0.202534         2240.75          1941.7 
       0.208729         2140.28         1824.98 
       0.214876         2058.39         1707.32 
       0.220989         1983.88          1598.1 
       0.227147         1905.45         1503.09 
        0.23329         1831.07         1425.98 
       0.239377         1805.26         1365.28 
       0.245482         1698.14          1315.4 
       0.251667         1689.73         1270.16 
       0.257832            1623            1225 
       0.263955         1568.82         1177.04 
       0.270079         1516.25         1125.54 
        0.27624          1497.1         1071.88 
       0.282372         1436.52         1019.55 
        0.28843         1432.81         971.572 
       0.294538         1363.64          928.73 
       0.300721         1353.06         891.417 
        0.30691         1305.38         859.266 
       0.313033         1278.47         830.944 
       0.319153         1261.18         804.248 
       0.325316         1219.72          777.54 
        0.33145         1194.08         750.382 
       0.337538         1170.53         722.885 
       0.343633         1149.07          695.43 
       0.349808         1111.58         668.542 
       0.355968         1102.75         643.461 
       0.362074         1093.98         620.705 
       0.368217         1058.23         600.019 
       0.374374         1022.54         581.118 
       0.380519         1025.15         563.556 
       0.386598         994.557         546.942 
       0.392688         990.297         530.592 
        0.39888         962.731         514.111 
       0.405048         953.384         497.856 
       0.411186         939.907         481.997 
       0.417313         920.005          466.76 
       0.423458         903.724         452.276 
       0.429607         894.132         438.659 
       0.435692         876.398         426.068 
       0.441815         868.284         414.163 
       0.447964         851.402         402.785 
       0.454126         846.186         391.809 
       0.460267         824.342         381.185 
       0.466387         813.355         370.823 
        0.47254         813.099         360.629 
       0.478662         801.358         350.779 
       0.484765         779.638         341.312 
       0.490885         775.086         332.206 
       0.497035          758.95         323.463 
       0.503198         754.818         315.119 
       0.509342         746.311          307.18 
       0.515458         742.876         299.587 
       0.521598         724.803         292.212 
       0.527764         712.907         285.023 
       0.533884         709.955         278.092 
           0.54         704.317         271.365 
       0.546137         696.104         264.808 
       0.552299         688.614          258.43 
       0.558452         682.174         252.281 
       0.564573         674.464         246.389 
       0.570708         666.948         240.707 
       0.576825         650.478         235.244 
       0.582926         653.293         229.975 
       0.589034         646.146         224.857 
       0.595184         640.596         219.853 
       0.601379         631.804         214.958 
       0.607522         622.595         210.245 
       0.613639         622.398         205.692 
       0.619772         611.236         201.263 
       0.625918         606.571         196.958 
       0.632068          599.17          192.78 
       0.638161         596.276         188.763 
         0.6443         587.168         184.835 
       0.650464          585.48         181.009 
       0.656582         579.123         177.323 
       0.662703         577.749          173.74 
       0.668861         568.471         170.238 
       0.675024         563.581         166.829 
       0.681124         559.862         163.549 
       0.687237         556.073         160.349 
       0.693381         548.538         157.219 
       0.699536         539.417         154.167 
       0.705665         539.435          151.21 
       0.711789         536.618         148.333 
       0.717957         531.795         145.513 
        0.72409         529.147         142.783 
       0.730186         521.422         140.141 
       0.736317         518.742         137.552 
       0.742472         515.034         135.021 
       0.748622         509.864         132.556 
        0.75476         502.254         130.159 
       0.760888         498.605         127.825 
       0.767043         497.883          125.54 
       0.773185         493.602         123.316 
       0.779291         488.562         121.158 
       0.785407         484.645          119.05 
       0.791564         480.092         116.979 
       0.797719         478.579         114.958 
       0.803834         472.251         112.999 
       0.809972         471.268         111.078 
       0.816124          469.72         109.199 
       0.822261         463.191         107.368 
       0.828378         460.831         105.585 
       0.834502         455.716         103.842 
       0.840667         452.438         102.126 
       0.846816         450.463         100.455 
       0.852925         447.504         98.8322 
       0.859047          445.54         97.2419 
       0.865192         439.596         95.6817 
       0.871341         436.141         94.1551 
       0.877463         436.098         92.6689 
       0.883569         431.414         91.2188 
       0.889708         429.225         89.7926 
       0.895864         428.395         88.3934 
       0.902008         424.315         87.0272 
       0.908149         418.096         85.6909 
       0.914301         416.753         84.3807 
       0.920448         415.081         83.0994 
       0.926574         408.556         81.8493 
       0.932687         407.596         80.6278 
       0.938823         404.062         79.4271 
       0.944975         403.936         78.2482 
       0.951105         399.819         77.0977 
       0.957225         397.073         75.9724 
       0.963368         392.451          74.866 
       0.969511         391.667         73.7816 
       0.975621         389.658         72.7248 
       0.981748         386.599          71.686 
       0.987916         384.682         70.6612 
        0.99406          379.28         69.6603 
        1.00019         377.489          68.681 
        1.00632         376.037         67.7215 
        1.01246         372.901          66.779 
        1.01859          372.57         65.8561 
        1.02471         367.715          64.952 
        1.03085         366.437         64.0618 
        1.03698         364.343         63.1903 
        1.04314         361.754         62.3315 
        1.04929         357.991         61.4907 
        1.05541         358.975         60.6689 
        1.06154         353.149         59.8602 
        1.06769         352.029         59.0651 
        1.07382         349.129         58.2871 
        1.07993         347.611          57.525 
        1.08607         346.683         56.7734 
        1.09222         342.489         56.0346 
        1.09836          340.27         55.3098 
        1.10449         338.365         54.5988 
        1.11063          334.02         53.8996 
        1.11677         335.198         53.2129 
         1.1229         332.125         52.5394 
        1.12903         330.187         51.8771 
        1.13518          326.79         51.2257 
        1.14131         325.467          50.586 
        1.14745         323.282         49.9575 
        1.15359         321.547         49.3397 
        1.15973         319.745         48.7322 
        1.16584         317.079         48.1377 
        1.17197         316.718         47.5523 
        1.17811         313.289         46.9749 
        1.18424         310.762         46.4088 
        1.19038         309.896         45.8504 
        1.19652          307.69         45.3015 
        1.20267         306.664         44.7616 
        1.20881         304.188         44.2306 
        1.21495         302.089         43.7092 
        1.22108          300.26         43.1962 
         1.2272          298.54         42.6928 
        1.23334         297.232         42.1962 
        1.23949         293.947         41.7064 
        1.24562         293.042         41.2258 
        1.25174         291.765         40.7535 
        1.25789         288.894         40.2872 
        1.26402         287.173         39.8291 
        1.27014         285.422         39.3793 
        1.27628          283.21         38.9351 
        1.28244         283.429          38.497 
        1.28858         280.677         38.0662 
        1.29471         279.609          37.643 
        1.30084         276.827         37.2267 
        1.30697         276.164         36.8161 
        1.31312         273.103         36.4111 
        1.31925         271.679         36.0135 
        1.32537         271.172         35.6222 
        1.33151         268.627         35.2354 
        1.33765         266.352         34.8546 
        1.34378         265.838         34.4802 
        1.34992         264.321          34.111 
        1.35606         262.973         33.7465 
         1.3622         260.514          33.388 
        1.36833         259.436         33.0355 
        1.37445         257.564         32.6883 
        1.38059         255.857         32.3451 
        1.38675         254.559          32.006 
        1.39288         253.315         31.6731 
        1.39901         251.644         31.3451 
        1.40515         250.547         31.0211 
         1.4113         248.796         30.7018 
        1.41742         246.907         30.3882 
        1.42355         245.773         30.0784 
         1.4297         244.042          29.772 
        1.43585         242.712           29.47 
        1.44198         242.127         29.1734 
        1.44809         239.722         28.8815 
        1.45423         238.454         28.5925 
        1.46036         237.191         28.3079 
        1.46649         235.904         28.0272 
        1.47263         234.687         27.7501 
        1.47877         232.808         27.4768 
        1.48491         230.642         27.2068 
        1.49104         230.066          26.941 
        1.49718         228.292         26.6786 
        1.50333         227.668         26.4193 
        1.50947         226.097         26.1639 
         1.5156         224.246         25.9123 
        1.52172         223.495         25.6641 
        1.52787         221.642         25.4185 
          1.534         221.102         25.1765 
        1.54013         219.039         24.9379 
        1.54627         218.225          24.702 
        1.55241          216.92         24.4691 
        1.55855         214.738         24.2396 
        1.56467         214.646         24.0136 
         1.5708         213.192         23.7899 
        1.57695         211.921         23.5687 
        1.58308         210.517         23.3508 
        1.58922         208.771         23.1356 
        1.59535         207.538         22.9231 
         1.6015         206.496         22.7131 
        1.60764         205.648         22.5058 
        1.61376         204.518         22.3016 
        1.61989         203.361         22.0998 
        1.62604         201.785         21.9001 
        1.63218         201.034          21.703 
        1.63831         199.401         21.5088 
        1.64444         198.494         21.3169 
        1.65059         197.619         21.1268 
        1.65673         196.288         20.9394 
        1.66285         194.805         20.7547 
        1.66898         194.116         20.5722 
        1.67512         193.038         20.3915 
        1.68127         191.164         20.2128 
         1.6874         190.631         20.0367 
        1.69353         189.326         19.8628 
        1.69967         188.019         19.6905 
        1.70581         187.208         19.5204 
        1.71193         185.715         19.3529 
        1.71806         185.188         19.1871 
        1.72421         183.822         19.0228 
        1.73035         183.186         18.8607 
        1.73649         181.989         18.7005 
        1.74262         180.891         18.5423 
        1.74876         179.465         18.3858 
        1.75489         178.868         18.2314 
        1.76101         177.301         18.0789 
        1.76715         176.781         17.9279 
        1.77329         175.543         17.7785 
        1.77943         174.831         17.6307 
        1.78557         173.574         17.4848 
        1.79171         172.893         17.3405 
        1.79785         171.494         17.1979 
        1.80399         170.747         17.0569 
        1.81012         169.805         16.9176 
        1.81625          169.04           16.78 
        1.82239         167.707         16.6437 
        1.82853         167.064          16.509 
        1.83466         166.105         16.3759 
        1.84078         165.217         16.2444 
        1.84692         163.951         16.1142 
        1.85306         163.334         15.9852 
         1.8592         162.374         15.8579 
        1.86533           161.8          15.732 
        1.87147          160.54         15.6074 
        1.87761         159.533          15.484 
        1.88375         158.719         15.3621 
        1.88988         157.135         15.2417 
        1.89601         157.073         15.1225 
        1.90215         156.123         15.0044 
        1.90829         154.887         14.8877 
        1.91442          154.45         14.7723 
        1.92056         153.337         14.6581 
         1.9267         152.294          14.545 
        1.93284         151.451         14.4331 
        1.93897         150.914         14.3226 
        1.94509         150.129         14.2134 
        1.95123         149.164         14.1051 
        1.95737         148.207         13.9979 
        1.96349         147.554         13.8921 
        1.96964         146.525          13.787 
        1.97578         145.669          13.683 
        1.98192         144.849         13.5803 
        1.98805         144.234         13.4787 
        1.99419         143.256          13.378 
        2.00033         142.566         13.2784 
        2.00647          141.78         13.1798 
         2.0126         140.773         13.0823 
        2.01874         140.388         12.9857 
        2.02488         139.834           12.89 
        2.03101         138.523         12.7955 
        2.03714         138.002         12.7019 
        2.04328         136.985         12.6093 
        2.04941         136.543         12.5176 
        2.05554         135.395         12.4269 
        2.06167         134.934         12.3369 
        2.06781         133.914         12.2479 
        2.07396         133.525         12.1596 
        2.08009         132.519         12.0723 
        2.08622         131.625          11.986 
        2.09237         131.142         11.9004 
        2.09851         130.434         11.8156 
        2.10464         129.947         11.7317 
        2.11077         129.207         11.6488 
        2.11691         128.423         11.5665 
        2.12305         127.809          11.485 
        2.12918         127.026         11.4044 
        2.13531         126.301         11.3246 
        2.14145         125.497         11.2455 
         2.1476         124.627         11.1669 
        2.15372         124.499         11.0895 
        2.15985         123.583         11.0128 
        2.16599         122.853         10.9366 
        2.17213           122.4         10.8612 
        2.17827         121.502         10.7865 
         2.1844         120.854         10.7126 
        2.19054         120.414         10.6393 
        2.19666         119.558         10.5669 
         2.2028           118.9          10.495 
        2.20893         118.464         10.4238 
        2.21508         117.628         10.3532 
        2.22122         117.042         10.2832 
        2.22736         116.455          10.214 
        2.23349         115.935         10.1454 
        2.23962         115.331         10.0775 
        2.24577         114.525         10.0101 
         2.2519         114.001         9.94341 
        2.25802         113.176         9.87744 
        2.26417         112.905         9.81189 
        2.27031         112.153         9.74688 
        2.27644         111.614         9.68265 
        2.28257             111           9.619 
        2.28872         110.335          9.5558 
        2.29486         109.697         9.49319 
        2.30099         109.123         9.43126 
        2.30712          108.62         9.36987 
        2.31326         108.024         9.30891 
         2.3194         107.352         9.24854 
        2.32553         106.729          9.1888 
        2.33166         106.218         9.12962 
         2.3378         105.914         9.07087 
        2.34394         105.136         9.01263 
        2.35007         104.593         8.95498 
        2.35619         104.053         8.89791 
        2.36233         103.626          8.8412 
        2.36848         102.986         8.78486 
        2.37462         102.549         8.72914 
        2.38075         101.897         8.67395 
        2.38689         101.406          8.6192 
        2.39303         100.776         8.56492 
        2.39916         100.338         8.51117 
        2.40529         100.108         8.45789 
        2.41143         99.4488         8.40502 
        2.41757         98.8099         8.35258 
         2.4237         98.2866         8.30069 
        2.42983         97.8328         8.24924 
        2.43598         97.1603         8.19809 
        2.44211         96.8151         8.14746 
        2.44823         96.2204         8.09737 
        2.45437          95.845         8.04756 
        2.46052          95.125         7.99813 
        2.46665         94.8841         7.94921 
        2.47279         94.3648         7.90071 
        2.47892         93.7828         7.85258 
        2.48507         93.4068         7.80482 
         2.4912         92.9032         7.75754 
        2.49733         92.2265         7.71068 
        2.50347         91.8804         7.66412 
        2.50961         91.4367         7.61794 
        2.51575         90.8379         7.57217 
        2.52188         90.3923         7.52684 
        2.52802         90.0575         7.48182 
        2.53416         89.3482         7.43716 
        2.54029         89.0126         7.39295 
        2.54641         88.5588          7.3491 
        2.55255         88.0939         7.30558 
        2.55869         87.7554         7.26233 
        2.56483         87.4017         7.21949 
        2.57096         86.8196         7.17706 
        2.57709         86.3959         7.13494 
        2.58323         85.7887         7.09313 
        2.58937         85.4304         7.05163 
        2.59551         85.0907         7.01051 
        2.60164         84.6193         6.96974 
        2.60778         84.2858         6.92924 
        2.61392         83.7733         6.88908 
        2.62006         83.3436         6.84925 
        2.62619         82.9239         6.80979 
        2.63232          82.578         6.77062 
        2.63846         82.0848         6.73172 
        2.64459         81.7224         6.69317 
        2.65072          81.256         6.65493 
        2.65686         80.7319         6.61698 
          2.663         80.3537         6.57926 
        2.66915          80.033         6.54184 
        2.67527         79.7384         6.50481 
        2.68141         79.1809         6.46803 
        2.68755         78.8122          6.4315 
        2.69368         78.5168         6.39529 
        2.69981         78.1658         6.35941 
        2.70595          77.674         6.32371 
        2.71209         77.1935         6.28828 
        2.71823         76.9987         6.25318 
        2.72436         76.5404         6.21836 
         2.7305         76.0436         6.18378 
        2.73663         75.7418         6.14946 
        2.74276         75.4227         6.11545 
         2.7489         74.9728         6.08166 
        2.75504         74.6803          6.0481 
        2.76118         74.2199         6.01477 
        2.76732         73.9037         5.98175 
        2.77345         73.5463         5.94898 
        2.77959         73.1671         5.91646 
        2.78572         72.8964         5.88418 
        2.79186         72.5032         5.85215 
        2.79798         72.1339          5.8204 
        2.80412         71.6892         5.78882 
        2.81027         71.3945         5.75745 
         2.8164         71.0564         5.72637 
        2.82253         70.7052         5.69552 
        2.82867          70.447         5.66489 
        2.83481         69.9749         5.63447 
        2.84095         69.6963         5.60428 
        2.84708         69.2797         5.57435 
        2.85322         68.8641         5.54459 
        2.85935         68.6703         5.51507 
        2.86549         68.3356         5.48578 
        2.87162         67.9371          5.4567 
        2.87776         67.6443         5.42784 
        2.88389         67.2922         5.39916 
        2.89003         67.0291         5.37071 
        2.89617         66.6574         5.34246 
        2.90231          66.382         5.31441 
        2.90844         66.0394         5.28656 
        2.91458         65.7137         5.25892 
        2.92071          65.372         5.23151 
        2.92684         65.0826         5.20427 
        2.93298         64.7784         5.17723 
         2.9391         64.3622         5.15042 
        2.94524         64.1508         5.12376 
        2.95138         63.8644         5.09729 
        2.95752         63.5266         5.07097 
        2.96367         63.1135         5.04483 
         2.9698         62.9194         5.01894 
        2.97594         62.7324          4.9932 
        2.98207         62.3815         4.96764 
        2.98821         61.9894         4.94228 
        2.99434         61.6705          4.9171 
        3.00048         61.4936         4.89209 
        3.00662         61.2321         4.86723 
        3.01275         60.9685         4.84259 
        3.01888         60.5513         4.81811 
        3.02503         60.3394         4.79376 
        3.03117          59.989          4.7696 
        3.03729         59.8034         4.74565 
        3.04342         59.4687         4.72185 
        3.04957         59.1957         4.69815 
         3.0557         58.9345         4.67466 
        3.06183         58.6433         4.65137 
        3.06796          58.405         4.62821 
        3.07411          57.988         4.60516 
        3.08025         57.8521         4.58231 
        3.08637         57.5265         4.55965 
         3.0925         57.2621         4.53712 
        3.09865         56.9794         4.51469 
         3.1048         56.6532         4.49242 
        3.11093         56.5287         4.47035 
        3.11706         56.2481         4.44843 
         3.1232         55.9564         4.42664 
        3.12933         55.6254         4.40498 
        3.13547         55.3966          4.3835 
        3.14159         55.1296         4.36219 
