# k  (h/Mpc)    P(k)  (Mpc/h)^3    P_linear(k)  (Mpc/h)^3
      0.0156606         24082.1         24204.4 
      0.0273761         19442.9         20887.6 
      0.0384619         15014.5         15710.6 
      0.0498308         12621.3         12353.7 
      0.0625568         10176.1         10501.7 
      0.0751274         8601.64         8911.99 
      0.0867833         7070.01         7160.31 
      0.0984825         5760.71          5661.5 
       0.111151         4859.99         4733.56 
       0.123864         4246.99         4270.61 
       0.135742         3799.85         3836.87 
        0.14762         3562.38         3275.16 
       0.160083          3042.3         2728.11 
       0.172465         2701.51         2383.22 
       0.184281         2544.39         2199.01 
       0.196406         2364.48         2028.95 
       0.209011         2122.51         1803.81 
       0.221538         1985.19         1575.22 
       0.233611          1826.5         1410.11 
       0.245665         1753.07         1302.65 
       0.258103         1556.75         1212.38 
       0.270422         1537.02         1112.86 
       0.282519         1421.26         1009.51 
       0.294636         1370.76         920.062 
       0.306978         1279.04         851.495 
       0.319417          1236.2          796.15 
        0.33169         1190.21         742.807 
       0.343948         1122.44         688.017 
       0.356249         1082.87         636.799 
       0.368458         1022.87         594.053 
        0.38068         1019.32         558.228 
       0.392856         954.767         525.546 
       0.405069         959.586         493.486 
       0.417459         901.889         462.363 
       0.429752         901.768         434.547 
       0.441978         857.448         410.265 
       0.454294          837.57          388.12 
        0.46658         822.642         367.286 
       0.478753         798.147         347.593 
       0.490964         781.404         329.211 
       0.503334         749.823         312.208 
       0.515665         734.403         296.738 
       0.527909         723.273         282.385 
       0.540159          702.71          268.84 
        0.55248         685.187         256.006 
       0.564743          672.68         244.092 
        0.57686         662.113         233.173 
       0.589077         646.865         222.872 
       0.601441         632.697         213.044 
        0.61382         626.518         203.776 
       0.626067         615.736         195.147 
       0.638306         595.873         187.032 
       0.650632         592.032         179.337 
       0.662899         576.952          172.12 
       0.675076         571.673         165.354 
       0.687267         558.764         158.942 
       0.699615         546.839         152.791 
       0.711937         532.445         146.978 
       0.724148         530.268         141.519 
       0.736433         521.603          136.31 
       0.748747         514.414         131.356 
       0.761037         505.207          126.66 
       0.773197          498.16         122.241 
       0.785376         485.318         118.027 
       0.797761          483.79         113.947 
       0.810096         472.654         110.076 
       0.822371         469.472         106.404 
       0.834626         461.718         102.906 
       0.846916         457.579         99.5565 
       0.859215         451.431         96.3554 
       0.871383         448.674         93.3277 
        0.88363         438.802         90.4128 
       0.895928         432.331          87.612 
       0.908253          428.48         84.9251 
       0.920535         425.464         82.3604 
       0.932774         413.447          79.911 
        0.94508         410.752         77.5494 
       0.957324         403.488         75.2952 
        0.96953         401.487          73.138 
       0.981769         399.667         71.0603 
       0.994071          389.59          69.054 
         1.0064         380.765         67.1221 
        1.01868         382.355         65.2702 
        1.03092          376.15         63.4968 
         1.0432         372.171         61.7832 
        1.05553         363.723         60.1263 
        1.06777         363.002         58.5423 
           1.08         354.518         57.0171 
        1.09227         354.618         55.5413 
         1.1046         349.382         54.1123 
         1.1169         345.097         52.7362 
        1.12915         338.823         51.4149 
        1.14142         334.334         50.1363 
        1.15365         331.191         48.9052 
        1.16585         331.413          47.719 
        1.17807          327.84          46.571 
        1.19037         321.745         45.4535 
        1.20276         317.678         44.3653 
        1.21504          314.55         43.3216 
        1.22728         313.274         42.3159 
        1.23954         305.569         41.3399 
        1.25184         303.145         40.3929 
        1.26414         300.259         39.4753 
        1.27632         296.404         38.5944 
         1.2886         293.929         37.7343 
        1.30093         290.814         36.8975 
        1.31316         288.707          36.092 
        1.32541          284.39         35.3105 
        1.33772           280.3         34.5478 
        1.35005         277.257          33.807 
        1.36225         274.869         33.0955 
        1.37447         271.968         32.4031 
        1.38676         270.077         31.7273 
        1.39907         268.068         31.0696 
        1.41133         264.251         30.4335 
        1.42358         260.497         29.8159 
        1.43591         258.257         29.2112 
        1.44818         253.799         28.6267 
        1.46037         252.211         28.0617 
        1.47263         250.022          27.509 
        1.48494         246.918         26.9692 
        1.49724         245.564         26.4444 
        1.50952         243.172         25.9347 
        1.52178         238.681         25.4392 
        1.53409         236.446         24.9547 
        1.54637         234.915         24.4839 
        1.55858          232.06         24.0279 
        1.57081         229.865         23.5829 
        1.58313         227.235         23.1464 
        1.59544         226.604         22.7212 
        1.60767         222.838         22.3094 
        1.61994         220.281         21.9064 
        1.63225         217.942         21.5125 
        1.64452          216.16         21.1294 
        1.65676         215.087         20.7568 
          1.669         212.445         20.3929 
        1.68133         210.322         20.0354 
        1.69363         207.379         19.6874 
        1.70585          205.03           19.35 
        1.71809         203.781         19.0197 
        1.73038         200.722         18.6961 
        1.74268         199.797         18.3798 
        1.75493         196.869         18.0722 
        1.76714         196.197         17.7725 
        1.77942         193.554         17.4781 
        1.79173          191.44         17.1895 
        1.80402         188.932         16.9082 
         1.8163         187.714         16.6333 
         1.8286         186.273          16.364 
         1.8409         183.737          16.101 
        1.85315         182.194         15.8447 
        1.86537          180.72         15.5946 
        1.87765             179         15.3489 
        1.88995         176.835         15.1079 
        1.90221         175.098          14.873 
        1.91445         173.843         14.6435 
        1.92674         171.716         14.4181 
        1.93902         170.512         14.1973 
        1.95124         168.526         13.9824 
         1.9635         167.772         13.7714 
        1.97583         166.311         13.5634 
        1.98812         164.578         13.3605 
        2.00039         162.745         13.1622 
        2.01264         161.019         12.9681 
        2.02492         159.299         12.7776 
        2.03717          158.48         12.5912 
        2.04942         156.875         12.4088 
        2.06171         154.742         12.2294 
        2.07397         153.756         12.0539 
        2.08629         152.286         11.8811 
        2.09857         150.845         11.7121 
        2.11081         149.151         11.5471 
        2.12309         147.324         11.3848 
        2.13538         146.539         11.2254 
        2.14763         145.113         11.0696 
        2.15986         144.007         10.9171 
        2.17214          142.52         10.7668 
        2.18443         141.437         10.6193 
        2.19671         140.763         10.4746 
        2.20898         138.859         10.3328 
        2.22126         137.706         10.1935 
        2.23354          136.64         10.0568 
         2.2458         135.055         9.92285 
        2.25807         133.782         9.79122 
        2.27035         132.527         9.66187 
        2.28263         131.569         9.53493 
         2.2949         130.107         9.41035 
        2.30718         129.013         9.28796 
        2.31946         128.225          9.1677 
        2.33169         127.141         9.05011 
        2.34393          125.86         8.93441 
        2.35622         124.743         8.82038 
        2.36847         123.652         8.70867 
        2.38076          122.52         8.59857 
        2.39305         121.984         8.49041 
        2.40534         119.968          8.3841 
        2.41762         119.608         8.27963 
        2.42989         118.804          8.1771 
        2.44216         117.936         8.07632 
         2.4544         116.518         7.97748 
        2.46667         115.541         7.88006 
        2.47897         114.351         7.78403 
        2.49124         114.217         7.68987 
        2.50349         112.246         7.59741 
        2.51578         111.633         7.50618 
        2.52805         110.692         7.41662 
        2.54029         109.621         7.32874 
        2.55257         108.684         7.24201 
        2.56487         107.949         7.15653 
        2.57716          106.85         7.07254 
        2.58942         106.219         6.99008 
        2.60167          105.05         6.90901 
        2.61395         104.264         6.82911 
        2.62624         103.317         6.75035 
        2.63849          102.35         6.67308 
        2.65073         101.838          6.5971 
        2.66302          101.25         6.52202 
         2.6753         99.9743         6.44816 
        2.68756         99.3916         6.37558 
        2.69983         98.3218         6.30406 
        2.71213         97.4197         6.23349 
        2.72441          96.699         6.16411 
        2.73665         96.1174         6.09596 
         2.7489          95.527         6.02887 
        2.76118          94.474         5.96258 
        2.77349         94.0717         5.89713 
        2.78576         92.9003         5.83292 
        2.79802          92.463         5.76969 
        2.81031         91.4886         5.70726 
        2.82259         90.7495         5.64578 
        2.83483         90.1159         5.58543 
         2.8471         88.9497         5.52585 
         2.8594         88.6612         5.46696 
         2.8717         87.9699         5.40895 
        2.88396         87.3303         5.35201 
        2.89619         86.7216         5.29599 
        2.90847         85.9005         5.24056 
        2.92072         85.1671         5.18603 
        2.93299         84.4854         5.13225 
        2.94526         84.1049         5.07919 
        2.95753          83.302          5.0269 
        2.96982         82.5994         4.97526 
        2.98209         82.1794         4.92446 
        2.99436         81.5172         4.87433 
        3.00666         80.7617         4.82481 
        3.01894         80.1044         4.77608 
        3.03119         79.4524         4.72809 
        3.04345         79.0284         4.68075 
        3.05573         78.2624         4.63397 
          3.068          77.729         4.58789 
        3.08026         76.9392         4.54247 
        3.09254         76.3917         4.49759 
        3.10483         75.8352         4.45331 
         3.1171         75.4453         4.40968 
        3.12933         74.8818         4.36675 
         3.1416          74.193         4.32428 
        3.15389         73.6796          4.2823 
        3.16616         73.1724         4.24098 
        3.17843         72.6765         4.20018 
         3.1907         72.0595         4.15992 
        3.20299         71.6831         4.12014 
        3.21528         71.0841         4.08089 
        3.22753         70.5458         4.04227 
        3.23979         70.0261         4.00411 
        3.25208         69.6082         3.96635 
        3.26437         68.7965         3.92911 
        3.27662         68.4786         3.89243 
        3.28889         67.9584         3.85621 
        3.30118         67.4967         3.82035 
        3.31346         67.0882           3.785 
        3.32571          66.588         3.75018 
        3.33796         66.0181         3.71579 
        3.35024          65.616         3.68177 
        3.36253         65.1249         3.64814 
         3.3748          64.625           3.615 
        3.38705         64.0652         3.58229 
        3.39934         63.6341         3.54991 
        3.41163         63.1835         3.51794 
        3.42386         62.8653         3.48648 
        3.43613         62.3527         3.45534 
        3.44842         62.0683         3.42451 
         3.4607         61.3127          3.3941 
        3.47298         61.1321         3.36406 
        3.48524         60.6905         3.33441 
        3.49752         60.0489         3.30509 
        3.50977         59.8089         3.27619 
        3.52202         59.3895         3.24764 
        3.53429         58.8507         3.21939 
        3.54658         58.5215         3.19144 
        3.55887         58.2133         3.16381 
        3.57114         57.6919         3.13655 
        3.58342         57.3693          3.1096 
         3.5957         57.0641         3.08296 
        3.60798         56.6686         3.05664 
        3.62024          56.235         3.03067 
         3.6325         55.8668           3.005 
        3.64478          55.409          2.9796 
        3.65705         55.0251         2.95449 
        3.66932         54.6791         2.92971 
        3.68157         54.3026         2.90523 
        3.69384         53.9952         2.88099 
        3.70613         53.5566           2.857 
         3.7184         53.1069         2.83331 
        3.73066         52.9125         2.80991 
        3.74294         52.6633         2.78675 
        3.75522         52.1302         2.76383 
         3.7675         51.7753          2.7412 
        3.77976         51.5477         2.71885 
        3.79202          51.041         2.69673 
         3.8043         50.7754         2.67484 
        3.81657         50.5273          2.6532 
        3.82885         50.2835         2.63179 
        3.84111         49.8225         2.61065 
        3.85339         49.3961         2.58971 
        3.86568         49.0862         2.56898 
        3.87794         48.8143         2.54853 
        3.89018         48.3702         2.52834 
        3.90245         48.1131         2.50831 
        3.91474         47.7986         2.48849 
        3.92699         47.6023         2.46893 
        3.93927         47.3927         2.44953 
        3.95157         46.9684         2.43032 
        3.96383         46.5782         2.41136 
        3.97611         46.3077          2.3926 
        3.98838         46.0556         2.37404 
        4.00066         45.8314         2.35566 
        4.01294         45.4915         2.33748 
        4.02519         45.1844         2.31953 
        4.03747         44.8663         2.30173 
        4.04976         44.6058         2.28411 
        4.06203         44.2886          2.2667 
        4.07429         44.0153          2.2495 
        4.08656         43.7865         2.23244 
        4.09882          43.537         2.21558 
        4.11107         43.1823         2.19891 
        4.12335         42.8736         2.18238 
        4.13562         42.7212         2.16603 
        4.14791         42.3523         2.14981 
        4.16019         42.1616         2.13379 
        4.17245         41.8439         2.11795 
        4.18473         41.5874         2.10224 
        4.19702         41.3359         2.08668 
        4.20929         41.0538         2.07131 
        4.22154         40.8425         2.05611 
        4.23382         40.5854         2.04103 
        4.24611         40.3061          2.0261 
        4.25836         40.0572         2.01135 
        4.27062         39.7589         1.99675 
         4.2829         39.6547         1.98225 
        4.29521         39.4121         1.96789 
        4.30745         39.1622         1.95374 
         4.3197         38.8721         1.93971 
        4.33199         38.6257         1.92578 
        4.34427          38.405           1.912 
        4.35654         38.1412         1.89836 
        4.36881         37.8456         1.88486 
        4.38108         37.7062         1.87149 
        4.39333         37.4666         1.85827 
        4.40559         37.1806         1.84516 
        4.41787         37.0433         1.83217 
        4.43015         36.8077         1.81929 
        4.44244         36.6104         1.80654 
        4.45471         36.3818         1.79393 
        4.46698         36.0492         1.78144 
        4.47925         35.9489         1.76907 
        4.49153         35.7671          1.7568 
         4.5038         35.4872         1.74466 
        4.51605          35.216         1.73266 
        4.52833         35.0333         1.72074 
        4.54063         34.8614         1.70892 
        4.55289         34.6814         1.69724 
        4.56515         34.4754         1.68567 
        4.57743         34.2596         1.67419 
        4.58972         34.0948         1.66282 
        4.60197         33.9028         1.65158 
        4.61424         33.6707         1.64043 
        4.62653          33.512         1.62937 
        4.63881         33.2096         1.61842 
        4.65107         33.0409         1.60759 
        4.66332         32.8631         1.59686 
        4.67559         32.7476         1.58621 
        4.68787         32.5121         1.57565 
        4.70013         32.3503         1.56521 
        4.71238         32.1426         1.55487 
        4.72466         32.0043         1.54461 
        4.73696         31.7968         1.53441 
        4.74924         31.5191         1.52433 
        4.76151         31.3702         1.51434 
        4.77378         31.2777         1.50444 
        4.78606         31.1217         1.49463 
        4.79832         30.9364         1.48491 
        4.81059         30.7217         1.47528 
        4.82286         30.5068         1.46573 
        4.83514         30.3235         1.45626 
         4.8474         30.2117         1.44689 
        4.85966         29.9787          1.4376 
        4.87195         29.8845         1.42837 
        4.88422          29.658         1.41923 
        4.89647         29.5285          1.4102 
        4.90875         29.3476         1.40122 
        4.92104         29.1665         1.39231 
        4.93331         29.0839         1.38349 
        4.94557         28.8672         1.37475 
        4.95785         28.7394         1.36608 
        4.97013         28.5586         1.35748 
         4.9824         28.4373         1.34896 
        4.99465         28.2293         1.34053 
        5.00694         28.1183         1.33215 
        5.01922         27.9288         1.32384 
        5.03149         27.7361         1.31561 
        5.04375         27.5821         1.30746 
        5.05603         27.4236         1.29937 
        5.06831         27.3421         1.29134 
        5.08057         27.1501         1.28339 
        5.09283         26.9887         1.27552 
         5.1051         26.8856          1.2677 
        5.11739         26.6941         1.25993 
        5.12966         26.5886         1.25224 
        5.14192         26.4315         1.24463 
        5.15418         26.2353         1.23707 
        5.16646         26.1701         1.22957 
        5.17875         26.0363         1.22213 
        5.19102          25.875         1.21475 
        5.20328         25.7249         1.20744 
        5.21556         25.6143         1.20019 
        5.22784         25.4282         1.19299 
        5.24012         25.2964         1.18586 
        5.25238         25.1754         1.17879 
        5.26464         25.0463         1.17177 
        5.27692         24.9367         1.16481 
        5.28918         24.7662         1.15791 
        5.30145          24.668         1.15107 
        5.31371         24.5444         1.14428 
          5.326         24.4049         1.13753 
        5.33829         24.2599         1.13084 
        5.35055         24.1177         1.12422 
        5.36282         23.9894         1.11764 
         5.3751         23.8851         1.11112 
        5.38736         23.7339         1.10465 
        5.39962         23.6038         1.09824 
         5.4119          23.472         1.09186 
        5.42419         23.3902         1.08553 
        5.43645         23.2657         1.07927 
        5.44872         23.1149         1.07305 
        5.46099         22.9649         1.06688 
        5.47326         22.8841         1.06076 
        5.48552         22.7542         1.05469 
        5.49779         22.6289         1.04867 
        5.51008         22.5493         1.04268 
        5.52237         22.4018         1.03674 
        5.53464         22.3038         1.03086 
         5.5469          22.166         1.02502 
        5.55918          22.037         1.01923 
        5.57145         21.9703         1.01348 
        5.58371         21.8169         1.00778 
        5.59596         21.7341         1.00213 
        5.60824         21.6194        0.996506 
        5.62053         21.5009        0.990923 
         5.6328         21.4391        0.985395 
        5.64507         21.2868        0.979909 
        5.65734           21.19        0.974462 
        5.66962         21.0864        0.969055 
        5.68189         20.9711        0.963689 
        5.69415         20.8724        0.958371 
        5.70643         20.7742        0.953086 
        5.71871         20.6558        0.947843 
        5.73098         20.5453        0.942641 
        5.74325         20.4587        0.937479 
        5.75551         20.3392        0.932357 
        5.76779         20.2286        0.927269 
        5.78006         20.1547        0.922222 
        5.79233         20.0425        0.917211 
        5.80461          19.929        0.912237 
        5.81688         19.8325        0.907301 
        5.82916         19.7256        0.902403 
        5.84141         19.6448        0.897546 
        5.85369         19.5367         0.89272 
        5.86596         19.4419        0.887932 
        5.87821         19.3176        0.883185 
        5.89048         19.2827        0.878466 
        5.90275         19.1642         0.87378 
        5.91504         19.0799        0.869123 
        5.92733         18.9889          0.8645 
         5.9396         18.9142        0.859921 
        5.95187         18.7958         0.85537 
        5.96415         18.6915        0.850852 
        5.97642         18.6024        0.846371 
        5.98868         18.5276        0.841922 
        6.00096         18.4298        0.837503 
        6.01324         18.3504        0.833114 
         6.0255         18.2143        0.828764 
        6.03777         18.1565        0.824444 
        6.05005         18.0619        0.820147 
        6.06233         17.9958        0.815883 
        6.07458         17.8995         0.81166 
        6.08685         17.8145        0.807462 
        6.09914         17.7154        0.803285 
        6.11141         17.6577        0.799144 
        6.12366         17.5643         0.79504 
        6.13593         17.4757        0.790959 
        6.14822         17.3981        0.786898 
        6.16049         17.2989        0.782873 
        6.17274         17.2268        0.778884 
        6.18501         17.1183        0.774916 
         6.1973         17.0524        0.770968 
        6.20959         16.9703        0.767049 
        6.22186         16.8962        0.763165 
        6.23412         16.7943        0.759308 
        6.24639          16.739        0.755475 
        6.25867         16.6631        0.751667 
        6.27094         16.5744        0.747888 
        6.28319         16.4731         0.74414 
        6.29547         16.4208         0.74041 
        6.30776         16.3179        0.736701 
        6.32002         16.2648        0.733025 
        6.33229         16.1989        0.729375 
        6.34456         16.0898        0.725746 
        6.35684         16.0373        0.722142 
         6.3691         15.9436        0.718565 
        6.38137         15.8743        0.715012 
        6.39365         15.8136        0.711479 
        6.40593         15.7248        0.707968 
         6.4182          15.658        0.704484 
        6.43048         15.5794        0.701022 
        6.44275         15.5029        0.697584 
        6.45501         15.4298        0.694174 
        6.46726         15.3691        0.690785 
        6.47954         15.2844        0.687414 
        6.49181         15.2261        0.684066 
        6.50409         15.1608        0.680738 
        6.51637         15.0853        0.677433 
        6.52864         15.0207         0.67415 
        6.54092         14.9464        0.670889 
        6.55319         14.8622        0.667648 
        6.56546         14.7981        0.664429 
        6.57773         14.7261        0.661231 
           6.59         14.6607        0.658054 
        6.60227          14.596        0.654898 
        6.61454         14.5516         0.65176 
        6.62681         14.4737        0.648645 
        6.63908           14.39        0.645549 
        6.65136         14.3121         0.64247 
        6.66363         14.2525        0.639411 
        6.67589         14.2156        0.636375 
        6.68817         14.1223        0.633353 
        6.70045         14.0706        0.630352 
        6.71272         14.0165        0.627372 
        6.72499         13.9391        0.624407 
        6.73727         13.8774        0.621462 
        6.74954         13.8157        0.618535 
        6.76181         13.7496        0.615628 
        6.77408         13.6841         0.61274 
        6.78635         13.6432        0.609867 
        6.79863         13.5701        0.607012 
         6.8109         13.5177        0.604176 
        6.82317         13.4493        0.601358 
        6.83544         13.3886        0.598557 
         6.8477         13.3104        0.595775 
        6.85997         13.2849         0.59301 
        6.87224         13.2229        0.590262 
        6.88451         13.1605        0.587529 
         6.8968         13.0996         0.58481 
        6.90907         13.0345        0.582114 
        6.92133         12.9769        0.579435 
        6.93362         12.9215        0.576767 
         6.9459          12.857        0.574117 
        6.95816         12.8052         0.57149 
        6.97042         12.7505        0.568878 
         6.9827         12.6951        0.566278 
        6.99498         12.6319        0.563696 
        7.00725         12.5845        0.561131 
        7.01951         12.5056        0.558583 
        7.03179         12.4607         0.55605 
        7.04406         12.4046        0.553534 
        7.05631         12.3503        0.551036 
        7.06858            12.3        0.548552 
        7.08087         12.2519         0.54608 
        7.09315         12.1959        0.543624 
        7.10542         12.1201        0.541187 
        7.11768         12.0818        0.538767 
        7.12996         12.0327        0.536358 
        7.14224          11.977        0.533964 
        7.15451         11.9335        0.531589 
        7.16677         11.8617         0.52923 
        7.17904         11.8217        0.526883 
        7.19133         11.7786        0.524549 
         7.2036         11.7039        0.522232 
        7.21587         11.6656        0.519931 
        7.22813         11.6192        0.517646 
        7.24041         11.5596        0.515373 
        7.25268         11.5182        0.513116 
        7.26495           11.46        0.510874 
        7.27722         11.4063        0.508646 
        7.28951         11.3733        0.506429 
        7.30178         11.3122        0.504229 
        7.31404         11.2705        0.502046 
        7.32631         11.2064        0.499873 
        7.33858         11.1696        0.497717 
        7.35085         11.1279        0.495574 
        7.36312         11.0775        0.493445 
        7.37539          11.058        0.491329 
        7.38767         10.9813        0.489226 
        7.39994         10.9359        0.487137 
        7.41221         10.8917        0.485063 
        7.42449         10.8404        0.483001 
        7.43676          10.795        0.480953 
        7.44903         10.7574         0.47892 
        7.46129         10.7083          0.4769 
        7.47356         10.6511        0.474893 
        7.48584         10.6143        0.472897 
        7.49812         10.5767        0.470915 
        7.51039         10.5332        0.468947 
        7.52266          10.474        0.466991 
        7.53493         10.4399         0.46505 
        7.54719         10.3945        0.463121 
        7.55947         10.3505        0.461203 
        7.57175         10.3147        0.459298 
        7.58402         10.2558        0.457407 
        7.59628         10.2196        0.455528 
        7.60856         10.1762        0.453661 
        7.62084         10.1395        0.451805 
        7.63311         10.0993        0.449962 
        7.64537         10.0442        0.448132 
        7.65763         10.0115        0.446313 
        7.66991         9.96308        0.444503 
        7.68219         9.91993        0.442705 
        7.69446         9.87644        0.440919 
        7.70674         9.83713        0.439141 
        7.71902         9.79318        0.437373 
        7.73129         9.76132        0.435618 
        7.74355         9.71604        0.433875 
        7.75582         9.66827        0.432141 
         7.7681         9.64231        0.430415 
        7.78037          9.6019        0.428699 
        7.79264         9.56741        0.426993 
        7.80492         9.51206        0.425296 
        7.81719         9.47932        0.423608 
        7.82946         9.44035         0.42193 
        7.84171         9.39157        0.420263 
        7.85398         9.36489        0.418602 
        7.86626         9.31596        0.416948 
        7.87853         9.27721        0.415305 
         7.8908         9.24081        0.413669 
        7.90308         9.20848         0.41204 
        7.91536         9.17639         0.41042 
        7.92763         9.12837        0.408808 
        7.93991         9.10356        0.407203 
        7.95218         9.06549        0.405606 
        7.96444         9.01521        0.404018 
        7.97672         8.97845        0.402435 
        7.98899         8.94608         0.40086 
        8.00126         8.90987        0.399292 
        8.01354         8.86921        0.397729 
        8.02582         8.83064        0.396174 
        8.03807         8.80214        0.394627 
        8.05033         8.76989        0.393087 
        8.06262         8.73267         0.39155 
         8.0749         8.68664        0.390019 
        8.08717         8.66388        0.388497 
        8.09943         8.62451         0.38698 
         8.1117         8.58067        0.385468 
        8.12398         8.55529        0.383962 
        8.13625         8.52986        0.382462 
        8.14852           8.482        0.380967 
         8.1608         8.44861        0.379476 
        8.17308          8.4119         0.37799 
        8.18534         8.38943        0.376512 
         8.1976         8.33731        0.375039 
        8.20987         8.32217         0.37357 
        8.22215         8.28893        0.372104 
        8.23442         8.25429        0.370644 
        8.24668         8.22389         0.36919 
        8.25895         8.18282        0.367739 
        8.27123         8.15733        0.366291 
        8.28351         8.11881        0.364847 
        8.29579         8.09187        0.363408 
        8.30806         8.05496        0.361974 
        8.32033          8.0205        0.360543 
         8.3326         7.98716        0.359117 
        8.34486            7.96        0.357694 
        8.35714         7.93587        0.356275 
        8.36942         7.90157        0.354858 
        8.38169           7.862        0.353446 
        8.39396          7.8407        0.352037 
        8.40624         7.81049         0.35063 
        8.41851         7.77208        0.349228 
        8.43077         7.74185         0.34783 
        8.44305         7.72121        0.346433 
        8.45532          7.6776        0.345038 
        8.46759         7.65026        0.343648 
        8.47986         7.62762         0.34226 
        8.49213         7.59721        0.340875 
        8.50441         7.56437         0.34076 
        8.51668         7.53351        0.341232 
        8.52895          7.5044        0.341703 
        8.54121         7.47776        0.342175 
        8.55349          7.4442        0.342647 
        8.56577         7.41369        0.343119 
        8.57804          7.3913        0.343591 
         8.5903         7.36048        0.344063 
        8.60258         7.33368        0.344535 
        8.61486         7.30637        0.345007 
        8.62713         7.27503        0.345479 
        8.63939         7.24724         0.34595 
        8.65165         7.21742        0.346421 
        8.66394         7.18944        0.346894 
        8.67621         7.16644        0.347365 
        8.68848         7.13301        0.347837 
        8.70076         7.11434        0.348309 
        8.71304         7.08679        0.348781 
         8.7253         7.05582        0.349252 
        8.73757         7.02614        0.349723 
        8.74985         6.99644        0.350195 
        8.76213         6.98193        0.350667 
        8.77439         6.94807        0.351138 
        8.78665         6.91641        0.351609 
        8.79892         6.89018        0.352081 
         8.8112          6.8721        0.352552 
        8.82347         6.84058        0.353023 
        8.83572         6.81569        0.353494 
          8.848          6.7872        0.353965 
        8.86028         6.76363        0.354437 
        8.87256         6.73677        0.354909 
        8.88483         6.71094         0.35538 
         8.8971         6.68512        0.355851 
        8.90939         6.66376        0.356323 
        8.92165          6.6368        0.356794 
        8.93391         6.60938        0.357264 
        8.94619         6.58791        0.357736 
        8.95847         6.55981        0.358207 
        8.97073         6.53322        0.358678 
          8.983         6.51035        0.359149 
        8.99528         6.48267         0.35962 
        9.00756         6.46461        0.360091 
        9.01982         6.43417        0.360562 
        9.03208         6.41939        0.361032 
        9.04437         6.38068        0.361504 
        9.05664         6.36422        0.361975 
         9.0689         6.33083        0.362445 
        9.08118         6.31864        0.362916 
        9.09345         6.29353        0.363387 
        9.10573          6.2659        0.363858 
          9.118          6.2406        0.364329 
        9.13026         6.21839        0.364799 
        9.14254         6.19984         0.36527 
        9.15482         6.17752        0.365741 
        9.16709         6.14994        0.366211 
        9.17936         6.12542        0.366682 
        9.19164         6.10668        0.367153 
         9.2039         6.08735        0.367623 
        9.21617         6.05838        0.368093 
        9.22844         6.04328        0.368564 
        9.24071         6.01345        0.369034 
        9.25299         5.99381        0.369505 
        9.26526         5.97411        0.369975 
        9.27753         5.94528        0.370446 
        9.28981         5.92703        0.370916 
        9.30208         5.90515        0.371387 
        9.31434         5.88474        0.371857 
        9.32662         5.86222        0.372327 
        9.33889         5.84131        0.372798 
        9.35115         5.82137        0.373267 
        9.36343         5.79875        0.373738 
        9.37571         5.78265        0.374208 
        9.38798         5.75874        0.374679 
        9.40024         5.72861        0.375148 
        9.41251         5.71718        0.375618 
        9.42479          5.6932        0.376089 
        9.43706         5.67315        0.376559 
        9.44934          5.6526        0.377029 
        9.46161         5.62814        0.377499 
        9.47388         5.60875        0.377969 
        9.48615         5.59233        0.378439 
        9.49843         5.56758         0.37891 
         9.5107         5.54622        0.379379 
        9.52296         5.53092        0.379849 
        9.53524         5.51245        0.380319 
        9.54752          5.4927        0.380789 
        9.55978         5.46591        0.381259 
        9.57205         5.44908        0.381728 
        9.58433         5.42668        0.382198 
         9.5966         5.41203        0.382668 
        9.60886         5.38854        0.383137 
        9.62113         5.37162        0.383607 
        9.63341         5.34969        0.384077 
        9.64569         5.33213        0.384547 
        9.65796         5.30751        0.385017 
        9.67022          5.2902        0.385486 
         9.6825         5.27274        0.385956 
        9.69478         5.25311        0.386426 
        9.70704         5.23812        0.386895 
        9.71931         5.22066        0.387364 
        9.73158         5.19591        0.387834 
        9.74386         5.18198        0.388304 
        9.75613          5.1579        0.388773 
         9.7684         5.14076        0.389242 
        9.78068         5.12557        0.389712 
        9.79295         5.10343        0.390181 
        9.80522         5.08495        0.390651 
        9.81748         5.06659         0.39112 
        9.82975         5.05369        0.391589 
        9.84203          5.0267        0.392059 
        9.85431         5.01295        0.392528 
        9.86657         4.99356        0.392997 
        9.87885         4.97774        0.393466 
        9.89113          4.9651        0.393936 
         9.9034         4.94601        0.394405 
        9.91567         4.92513        0.394874 
        9.92794         4.91034        0.395343 
        9.94022         4.89112        0.395813 
        9.95249         4.87286        0.396282 
        9.96475         4.86239        0.396751 
        9.97702         4.84479         0.39722 
         9.9893         4.82655        0.397689 
        10.0016         4.80439        0.398157 
        10.0138         4.78979        0.398626 
        10.0261         4.77309        0.399095 
        10.0384         4.75989        0.399564 
        10.0507         4.73607        0.400034 
        10.0629         4.72049        0.400502 
        10.0752         4.70835        0.400971 
        10.0875         4.68938         0.40144 
        10.0997         4.67291        0.401909 
         10.112         4.65166        0.402378 
        10.1243          4.6382        0.402847 
        10.1366         4.62534        0.403316 
        10.1488         4.60618        0.403784 
        10.1611           4.588        0.404252 
        10.1734         4.57555        0.404721 
        10.1856         4.55972         0.40519 
        10.1979         4.54409        0.405659 
        10.2102         4.52865        0.406127 
        10.2225         4.51487        0.406595 
        10.2347         4.49592        0.407064 
         10.247          4.4785        0.407533 
        10.2593         4.46701        0.408001 
        10.2715         4.44703         0.40847 
        10.2838         4.43173        0.408939 
        10.2961         4.41918        0.409407 
        10.3084         4.40643        0.409875 
        10.3206          4.3902        0.410344 
        10.3329         4.37623        0.410812 
        10.3452         4.36287         0.41128 
        10.3574         4.34442        0.411749 
        10.3697         4.33216        0.412217 
         10.382         4.31797        0.412686 
        10.3943         4.30197        0.413154 
        10.4065         4.28253        0.413622 
        10.4188         4.26808         0.41409 
        10.4311         4.25745        0.414559 
        10.4434         4.23863        0.415027 
        10.4556         4.22382        0.415495 
        10.4679         4.21179        0.415963 
        10.4802         4.19617        0.416431 
        10.4924         4.18344        0.416899 
        10.5047         4.16722        0.417367 
         10.517         4.15292        0.417836 
        10.5293         4.13945        0.418304 
        10.5415         4.12451        0.418772 
        10.5538         4.11095         0.41924 
        10.5661         4.09824        0.419707 
        10.5783         4.08052        0.420175 
        10.5906         4.06724        0.420643 
        10.6029         4.05746        0.421111 
        10.6151         4.04077        0.421579 
        10.6274         4.03298        0.422047 
        10.6397         4.01538        0.422515 
         10.652         4.00165        0.422983 
        10.6643         3.98838        0.423451 
        10.6765         3.97609        0.423918 
        10.6888         3.96071        0.424386 
        10.7011         3.95182        0.424854 
        10.7133         3.93562        0.425322 
        10.7256         3.92265        0.425789 
        10.7379         3.91028        0.426257 
        10.7501         3.89578        0.426724 
        10.7624         3.88596        0.427192 
        10.7747         3.87051         0.42766 
         10.787         3.86125        0.428127 
        10.7992         3.84354        0.428594 
        10.8115         3.83302        0.429062 
        10.8238         3.82008         0.42953 
        10.8361         3.80671        0.429998 
        10.8483         3.79131        0.430465 
        10.8606         3.78144        0.430933 
        10.8729         3.76665          0.4314 
        10.8851         3.75335        0.431867 
        10.8974         3.74484        0.432335 
        10.9097         3.72966        0.432802 
         10.922          3.7188         0.43327 
        10.9342         3.70182        0.433737 
        10.9465          3.6942        0.434204 
        10.9588         3.68195        0.434671 
         10.971         3.67076        0.435138 
        10.9833         3.65674        0.435605 
        10.9956         3.64089        0.436073 
        11.0079         3.63432         0.43654 
        11.0201          3.6212        0.437008 
        11.0324         3.60744        0.437475 
        11.0447         3.59684        0.437942 
        11.0569         3.58569        0.438409 
        11.0692         3.57461        0.438876 
        11.0815         3.56376        0.439343 
        11.0938         3.55087         0.43981 
         11.106         3.53413        0.440277 
        11.1183         3.52627        0.440744 
        11.1306         3.51718        0.441211 
        11.1429         3.50329        0.441678 
        11.1551         3.49312        0.442146 
        11.1674         3.48118        0.442612 
        11.1797         3.46793        0.443079 
        11.1919         3.45745        0.443546 
        11.2042         3.44532        0.444013 
        11.2165          3.4365         0.44448 
        11.2288         3.42383        0.444947 
         11.241         3.41362        0.445413 
        11.2533         3.40329         0.44588 
        11.2656         3.38731        0.446347 
        11.2778         3.37772        0.446814 
        11.2901         3.36922         0.44728 
        11.3024         3.35889        0.447747 
        11.3147         3.34771        0.448214 
        11.3269         3.33688         0.44868 
        11.3392         3.32638        0.449147 
        11.3515         3.31391        0.449614 
        11.3637         3.30438         0.45008 
         11.376         3.29237        0.450547 
        11.3883         3.28136        0.451013 
        11.4006         3.27438         0.45148 
        11.4128         3.26052        0.451947 
        11.4251         3.25274        0.452413 
        11.4374         3.24104         0.45288 
        11.4496         3.22974        0.453346 
        11.4619         3.22061        0.453813 
        11.4742         3.21043        0.454279 
        11.4864         3.19978        0.454745 
        11.4987         3.19014        0.455212 
         11.511         3.17965        0.455678 
        11.5233         3.16945        0.456145 
        11.5355         3.15812        0.456611 
        11.5478         3.14723        0.457077 
        11.5601         3.13702        0.457544 
        11.5724           3.131         0.45801 
        11.5846         3.11794        0.458476 
        11.5969         3.10818        0.458942 
        11.6092         3.09816        0.459409 
        11.6215         3.08825        0.459875 
        11.6337         3.07951        0.460341 
         11.646         3.06868        0.460807 
        11.6583         3.05899        0.461274 
        11.6705         3.04978        0.461739 
        11.6828         3.04156        0.462205 
        11.6951         3.02927        0.462672 
        11.7074         3.02384        0.463138 
        11.7196         3.01127        0.463604 
        11.7319         3.00205         0.46407 
        11.7442         2.99167        0.464536 
        11.7564         2.98154        0.465001 
        11.7687          2.9739        0.465467 
         11.781         2.96346        0.465933 
        11.7932         2.95769        0.466399 
        11.8055          2.9457        0.466865 
        11.8178         2.93796        0.467331 
        11.8301         2.92475        0.467797 
        11.8423         2.91984        0.468263 
        11.8546         2.90902        0.468729 
        11.8669         2.90035        0.469195 
        11.8792          2.8894         0.46966 
        11.8914         2.88217        0.470126 
        11.9037         2.87441        0.470592 
         11.916         2.86266        0.471058 
        11.9282         2.85551        0.471523 
        11.9405         2.84602        0.471989 
        11.9528         2.83852        0.472455 
        11.9651         2.83036         0.47292 
        11.9773          2.8162        0.473386 
        11.9896         2.81099        0.473852 
        12.0019         2.80408        0.474317 
        12.0141         2.79329        0.474783 
        12.0264         2.78417        0.475248 
        12.0387         2.77632        0.475714 
         12.051         2.76606        0.476179 
        12.0632         2.75797        0.476645 
        12.0755          2.7494         0.47711 
        12.0878         2.74097        0.477575 
        12.1001         2.73364        0.478041 
        12.1123         2.72501        0.478507 
        12.1246         2.71654        0.478972 
        12.1369         2.70985        0.479438 
        12.1491          2.7001        0.479903 
        12.1614         2.69208        0.480368 
        12.1737         2.68303        0.480833 
         12.186         2.67463        0.481299 
        12.1982         2.66845        0.481764 
        12.2105         2.65807        0.482229 
        12.2228          2.6512        0.482695 
         12.235         2.64204         0.48316 
        12.2473         2.63485        0.483625 
        12.2596         2.62526         0.48409 
        12.2719          2.6177        0.484555 
        12.2841         2.61212        0.485021 
        12.2964          2.6043        0.485486 
        12.3087         2.59416        0.485951 
        12.3209         2.58758        0.486416 
        12.3332         2.57829        0.486881 
        12.3455         2.57311        0.487346 
        12.3577         2.56341        0.487811 
          12.37           2.556        0.488276 
        12.3823         2.54738        0.488741 
        12.3946         2.54061        0.489206 
        12.4068         2.53308        0.489671 
        12.4191         2.52578        0.490136 
        12.4314         2.51572        0.490601 
        12.4437         2.50886        0.491066 
        12.4559         2.50264        0.491531 
        12.4682         2.49342        0.491996 
        12.4805          2.4855        0.492461 
        12.4928         2.47789        0.492926 
         12.505         2.47274        0.493391 
        12.5173         2.46688        0.493855 
        12.5296          2.4571         0.49432 
        12.5418         2.44999        0.494785 
        12.5541         2.44225        0.495249 
        12.5664         2.43512        0.495714 
        12.5787         2.42811        0.496179 
        12.5909         2.42063        0.496644 
        12.6032         2.41428        0.497109 
        12.6155         2.40587        0.497573 
        12.6277         2.39954        0.498038 
          12.64         2.39141        0.498502 
        12.6523         2.38411        0.498967 
        12.6646         2.37769        0.499432 
        12.6768         2.37057        0.499896 
        12.6891         2.36221        0.500361 
        12.7014         2.35483        0.500826 
        12.7136         2.34932         0.50129 
        12.7259         2.34055        0.501754 
        12.7382         2.33523        0.502219 
        12.7505         2.32882        0.502683 
        12.7627         2.32108        0.503147 
         12.775         2.31546        0.503612 
        12.7873         2.30763        0.504076 
        12.7995         2.30204        0.504541 
        12.8118         2.29343        0.505005 
        12.8241         2.28798         0.50547 
        12.8364         2.28093        0.505934 
        12.8486         2.27394        0.506398 
        12.8609         2.26832        0.506863 
        12.8732         2.25968        0.507327 
        12.8855         2.25415        0.507791 
        12.8977         2.24756        0.508256 
          12.91          2.2417         0.50872 
        12.9223         2.23416        0.509184 
        12.9345         2.22783        0.509648 
        12.9468         2.22305        0.510112 
        12.9591         2.21529        0.510576 
        12.9713         2.20804         0.51104 
        12.9836         2.20442        0.511505 
        12.9959         2.19536        0.511969 
        13.0082         2.18885        0.512433 
        13.0204         2.18211        0.512897 
        13.0327         2.17722        0.513361 
         13.045          2.1697        0.513825 
        13.0572         2.16259        0.514289 
        13.0695         2.15849        0.514753 
        13.0818         2.15149        0.515217 
        13.0941         2.14559        0.515681 
        13.1063         2.13789        0.516145 
        13.1186         2.13348        0.516609 
        13.1309          2.1268        0.517073 
        13.1432         2.12031        0.517537 
        13.1554         2.11538        0.518001 
        13.1677         2.10938        0.518465 
          13.18         2.10038        0.518929 
        13.1922         2.09685        0.519392 
        13.2045         2.09153        0.519856 
        13.2168          2.0856         0.52032 
        13.2291         2.07819        0.520784 
        13.2413         2.07387        0.521248 
        13.2536         2.06717        0.521711 
        13.2659         2.06187        0.522175 
        13.2781         2.05584        0.522639 
        13.2904         2.04809        0.523102 
        13.3027         2.04389        0.523566 
         13.315          2.0385         0.52403 
        13.3272         2.03184        0.524494 
        13.3395         2.02608        0.524957 
        13.3518          2.0201         0.52542 
         13.364         2.01431        0.525884 
        13.3763          2.0083        0.526348 
        13.3886         2.00237        0.526812 
        13.4009         1.99719        0.527275 
        13.4131         1.99222        0.527739 
        13.4254         1.98668        0.528202 
        13.4377         1.98203        0.528665 
        13.4499         1.97607        0.529129 
        13.4622          1.9697        0.529593 
        13.4745         1.96412        0.530056 
        13.4868         1.95927         0.53052 
         13.499         1.95452        0.530983 
        13.5113         1.94742        0.531446 
        13.5236         1.94322         0.53191 
        13.5359         1.93709        0.532373 
        13.5481         1.93126        0.532836 
        13.5604         1.92641        0.533299 
        13.5727         1.92093        0.533763 
        13.5849         1.91544        0.534226 
        13.5972         1.91036        0.534689 
        13.6095          1.9056        0.535153 
        13.6218          1.8986        0.535616 
         13.634         1.89458         0.53608 
        13.6463         1.88885        0.536542 
        13.6586         1.88351        0.537006 
        13.6709         1.87911        0.537469 
        13.6831         1.87213        0.537932 
        13.6954         1.86845        0.538395 
        13.7077         1.86313        0.538858 
        13.7199         1.85716        0.539321 
        13.7322         1.85235        0.539784 
        13.7445         1.84814        0.540247 
        13.7567         1.84083         0.54071 
         13.769         1.83655        0.541174 
        13.7813          1.8319        0.541637 
        13.7936         1.82625          0.5421 
        13.8058         1.82281        0.542563 
        13.8181         1.81724        0.543026 
        13.8304         1.81209        0.543488 
        13.8427         1.80704        0.543951 
        13.8549         1.80242        0.544415 
        13.8672         1.79736        0.544878 
        13.8795         1.79206         0.54534 
        13.8917          1.7863        0.545803 
         13.904         1.78222        0.546266 
        13.9163         1.77633        0.546729 
        13.9286         1.77209        0.547192 
        13.9408          1.7673        0.547654 
        13.9531         1.76385        0.548117 
        13.9654         1.75775         0.54858 
        13.9776         1.75344        0.549043 
        13.9899         1.74917        0.549506 
        14.0022         1.74432        0.549968 
        14.0145         1.73965        0.550431 
        14.0267         1.73536        0.550893 
         14.039          1.7306        0.551356 
        14.0513         1.72533        0.551819 
        14.0635         1.72032        0.552282 
        14.0758         1.71595        0.552745 
        14.0881          1.7113        0.553207 
        14.1004          1.7065         0.55367 
        14.1126         1.70291        0.554132 
        14.1249         1.69801        0.554595 
        14.1372         1.69315        0.555057 
        14.1494          1.6885        0.555519 
        14.1617         1.68469        0.555982 
         14.174         1.68021        0.556445 
        14.1863         1.67515        0.556907 
        14.1985         1.67185         0.55737 
        14.2108           1.666        0.557832 
        14.2231         1.66234        0.558295 
        14.2353         1.65793        0.558757 
        14.2476         1.65367        0.559219 
        14.2599         1.64905        0.559682 
        14.2722         1.64461        0.560145 
        14.2844         1.64042        0.560607 
        14.2967         1.63617        0.561069 
         14.309         1.63106        0.561532 
        14.3213         1.62701        0.561994 
        14.3335           1.623        0.562456 
        14.3458         1.61857        0.562919 
        14.3581         1.61406        0.563381 
        14.3703         1.60956        0.563843 
        14.3826         1.60678        0.564305 
        14.3949         1.60162        0.564767 
        14.4072         1.59851         0.56523 
        14.4194         1.59393        0.565692 
        14.4317         1.58936        0.566154 
         14.444         1.58462        0.566616 
        14.4562         1.58085        0.567078 
        14.4685         1.57633         0.56754 
        14.4808         1.57285        0.568002 
        14.4931          1.5688        0.568464 
        14.5053         1.56437        0.568927 
        14.5176         1.55943        0.569389 
        14.5299          1.5565         0.56985 
        14.5421         1.55268        0.570312 
        14.5544         1.54848        0.570775 
        14.5667         1.54417        0.571237 
         14.579          1.5407        0.571699 
        14.5912         1.53657        0.572161 
        14.6035         1.53265        0.572623 
        14.6158          1.5294        0.573085 
         14.628         1.52472        0.573546 
        14.6403         1.52052        0.574009 
        14.6526         1.51786         0.57447 
        14.6649         1.51314        0.574932 
        14.6771         1.50897        0.575394 
        14.6894         1.50465        0.575856 
        14.7017         1.50231        0.576318 
        14.7139         1.49856        0.576779 
        14.7262         1.49367        0.577241 
        14.7385          1.4899        0.577703 
        14.7508         1.48645        0.578165 
         14.763         1.48257        0.578627 
        14.7753         1.47798        0.579088 
        14.7876         1.47549         0.57955 
        14.7999         1.47145        0.580012 
        14.8121         1.46793        0.580474 
        14.8244         1.46428        0.580935 
        14.8367         1.46019        0.581397 
        14.8489         1.45695        0.581859 
        14.8612         1.45246         0.58232 
        14.8735         1.44828        0.582782 
        14.8858         1.44519        0.583243 
         14.898          1.4418        0.583705 
        14.9103         1.43871        0.584166 
        14.9226         1.43384        0.584628 
        14.9348         1.43058        0.585089 
        14.9471         1.42702        0.585551 
        14.9594          1.4242        0.586013 
        14.9717         1.42052        0.586474 
        14.9839          1.4168        0.586936 
        14.9962         1.41263        0.587397 
        15.0085         1.41095        0.587859 
        15.0207         1.40524         0.58832 
         15.033         1.40267        0.588781 
        15.0453         1.39977        0.589243 
        15.0576         1.39578        0.589704 
        15.0698         1.39235        0.590165 
        15.0821         1.38927        0.590627 
        15.0944           1.386        0.591088 
        15.1067         1.38221         0.59155 
        15.1189         1.37847        0.592011 
        15.1312         1.37472        0.592472 
        15.1435          1.3719        0.592933 
        15.1557         1.36926        0.593395 
         15.168         1.36622        0.593856 
        15.1803         1.36233        0.594317 
        15.1926         1.35847        0.594779 
        15.2048         1.35602         0.59524 
        15.2171         1.35228        0.595701 
        15.2294         1.34879        0.596162 
        15.2416         1.34558        0.596623 
        15.2539         1.34268        0.597084 
        15.2662         1.33916        0.597546 
        15.2785         1.33548        0.598007 
        15.2907         1.33281        0.598468 
         15.303         1.33002        0.598929 
        15.3153         1.32641         0.59939 
        15.3275         1.32343        0.599851 
        15.3398         1.31909        0.600312 
        15.3521         1.31581        0.600773 
        15.3644         1.31361        0.601234 
        15.3766         1.31014        0.601695 
        15.3889         1.30732        0.602156 
        15.4012         1.30499        0.602617 
        15.4134         1.30136        0.603078 
        15.4257         1.29874        0.603539 
         15.438         1.29535           0.604 
        15.4503         1.29145        0.604461 
        15.4625         1.28969        0.604922 
        15.4748         1.28592        0.605383 
        15.4871         1.28191        0.605843 
        15.4994          1.2797        0.606304 
        15.5116         1.27696        0.606765 
        15.5239         1.27328        0.607226 
        15.5362         1.27134        0.607687 
        15.5484         1.26815        0.608148 
        15.5607         1.26511        0.608608 
         15.573         1.26254        0.609069 
        15.5853          1.2591         0.60953 
        15.5975         1.25665        0.609991 
        15.6098         1.25344        0.610451 
        15.6221          1.2508        0.610912 
        15.6343         1.24831        0.611373 
        15.6466         1.24451        0.611834 
        15.6589         1.24179        0.612294 
        15.6712         1.23932        0.612755 
        15.6834         1.23564        0.613215 
        15.6957         1.23271        0.613676 
         15.708         1.23051        0.614136 
        15.7202         1.22729        0.614597 
        15.7325          1.2251        0.615058 
        15.7448           1.222        0.615518 
        15.7571         1.21912        0.615979 
        15.7693         1.21692        0.616439 
        15.7816         1.21423          0.6169 
        15.7939         1.21097         0.61736 
        15.8061          1.2083        0.617821 
        15.8184          1.2051        0.618281 
        15.8307         1.20287        0.618742 
         15.843          1.1998        0.619202 
        15.8552         1.19708        0.619663 
        15.8675         1.19426        0.620123 
        15.8798         1.19257        0.620584 
         15.892         1.18924        0.621044 
        15.9043         1.18653        0.621504 
        15.9166         1.18457        0.621965 
        15.9289         1.18157        0.622425 
        15.9411         1.17926        0.622885 
        15.9534         1.17588        0.623346 
        15.9657         1.17335        0.623806 
         15.978         1.17142        0.624266 
        15.9902         1.16865        0.624727 
        16.0025          1.1665        0.625187 
        16.0148         1.16328        0.625647 
         16.027         1.16065        0.626108 
        16.0393         1.15855        0.626568 
        16.0516         1.15539        0.627028 
        16.0639          1.1524        0.627488 
        16.0761         1.15101        0.627948 
        16.0884         1.14786        0.628408 
        16.1007         1.14554        0.628868 
        16.1129         1.14285        0.629329 
        16.1252          1.1403        0.629789 
        16.1375         1.13777        0.630249 
        16.1498         1.13543        0.630709 
         16.162         1.13333        0.631169 
        16.1743         1.13043        0.631629 
        16.1866         1.12857        0.632089 
        16.1988         1.12667        0.632549 
        16.2111         1.12328        0.633009 
        16.2234         1.12166        0.633469 
        16.2357         1.11949        0.633929 
        16.2479         1.11612        0.634389 
        16.2602         1.11483        0.634849 
        16.2725         1.11167        0.635309 
        16.2847         1.10974        0.635769 
         16.297         1.10716        0.636229 
        16.3093         1.10463        0.636689 
        16.3216         1.10317        0.637149 
        16.3338         1.10079        0.637609 
        16.3461         1.09788        0.638069 
        16.3584         1.09538        0.638529 
        16.3707          1.0934        0.638989 
        16.3829         1.09129        0.639448 
        16.3952          1.0888        0.639908 
        16.4075         1.08644        0.640368 
        16.4197         1.08495        0.640828 
         16.432         1.08262        0.641287 
        16.4443         1.08035        0.641747 
        16.4566         1.07792        0.642207 
        16.4688         1.07549        0.642667 
        16.4811         1.07368        0.643126 
        16.4934         1.07193        0.643586 
        16.5056         1.06936        0.644046 
        16.5179         1.06721        0.644505 
        16.5302         1.06455        0.644965 
        16.5425         1.06274        0.645425 
        16.5547          1.0604        0.645885 
         16.567         1.05877        0.646344 
        16.5793          1.0563        0.646804 
        16.5915         1.05482        0.647263 
        16.6038         1.05255        0.647723 
        16.6161            1.05        0.648183 
        16.6284         1.04885        0.648642 
        16.6406         1.04623        0.649101 
        16.6529         1.04333        0.649561 
        16.6652         1.04168        0.650021 
        16.6774         1.04002         0.65048 
        16.6897         1.03803        0.650939 
         16.702         1.03625        0.651399 
        16.7143         1.03406        0.651858 
        16.7265         1.03179        0.652318 
        16.7388         1.02949        0.652777 
        16.7511         1.02829        0.653237 
        16.7633         1.02646        0.653696 
        16.7756         1.02405        0.654156 
        16.7879         1.02165        0.654615 
        16.8002          1.0207        0.655074 
        16.8124         1.01895        0.655534 
        16.8247         1.01724        0.655993 
         16.837          1.0144        0.656452 
        16.8493         1.01288        0.656912 
        16.8615         1.01083        0.657371 
        16.8738         1.00899        0.657831 
        16.8861         1.00676         0.65829 
        16.8983         1.00522        0.658749 
        16.9106         1.00394        0.659208 
        16.9229          1.0013        0.659668 
        16.9352        0.999392        0.660127 
        16.9474         0.99768        0.660586 
        16.9597        0.996446        0.661045 
         16.972        0.994282        0.661504 
        16.9842        0.992342        0.661963 
        16.9965        0.990413        0.662423 
        17.0088         0.98846        0.662882 
        17.0211        0.987064        0.663341 
        17.0333        0.985422          0.6638 
        17.0456        0.983779        0.664259 
        17.0579        0.982447        0.664718 
        17.0701        0.979689        0.665177 
        17.0824        0.978394        0.665636 
        17.0947        0.976972        0.666095 
         17.107        0.974886        0.666554 
        17.1192        0.973505        0.667013 
        17.1315        0.971172        0.667472 
        17.1438         0.96982        0.667931 
         17.156        0.968169         0.66839 
        17.1683        0.966186        0.668849 
        17.1806        0.964787        0.669308 
        17.1929        0.963463        0.669767 
        17.2051        0.961549        0.670226 
        17.2174        0.959304        0.670685 
        17.2297        0.958626        0.671144 
         17.242        0.956893        0.671603 
        17.2542        0.955297        0.672062 
        17.2665         0.95374        0.672521 
        17.2788        0.952129        0.672979 
         17.291        0.950682        0.673438 
        17.3033        0.948903        0.673897 
        17.3156        0.946982        0.674356 
        17.3279        0.945683        0.674815 
        17.3401        0.944151        0.675274 
        17.3524        0.942814        0.675732 
        17.3647        0.940824        0.676191 
        17.3769        0.939458         0.67665 
        17.3892        0.938018        0.677109 
        17.4015        0.937028        0.677568 
        17.4138        0.934917        0.678026 
         17.426        0.933456        0.678485 
        17.4383         0.93151        0.678944 
        17.4506        0.930519        0.679402 
        17.4628        0.929942        0.679861 
        17.4751        0.927855        0.680319 
        17.4874        0.925928        0.680778 
        17.4997        0.924327        0.681237 
        17.5119        0.922996        0.681695 
        17.5242        0.921911        0.682154 
        17.5365        0.920818        0.682612 
        17.5488        0.919393        0.683071 
         17.561        0.917548         0.68353 
        17.5733        0.916109        0.683988 
        17.5856        0.915394        0.684447 
        17.5978        0.913591        0.684905 
        17.6101        0.912672        0.685364 
        17.6224        0.911002        0.685822 
        17.6346        0.909478        0.686281 
        17.6469        0.908192        0.686739 
        17.6592        0.906944        0.687197 
        17.6715        0.905662        0.687656 
        17.6837        0.904898        0.688114 
         17.696        0.903112        0.688573 
        17.7083        0.901912        0.689031 
        17.7205        0.900114         0.68949 
        17.7328        0.899522        0.689948 
        17.7451        0.898035        0.690407 
        17.7574        0.896231        0.690865 
        17.7696        0.895841        0.691323 
        17.7819        0.894402        0.691782 
        17.7942        0.893184         0.69224 
        17.8065        0.891594        0.692698 
        17.8187        0.890886        0.693156 
         17.831        0.889636        0.693615 
        17.8433        0.888282        0.694073 
        17.8555        0.887422        0.694531 
        17.8678        0.885935        0.694989 
        17.8801        0.884989        0.695448 
        17.8924        0.883835        0.695906 
        17.9046        0.883024        0.696364 
        17.9169        0.881357        0.696822 
        17.9292        0.881098        0.697281 
        17.9415          0.8796        0.697739 
        17.9537        0.878423        0.698197 
         17.966         0.87709        0.698655 
        17.9783        0.876044        0.699113 
        17.9905        0.874677        0.699571 
        18.0028        0.874353        0.700029 
        18.0151        0.872739        0.700487 
        18.0274         0.87134        0.700946 
        18.0396        0.870971        0.701404 
        18.0519        0.869605        0.701862 
        18.0642        0.868574         0.70232 
        18.0764        0.867927        0.702778 
        18.0887        0.866578        0.703236 
         18.101        0.865886        0.703694 
        18.1133        0.865204        0.704152 
        18.1255        0.863784         0.70461 
        18.1378         0.86305        0.705068 
        18.1501        0.862162        0.705525 
        18.1623         0.86073        0.705983 
        18.1746        0.859837        0.706442 
        18.1869        0.859267        0.706899 
        18.1992        0.858324        0.707357 
        18.2114        0.857364        0.707815 
        18.2237        0.856165        0.708273 
         18.236        0.855186        0.708731 
        18.2482        0.854601        0.709189 
        18.2605        0.853819        0.709647 
        18.2728        0.852653        0.710104 
        18.2851        0.851679        0.710562 
        18.2973        0.851012         0.71102 
        18.3096        0.849893        0.711478 
        18.3219        0.849019        0.711936 
        18.3342        0.848372        0.712394 
        18.3464        0.847595        0.712851 
        18.3587        0.847231        0.713309 
         18.371        0.846268        0.713767 
        18.3832        0.845167        0.714224 
        18.3955        0.844211        0.714682 
        18.4078        0.843533         0.71514 
        18.4201        0.843199        0.715598 
        18.4323        0.842324        0.716055 
        18.4446        0.841551        0.716513 
        18.4569        0.840707         0.71697 
        18.4691        0.840324        0.717428 
        18.4814         0.83949        0.717886 
        18.4937         0.83873        0.718343 
        18.5059        0.838174        0.718801 
        18.5182        0.837629        0.719258 
        18.5305        0.836328        0.719716 
        18.5428        0.835756        0.720173 
         18.555        0.835161        0.720631 
        18.5673        0.834835        0.721089 
        18.5796        0.834186        0.721546 
        18.5919        0.833334        0.722004 
        18.6041        0.833024        0.722461 
        18.6164        0.832177        0.722919 
        18.6287        0.831652        0.723376 
        18.6409        0.830953        0.723834 
        18.6532        0.830373        0.724291 
        18.6655        0.829682        0.724748 
        18.6778        0.829484        0.725206 
          18.69         0.82858        0.725664 
        18.7023        0.828169        0.726121 
        18.7146        0.827646        0.726578 
        18.7268        0.827217        0.727036 
        18.7391        0.826683        0.727493 
        18.7514        0.826715         0.72795 
        18.7637          0.8258        0.728408 
        18.7759        0.825197        0.728865 
        18.7882        0.824713        0.729323 
        18.8005        0.824303         0.72978 
        18.8127        0.823776        0.730237 
         18.825        0.823279        0.730694 
        18.8373        0.822745        0.731151 
        18.8496        0.822373        0.731609 
